# step cv h sig
0 -1.483269 0.239006 0.0500
100 -1.475600 0.223733 0.0500
200 -1.472112 0.210380 0.0500
300 -1.470989 0.198457 0.0500
400 -1.458635 0.190134 0.0500
500 -1.439943 0.188470 0.0500
600 -1.430072 0.184824 0.0500
700 -1.429870 0.175646 0.0500
800 -1.427497 0.168716 0.0500
900 -1.420964 0.165316 0.0500
1000 -1.401021 0.174377 0.0500
1100 -1.373839 0.192309 0.0500
1200 -1.359109 0.195560 0.0500
1300 -1.351772 0.191175 0.0500
1400 -1.342023 0.188736 0.0500
1500 -1.340869 0.179880 0.0500
1600 -1.333427 0.176406 0.0500
1700 -1.328905 0.171181 0.0500
1800 -1.320964 0.169094 0.0500
1900 -1.311636 0.168717 0.0500
2000 -1.299752 0.171245 0.0500
2100 -1.292904 0.169471 0.0500
2200 -1.302110 0.153864 0.0500
2300 -1.308372 0.142965 0.0500
2400 -1.303798 0.140431 0.0500
2500 -1.285063 0.150872 0.0500
2600 -1.263540 0.167938 0.0500
2700 -1.257422 0.167181 0.0500
2800 -1.278202 0.138771 0.0500
2900 -1.295062 0.121742 0.0500
3000 -1.283791 0.124838 0.0500
3100 -1.275103 0.127499 0.0500
3200 -1.298472 0.108636 0.0500
3300 -1.326208 0.102506 0.0500
3400 -1.310512 0.099642 0.0500
3500 -1.269306 0.120745 0.0500
3600 -1.270167 0.115898 0.0500
3700 -1.328265 0.094141 0.0500
3800 -1.385815 0.117608 0.0500
3900 -1.369085 0.106335 0.0500
4000 -1.335003 0.089668 0.0500
4100 -1.362217 0.097896 0.0500
4200 -1.407105 0.114915 0.0500
4300 -1.387545 0.104004 0.0500
4400 -1.351937 0.087231 0.0500
4500 -1.369908 0.091774 0.0500
4600 -1.429021 0.113704 0.0500
4700 -1.447071 0.118570 0.0500
4800 -1.421995 0.104276 0.0500
4900 -1.420336 0.100736 0.0500
5000 -1.450741 0.111207 0.0500
5100 -1.467668 0.119750 0.0500
5200 -1.452563 0.105456 0.0500
5300 -1.450374 0.101225 0.0500
5400 -1.471326 0.112697 0.0500
5500 -1.502029 0.143599 0.0500
5600 -1.509921 0.148483 0.0500
5700 -1.501977 0.132343 0.0500
5800 -1.505596 0.131898 0.0500
5900 -1.514495 0.138199 0.0500
6000 -1.512979 0.131084 0.0500
6100 -1.509364 0.122177 0.0500
6200 -1.519449 0.129894 0.0500
6300 -1.521512 0.127769 0.0500
6400 -1.506370 0.107192 0.0500
6500 -1.494680 0.094728 0.0500
6600 -1.515715 0.110572 0.0500
6700 -1.529766 0.123622 0.0500
6800 -1.512635 0.100759 0.0500
6900 -1.495352 0.085386 0.0500
7000 -1.508509 0.092268 0.0500
7100 -1.529708 0.111393 0.0500
7200 -1.513362 0.091260 0.0500
7300 -1.491623 0.075886 0.0500
7400 -1.489688 0.073586 0.0500
7500 -1.502567 0.078045 0.0500
7600 -1.503549 0.076939 0.0500
7700 -1.491531 0.069742 0.0500
7800 -1.470436 0.065008 0.0500
7900 -1.460888 0.064394 0.0500
8000 -1.464500 0.062914 0.0500
8100 -1.473469 0.061723 0.0500
8200 -1.464827 0.060754 0.0500
8300 -1.449859 0.062013 0.0500
8400 -1.444117 0.062373 0.0500
8500 -1.448466 0.060213 0.0500
8600 -1.461492 0.057120 0.0500
8700 -1.454843 0.057047 0.0500
8800 -1.425418 0.064509 0.0500
8900 -1.413960 0.067455 0.0500
9000 -1.424563 0.062497 0.0500
9100 -1.430175 0.059562 0.0500
9200 -1.412993 0.064387 0.0500
9300 -1.402786 0.066587 0.0500
9400 -1.409123 0.063358 0.0500
9500 -1.419043 0.059083 0.0500
9600 -1.407532 0.061747 0.0500
9700 -1.390814 0.065540 0.0500
9800 -1.388071 0.065032 0.0500
9900 -1.386365 0.064260 0.0500
10000 -1.386830 0.063010 0.0500
10100 -1.388189 0.061602 0.0500
10200 -1.378058 0.062680 0.0500
10300 -1.357100 0.065097 0.0500
10400 -1.351121 0.064815 0.0500
10500 -1.368029 0.061208 0.0500
10600 -1.368474 0.060104 0.0500
10700 -1.342898 0.063046 0.0500
10800 -1.331578 0.064362 0.0500
10900 -1.350002 0.059744 0.0500
11000 -1.355982 0.057959 0.0500
11100 -1.336619 0.060164 0.0500
11200 -1.315984 0.065478 0.0500
11300 -1.325643 0.060884 0.0500
11400 -1.343958 0.055991 0.0500
11500 -1.345659 0.054890 0.0500
11600 -1.340076 0.054873 0.0500
11700 -1.345853 0.053212 0.0500
11800 -1.359705 0.051239 0.0500
11900 -1.365665 0.050226 0.0500
12000 -1.362736 0.049653 0.0500
12100 -1.358583 0.049192 0.0500
12200 -1.364437 0.048230 0.0500
12300 -1.372369 0.047359 0.0500
12400 -1.370510 0.046776 0.0500
12500 -1.362340 0.046456 0.0500
12600 -1.360516 0.045953 0.0500
12700 -1.375596 0.044950 0.0500
12800 -1.387129 0.044419 0.0500
12900 -1.391156 0.043908 0.0500
13000 -1.384580 0.043322 0.0500
13100 -1.401572 0.042988 0.0500
13200 -1.410055 0.042587 0.0500
13300 -1.406168 0.042034 0.0500
13400 -1.399675 0.041472 0.0500
13500 -1.409810 0.041120 0.0500
13600 -1.427643 0.041076 0.0500
13700 -1.440167 0.041238 0.0500
13800 -1.447138 0.041341 0.0500
13900 -1.451257 0.041311 0.0500
14000 -1.450852 0.040789 0.0500
14100 -1.444758 0.039733 0.0500
14200 -1.458189 0.040898 0.0500
14300 -1.472151 0.043544 0.0500
14400 -1.469629 0.042326 0.0500
14500 -1.461452 0.040049 0.0500
14600 -1.470378 0.041564 0.0500
14700 -1.491955 0.049690 0.0500
14800 -1.505112 0.057865 0.0500
14900 -1.503991 0.056063 0.0500
15000 -1.498101 0.051091 0.0500
15100 -1.505432 0.055513 0.0500
15200 -1.524216 0.073146 0.0500
15300 -1.535165 0.086250 0.0500
15400 -1.531830 0.079546 0.0500
15500 -1.533214 0.079651 0.0500
15600 -1.529216 0.072796 0.0500
15700 -1.525910 0.067502 0.0500
15800 -1.529810 0.070704 0.0500
15900 -1.533241 0.073491 0.0500
16000 -1.525707 0.063429 0.0500
16100 -1.530502 0.067510 0.0500
16200 -1.523616 0.059116 0.0500
16300 -1.510980 0.048200 0.0500
16400 -1.502837 0.042966 0.0500
16500 -1.504845 0.043459 0.0500
16600 -1.514903 0.049060 0.0500
16700 -1.519762 0.052065 0.0500
16800 -1.520840 0.052189 0.0500
16900 -1.519230 0.050154 0.0500
17000 -1.511972 0.044488 0.0500
17100 -1.506660 0.041027 0.0500
17200 -1.507074 0.040765 0.0500
17300 -1.510177 0.041926 0.0500
17400 -1.514360 0.043898 0.0500
17500 -1.520066 0.047277 0.0500
17600 -1.524921 0.050540 0.0500
17700 -1.523005 0.048253 0.0500
17800 -1.514500 0.041736 0.0500
17900 -1.508225 0.037945 0.0500
18000 -1.509527 0.038162 0.0500
18100 -1.514896 0.040619 0.0500
18200 -1.509692 0.037412 0.0500
18300 -1.504126 0.034666 0.0500
18400 -1.495884 0.031781 0.0500
18500 -1.495206 0.031335 0.0500
18600 -1.504524 0.033888 0.0500
18700 -1.516912 0.039553 0.0500
18800 -1.514506 0.037736 0.0500
18900 -1.503509 0.032511 0.0500
19000 -1.491730 0.029205 0.0500
19100 -1.485168 0.028046 0.0500
19200 -1.474227 0.027237 0.0500
19300 -1.468811 0.027097 0.0500
19400 -1.471053 0.026840 0.0500
19500 -1.474820 0.026634 0.0500
19600 -1.474685 0.026435 0.0500
19700 -1.482434 0.026582 0.0500
19800 -1.489036 0.027121 0.0500
19900 -1.482342 0.026181 0.0500
20000 -1.468453 0.025762 0.0500
20100 -1.458754 0.026222 0.0500
20200 -1.454449 0.026478 0.0500
20300 -1.438171 0.028605 0.0500
20400 -1.420400 0.031445 0.0500
20500 -1.417028 0.031748 0.0500
20600 -1.429327 0.029369 0.0500
20700 -1.436298 0.027986 0.0500
20800 -1.432695 0.028347 0.0500
20900 -1.424366 0.029511 0.0500
21000 -1.410016 0.031683 0.0500
21100 -1.395157 0.033752 0.0500
21200 -1.394744 0.033497 0.0500
21300 -1.396972 0.032852 0.0500
21400 -1.393568 0.033055 0.0500
21500 -1.391963 0.032984 0.0500
21600 -1.394830 0.032268 0.0500
21700 -1.397138 0.031648 0.0500
21800 -1.383888 0.033269 0.0500
21900 -1.366895 0.035644 0.0500
22000 -1.345986 0.039830 0.0500
22100 -1.329965 0.044671 0.0500
22200 -1.326592 0.045504 0.0500
22300 -1.325356 0.045461 0.0500
22400 -1.327483 0.043994 0.0500
22500 -1.323782 0.045025 0.0500
22600 -1.307956 0.053038 0.0500
22700 -1.289049 0.067517 0.0500
22800 -1.296888 0.059297 0.0500
22900 -1.303795 0.053213 0.0500
23000 -1.283930 0.069348 0.0500
23100 -1.266335 0.089374 0.0500
23200 -1.269001 0.083605 0.0500
23300 -1.275868 0.073399 0.0500
23400 -1.280649 0.066856 0.0500
23500 -1.281968 0.064333 0.0500
23600 -1.285615 0.059886 0.0500
23700 -1.299227 0.049027 0.0500
23800 -1.303908 0.045740 0.0500
23900 -1.300954 0.046753 0.0500
24000 -1.295843 0.049197 0.0500
24100 -1.298965 0.046637 0.0500
24200 -1.308974 0.041091 0.0500
24300 -1.315584 0.038144 0.0500
24400 -1.311946 0.039023 0.0500
24500 -1.300164 0.043928 0.0500
24600 -1.296375 0.045535 0.0500
24700 -1.311439 0.037865 0.0500
24800 -1.327802 0.033063 0.0500
24900 -1.326609 0.032990 0.0500
25000 -1.327214 0.032570 0.0500
25100 -1.340281 0.030428 0.0500
25200 -1.353698 0.029281 0.0500
25300 -1.357016 0.028926 0.0500
25400 -1.347746 0.029110 0.0500
25500 -1.356668 0.028475 0.0500
25600 -1.388062 0.027880 0.0500
25700 -1.386529 0.027687 0.0500
25800 -1.360728 0.027772 0.0500
25900 -1.362148 0.027526 0.0500
26000 -1.396403 0.026938 0.0500
26100 -1.408519 0.026313 0.0500
26200 -1.372115 0.026860 0.0500
26300 -1.352745 0.027181 0.0500
26400 -1.385324 0.026382 0.0500
26500 -1.418160 0.025242 0.0500
26600 -1.398419 0.025833 0.0500
26700 -1.363813 0.026158 0.0500
26800 -1.379436 0.025737 0.0500
26900 -1.422666 0.024440 0.0500
27000 -1.419015 0.024457 0.0500
27100 -1.387465 0.025207 0.0500
27200 -1.395928 0.024897 0.0500
27300 -1.429424 0.023499 0.0500
27400 -1.420050 0.023800 0.0500
27500 -1.389342 0.024578 0.0500
27600 -1.385355 0.024479 0.0500
27700 -1.417346 0.023491 0.0500
27800 -1.422105 0.023143 0.0500
27900 -1.398947 0.023771 0.0500
28000 -1.391834 0.023775 0.0500
28100 -1.416611 0.022936 0.0500
28200 -1.427350 0.022384 0.0500
28300 -1.405139 0.023024 0.0500
28400 -1.391931 0.023223 0.0500
28500 -1.403487 0.022779 0.0500
28600 -1.411168 0.022414 0.0500
28700 -1.394994 0.022719 0.0500
28800 -1.382858 0.022898 0.0500
28900 -1.391345 0.022525 0.0500
29000 -1.400567 0.022160 0.0500
29100 -1.400232 0.022031 0.0500
29200 -1.406204 0.021752 0.0500
29300 -1.410866 0.021506 0.0500
29400 -1.409144 0.021419 0.0500
29500 -1.397355 0.021581 0.0500
29600 -1.409439 0.021160 0.0500
29700 -1.436602 0.020473 0.0500
29800 -1.425160 0.020568 0.0500
29900 -1.398225 0.021110 0.0500
30000 -1.405923 0.020784 0.0500
30100 -1.433580 0.020095 0.0500
30200 -1.423008 0.020167 0.0500
30300 -1.383269 0.021194 0.0500
30400 -1.384280 0.021028 0.0500
30500 -1.420320 0.019929 0.0500
30600 -1.432576 0.019635 0.0500
30700 -1.398377 0.020243 0.0500
30800 -1.384053 0.020641 0.0500
30900 -1.411625 0.019689 0.0500
31000 -1.428667 0.019307 0.0500
31100 -1.396327 0.019886 0.0500
31200 -1.369144 0.021088 0.0500
31300 -1.395066 0.019715 0.0500
31400 -1.414202 0.019153 0.0500
31500 -1.397644 0.019430 0.0500
31600 -1.371670 0.020517 0.0500
31700 -1.381558 0.019833 0.0500
31800 -1.397288 0.019137 0.0500
31900 -1.383298 0.019541 0.0500
32000 -1.354204 0.021676 0.0500
32100 -1.354559 0.021503 0.0500
32200 -1.371520 0.019869 0.0500
32300 -1.374018 0.019603 0.0500
32400 -1.358076 0.020769 0.0500
32500 -1.340522 0.023082 0.0500
32600 -1.341829 0.022703 0.0500
32700 -1.356548 0.020557 0.0500
32800 -1.351262 0.021047 0.0500
32900 -1.330660 0.024590 0.0500
33000 -1.318069 0.028113 0.0500
33100 -1.316077 0.028610 0.0500
33200 -1.323145 0.026041 0.0500
33300 -1.322262 0.026116 0.0500
33400 -1.308161 0.031223 0.0500
33500 -1.294093 0.038869 0.0500
33600 -1.285126 0.045282 0.0500
33700 -1.280268 0.049080 0.0500
33800 -1.279563 0.049082 0.0500
33900 -1.278874 0.049070 0.0500
34000 -1.271214 0.056394 0.0500
34100 -1.266206 0.061467 0.0500
34200 -1.261062 0.067128 0.0500
34300 -1.259493 0.068030 0.0500
34400 -1.256042 0.071622 0.0500
34500 -1.245501 0.086751 0.0500
34600 -1.234129 0.105034 0.0500
34700 -1.232641 0.104762 0.0500
34800 -1.231509 0.103808 0.0500
34900 -1.235045 0.094638 0.0500
35000 -1.224237 0.111294 0.0500
35100 -1.210225 0.133881 0.0500
35200 -1.206358 0.136004 0.0500
35300 -1.211794 0.121435 0.0500
35400 -1.215725 0.110836 0.0500
35500 -1.209878 0.116954 0.0500
35600 -1.208549 0.115317 0.0500
35700 -1.226030 0.086137 0.0500
35800 -1.227308 0.082415 0.0500
35900 -1.209830 0.104900 0.0500
36000 -1.204010 0.110575 0.0500
36100 -1.227769 0.075667 0.0500
36200 -1.244227 0.057447 0.0500
36300 -1.235087 0.065148 0.0500
36400 -1.217552 0.083825 0.0500
36500 -1.243190 0.055277 0.0500
36600 -1.267989 0.037928 0.0500
36700 -1.258020 0.043196 0.0500
36800 -1.233773 0.061701 0.0500
36900 -1.234072 0.060363 0.0500
37000 -1.254150 0.043768 0.0500
37100 -1.262181 0.038584 0.0500
37200 -1.253886 0.042943 0.0500
37300 -1.247131 0.046918 0.0500
37400 -1.270090 0.033551 0.0500
37500 -1.297344 0.024711 0.0500
37600 -1.300403 0.023896 0.0500
37700 -1.290605 0.025980 0.0500
37800 -1.292012 0.025437 0.0500
37900 -1.306609 0.022278 0.0500
38000 -1.315833 0.020800 0.0500
38100 -1.316924 0.020544 0.0500
38200 -1.318511 0.020239 0.0500
38300 -1.314373 0.020631 0.0500
38400 -1.308702 0.021314 0.0500
38500 -1.305162 0.021758 0.0500
38600 -1.305017 0.021651 0.0500
38700 -1.310060 0.020732 0.0500
38800 -1.310797 0.020508 0.0500
38900 -1.309582 0.020563 0.0500
39000 -1.324822 0.018726 0.0500
39100 -1.340327 0.017669 0.0500
39200 -1.331993 0.018015 0.0500
39300 -1.310024 0.020105 0.0500
39400 -1.308366 0.020234 0.0500
39500 -1.323930 0.018326 0.0500
39600 -1.334300 0.017524 0.0500
39700 -1.318276 0.018682 0.0500
39800 -1.297527 0.021755 0.0500
39900 -1.302977 0.020584 0.0500
40000 -1.335654 0.017125 0.0500
40100 -1.357741 0.016568 0.0500
40200 -1.340902 0.016765 0.0500
40300 -1.313746 0.018670 0.0500
40400 -1.328646 0.017199 0.0500
40500 -1.369944 0.016392 0.0500
40600 -1.383193 0.016575 0.0500
40700 -1.357181 0.016157 0.0500
40800 -1.338872 0.016419 0.0500
40900 -1.370835 0.016126 0.0500
41000 -1.409726 0.017071 0.0500
41100 -1.395922 0.016584 0.0500
41200 -1.362040 0.015850 0.0500
41300 -1.366510 0.015810 0.0500
41400 -1.406975 0.016729 0.0500
41500 -1.418184 0.017003 0.0500
41600 -1.379905 0.015840 0.0500
41700 -1.372049 0.015635 0.0500
41800 -1.409272 0.016528 0.0500
41900 -1.438004 0.017440 0.0500
42000 -1.415743 0.016589 0.0500
42100 -1.395180 0.015898 0.0500
42200 -1.426161 0.016792 0.0500
42300 -1.456380 0.018092 0.0500
42400 -1.428198 0.016712 0.0500
42500 -1.403285 0.015878 0.0500
42600 -1.419146 0.016272 0.0500
42700 -1.442970 0.017075 0.0500
42800 -1.431557 0.016537 0.0500
42900 -1.406131 0.015694 0.0500
43000 -1.417902 0.015952 0.0500
43100 -1.456575 0.017577 0.0500
43200 -1.451265 0.017147 0.0500
43300 -1.422389 0.015891 0.0500
43400 -1.428323 0.016005 0.0500
43500 -1.476807 0.019437 0.0500
43600 -1.491367 0.022283 0.0500
43700 -1.455631 0.017046 0.0500
43800 -1.431973 0.015881 0.0500
43900 -1.460714 0.017271 0.0500
44000 -1.487185 0.020911 0.0500
44100 -1.481010 0.019563 0.0500
44200 -1.465112 0.017390 0.0500
44300 -1.472333 0.018082 0.0500
44400 -1.497173 0.023171 0.0500
44500 -1.520254 0.034409 0.0500
44600 -1.527451 0.039758 0.0500
44700 -1.523645 0.036193 0.0500
44800 -1.536679 0.048070 0.0500
44900 -1.558035 0.078587 0.0500
45000 -1.570315 0.100726 0.0500
45100 -1.567045 0.091391 0.0500
45200 -1.566345 0.087754 0.0500
45300 -1.572707 0.097867 0.0500
45400 -1.578157 0.106070 0.0500
45500 -1.577569 0.101813 0.0500
45600 -1.576667 0.097239 0.0500
45700 -1.578804 0.098613 0.0500
45800 -1.579834 0.097824 0.0500
45900 -1.580570 0.096513 0.0500
46000 -1.579867 0.092710 0.0500
46100 -1.579484 0.089686 0.0500
46200 -1.589153 0.104231 0.0500
46300 -1.590320 0.103290 0.0500
46400 -1.587830 0.096122 0.0500
46500 -1.591291 0.099323 0.0500
46600 -1.590604 0.095480 0.0500
46700 -1.593052 0.096891 0.0500
46800 -1.593314 0.094715 0.0500
46900 -1.589074 0.085848 0.0500
47000 -1.583133 0.075557 0.0500
47100 -1.584812 0.076204 0.0500
47200 -1.592994 0.085917 0.0500
47300 -1.588154 0.077211 0.0500
47400 -1.577633 0.062816 0.0500
47500 -1.585712 0.071182 0.0500
47600 -1.606709 0.099408 0.0500
47700 -1.608422 0.099358 0.0500
47800 -1.592919 0.074957 0.0500
47900 -1.588172 0.067751 0.0500
48000 -1.608647 0.093425 0.0500
48100 -1.602034 0.081727 0.0500
48200 -1.568195 0.045684 0.0500
48300 -1.563008 0.041491 0.0500
48400 -1.602863 0.079494 0.0500
48500 -1.609846 0.087287 0.0500
48600 -1.572623 0.046190 0.0500
48700 -1.567805 0.042255 0.0500
48800 -1.590505 0.060410 0.0500
48900 -1.590089 0.058986 0.0500
49000 -1.567134 0.040103 0.0500
49100 -1.559171 0.035184 0.0500
49200 -1.577294 0.046097 0.0500
49300 -1.591183 0.057325 0.0500
49400 -1.578323 0.045560 0.0500
49500 -1.561093 0.034521 0.0500
49600 -1.563829 0.035590 0.0500
49700 -1.585299 0.049564 0.0500
49800 -1.599757 0.062850 0.0500
49900 -1.590077 0.052126 0.0500
50000 -1.579551 0.043098 0.0500
50100 -1.591158 0.051727 0.0500
50200 -1.596859 0.056355 0.0500
50300 -1.565842 0.033619 0.0500
50400 -1.530811 0.021875 0.0500
50500 -1.532110 0.022020 0.0500
50600 -1.555968 0.028798 0.0500
50700 -1.556574 0.028795 0.0500
50800 -1.528491 0.020846 0.0500
50900 -1.520104 0.019283 0.0500
51000 -1.535615 0.022102 0.0500
51100 -1.535676 0.021979 0.0500
51200 -1.517635 0.018599 0.0500
51300 -1.504300 0.016986 0.0500
51400 -1.512434 0.017751 0.0500
51500 -1.526672 0.019750 0.0500
51600 -1.530128 0.020282 0.0500
51700 -1.513872 0.017646 0.0500
51800 -1.507658 0.016884 0.0500
51900 -1.517617 0.017953 0.0500
52000 -1.522193 0.018521 0.0500
52100 -1.516084 0.017572 0.0500
52200 -1.507666 0.016560 0.0500
52300 -1.499652 0.015835 0.0500
52400 -1.491951 0.015325 0.0500
52500 -1.481991 0.014906 0.0500
52600 -1.472417 0.014682 0.0500
52700 -1.470970 0.014609 0.0500
52800 -1.469420 0.014539 0.0500
52900 -1.455457 0.014485 0.0500
53000 -1.450991 0.014453 0.0500
53100 -1.455609 0.014368 0.0500
53200 -1.451889 0.014332 0.0500
53300 -1.427904 0.014459 0.0500
53400 -1.420111 0.014446 0.0500
53500 -1.427300 0.014347 0.0500
53600 -1.417405 0.014344 0.0500
53700 -1.392700 0.014375 0.0500
53800 -1.394759 0.014309 0.0500
53900 -1.419316 0.014177 0.0500
54000 -1.414152 0.014139 0.0500
54100 -1.386300 0.014196 0.0500
54200 -1.379250 0.014196 0.0500
54300 -1.387957 0.014074 0.0500
54400 -1.368692 0.014226 0.0500
54500 -1.346857 0.014816 0.0500
54600 -1.342167 0.014987 0.0500
54700 -1.358638 0.014278 0.0500
54800 -1.363208 0.014111 0.0500
54900 -1.348500 0.014511 0.0500
55000 -1.337234 0.015049 0.0500
55100 -1.338508 0.014905 0.0500
55200 -1.343294 0.014573 0.0500
55300 -1.325499 0.015805 0.0500
55400 -1.307603 0.018075 0.0500
55500 -1.303915 0.018638 0.0500
55600 -1.320419 0.016114 0.0500
55700 -1.333637 0.014849 0.0500
55800 -1.322200 0.015783 0.0500
55900 -1.299147 0.019270 0.0500
56000 -1.290904 0.021123 0.0500
56100 -1.301484 0.018581 0.0500
56200 -1.317342 0.016024 0.0500
56300 -1.325779 0.015081 0.0500
56400 -1.334602 0.014357 0.0500
56500 -1.341369 0.013937 0.0500
56600 -1.345331 0.013720 0.0500
56700 -1.343206 0.013750 0.0500
56800 -1.341513 0.013770 0.0500
56900 -1.342717 0.013665 0.0500
57000 -1.349216 0.013384 0.0500
57100 -1.352888 0.013241 0.0500
57200 -1.367308 0.013023 0.0500
57300 -1.374590 0.012981 0.0500
57400 -1.363971 0.012945 0.0500
57500 -1.363117 0.012904 0.0500
57600 -1.377778 0.012861 0.0500
57700 -1.391693 0.012965 0.0500
57800 -1.396035 0.012981 0.0500
57900 -1.394979 0.012918 0.0500
58000 -1.406228 0.013047 0.0500
58100 -1.418463 0.013190 0.0500
58200 -1.414369 0.013080 0.0500
58300 -1.408751 0.012945 0.0500
58400 -1.417388 0.013031 0.0500
58500 -1.428551 0.013143 0.0500
58600 -1.423687 0.013028 0.0500
58700 -1.422314 0.012962 0.0500
58800 -1.436870 0.013108 0.0500
58900 -1.454749 0.013289 0.0500
59000 -1.452668 0.013211 0.0500
59100 -1.434016 0.012936 0.0500
59200 -1.439805 0.012957 0.0500
59300 -1.461627 0.013215 0.0500
59400 -1.461246 0.013159 0.0500
59500 -1.443067 0.012860 0.0500
59600 -1.447192 0.012862 0.0500
59700 -1.471673 0.013263 0.0500
59800 -1.486002 0.013774 0.0500
59900 -1.468707 0.013087 0.0500
60000 -1.453690 0.012770 0.0500
60100 -1.457777 0.012782 0.0500
60200 -1.466746 0.012903 0.0500
60300 -1.461893 0.012759 0.0500
60400 -1.446545 0.012515 0.0500
60500 -1.437900 0.012401 0.0500
60600 -1.440105 0.012375 0.0500
60700 -1.450702 0.012428 0.0500
60800 -1.436974 0.012268 0.0500
60900 -1.421134 0.012140 0.0500
61000 -1.432282 0.012157 0.0500
61100 -1.436833 0.012145 0.0500
61200 -1.425012 0.012037 0.0500
61300 -1.416011 0.011960 0.0500
61400 -1.412131 0.011909 0.0500
61500 -1.420961 0.011900 0.0500
61600 -1.419878 0.011856 0.0500
61700 -1.403763 0.011779 0.0500
61800 -1.394097 0.011751 0.0500
61900 -1.398857 0.011704 0.0500
62000 -1.411085 0.011677 0.0500
62100 -1.405892 0.011629 0.0500
62200 -1.379254 0.011704 0.0500
62300 -1.372433 0.011760 0.0500
62400 -1.381677 0.011603 0.0500
62500 -1.378577 0.011598 0.0500
62600 -1.358982 0.011960 0.0500
62700 -1.349550 0.012275 0.0500
62800 -1.368691 0.011639 0.0500
62900 -1.386306 0.011394 0.0500
63000 -1.375954 0.011450 0.0500
63100 -1.355973 0.011873 0.0500
63200 -1.357170 0.011793 0.0500
63300 -1.388144 0.011253 0.0500
63400 -1.404988 0.011241 0.0500
63500 -1.392248 0.011176 0.0500
63600 -1.373608 0.011278 0.0500
63700 -1.387055 0.011120 0.0500
63800 -1.409471 0.011142 0.0500
63900 -1.400459 0.011054 0.0500
64000 -1.378029 0.011092 0.0500
64100 -1.380088 0.011036 0.0500
64200 -1.400663 0.010959 0.0500
64300 -1.405386 0.010952 0.0500
64400 -1.380674 0.010936 0.0500
64500 -1.371762 0.011025 0.0500
64600 -1.386167 0.010830 0.0500
64700 -1.398590 0.010793 0.0500
64800 -1.397464 0.010756 0.0500
64900 -1.392249 0.010717 0.0500
65000 -1.404325 0.010728 0.0500
65100 -1.429869 0.011036 0.0500
65200 -1.434523 0.011092 0.0500
65300 -1.419065 0.010794 0.0500
65400 -1.418935 0.010760 0.0500
65500 -1.438472 0.011077 0.0500
65600 -1.446887 0.011240 0.0500
65700 -1.428719 0.010818 0.0500
65800 -1.423840 0.010706 0.0500
65900 -1.448500 0.011185 0.0500
66000 -1.461555 0.011551 0.0500
66100 -1.438038 0.010870 0.0500
66200 -1.418976 0.010524 0.0500
66300 -1.434859 0.010743 0.0500
66400 -1.450213 0.011070 0.0500
66500 -1.429340 0.010581 0.0500
66600 -1.399964 0.010299 0.0500
66700 -1.401086 0.010270 0.0500
66800 -1.427377 0.010466 0.0500
66900 -1.419809 0.010330 0.0500
67000 -1.384248 0.010294 0.0500
67100 -1.363584 0.010750 0.0500
67200 -1.378817 0.010320 0.0500
67300 -1.409001 0.010137 0.0500
67400 -1.404487 0.010088 0.0500
67500 -1.372259 0.010384 0.0500
67600 -1.359199 0.010786 0.0500
67700 -1.384894 0.010092 0.0500
67800 -1.393423 0.009992 0.0500
67900 -1.377913 0.010144 0.0500
68000 -1.359201 0.010675 0.0500
68100 -1.364748 0.010432 0.0500
68200 -1.373229 0.010158 0.0500
68300 -1.377534 0.010038 0.0500
68400 -1.364171 0.010365 0.0500
68500 -1.355192 0.010705 0.0500
68600 -1.361983 0.010383 0.0500
68700 -1.375086 0.009975 0.0500
68800 -1.380605 0.009850 0.0500
68900 -1.375842 0.009905 0.0500
69000 -1.371358 0.009978 0.0500
69100 -1.371755 0.009940 0.0500
69200 -1.384178 0.009698 0.0500
69300 -1.397346 0.009618 0.0500
69400 -1.402451 0.009614 0.0500
69500 -1.398745 0.009570 0.0500
69600 -1.400137 0.009550 0.0500
69700 -1.404846 0.009554 0.0500
69800 -1.406193 0.009541 0.0500
69900 -1.400098 0.009474 0.0500
70000 -1.394189 0.009440 0.0500
70100 -1.396426 0.009415 0.0500
70200 -1.397639 0.009392 0.0500
70300 -1.390511 0.009377 0.0500
70400 -1.387122 0.009376 0.0500
70500 -1.385751 0.009364 0.0500
70600 -1.385449 0.009342 0.0500
70700 -1.405100 0.009315 0.0500
70800 -1.416207 0.009445 0.0500
70900 -1.418944 0.009473 0.0500
71000 -1.409292 0.009289 0.0500
71100 -1.410494 0.009280 0.0500
71200 -1.425185 0.009540 0.0500
71300 -1.443815 0.010082 0.0500
71400 -1.448349 0.010224 0.0500
71500 -1.430133 0.009592 0.0500
71600 -1.431866 0.009615 0.0500
71700 -1.457178 0.010513 0.0500
71800 -1.460472 0.010634 0.0500
71900 -1.435215 0.009636 0.0500
72000 -1.421996 0.009276 0.0500
72100 -1.448298 0.010034 0.0500
72200 -1.471615 0.011120 0.0500
72300 -1.456133 0.010298 0.0500
72400 -1.427516 0.009310 0.0500
72500 -1.432215 0.009404 0.0500
72600 -1.467708 0.010792 0.0500
72700 -1.480499 0.011560 0.0500
72800 -1.446078 0.009766 0.0500
72900 -1.433195 0.009340 0.0500
73000 -1.458064 0.010198 0.0500
73100 -1.480153 0.011425 0.0500
73200 -1.463890 0.010415 0.0500
73300 -1.432017 0.009221 0.0500
73400 -1.437335 0.009338 0.0500
73500 -1.471169 0.010735 0.0500
73600 -1.469668 0.010617 0.0500
73700 -1.436730 0.009253 0.0500
73800 -1.421215 0.008900 0.0500
73900 -1.450159 0.009639 0.0500
74000 -1.468794 0.010471 0.0500
74100 -1.439387 0.009234 0.0500
74200 -1.402983 0.008696 0.0500
74300 -1.421833 0.008809 0.0500
74400 -1.451003 0.009560 0.0500
74500 -1.448339 0.009436 0.0500
74600 -1.412545 0.008648 0.0500
74700 -1.398964 0.008620 0.0500
74800 -1.417721 0.008654 0.0500
74900 -1.424650 0.008731 0.0500
75000 -1.398048 0.008568 0.0500
75100 -1.374550 0.009001 0.0500
75200 -1.372066 0.009062 0.0500
75300 -1.387291 0.008639 0.0500
75400 -1.384066 0.008681 0.0500
75500 -1.356553 0.009710 0.0500
75600 -1.341750 0.010721 0.0500
75700 -1.351648 0.009954 0.0500
75800 -1.363798 0.009260 0.0500
75900 -1.355893 0.009642 0.0500
76000 -1.351091 0.009911 0.0500
76100 -1.354906 0.009647 0.0500
76200 -1.361175 0.009285 0.0500
76300 -1.348905 0.009979 0.0500
76400 -1.330584 0.011578 0.0500
76500 -1.328600 0.011766 0.0500
76600 -1.342164 0.010396 0.0500
76700 -1.345988 0.010069 0.0500
76800 -1.333590 0.011120 0.0500
76900 -1.332211 0.011228 0.0500
77000 -1.355452 0.009378 0.0500
77100 -1.376515 0.008526 0.0500
77200 -1.372421 0.008619 0.0500
77300 -1.356270 0.009267 0.0500
77400 -1.351653 0.009509 0.0500
77500 -1.359100 0.009074 0.0500
77600 -1.373906 0.008493 0.0500
77700 -1.385637 0.008234 0.0500
77800 -1.376594 0.008384 0.0500
77900 -1.376783 0.008360 0.0500
78000 -1.381040 0.008250 0.0500
78100 -1.386700 0.008145 0.0500
78200 -1.389765 0.008095 0.0500
78300 -1.392105 0.008059 0.0500
78400 -1.395727 0.008026 0.0500
78500 -1.407417 0.008051 0.0500
78600 -1.411633 0.008080 0.0500
78700 -1.410381 0.008046 0.0500
78800 -1.400840 0.007957 0.0500
78900 -1.390236 0.007969 0.0500
79000 -1.397360 0.007919 0.0500
79100 -1.417884 0.008093 0.0500
79200 -1.420021 0.008117 0.0500
79300 -1.408843 0.007924 0.0500
79400 -1.407848 0.007896 0.0500
79500 -1.423438 0.008140 0.0500
79600 -1.432587 0.008372 0.0500
79700 -1.412095 0.007893 0.0500
79800 -1.394389 0.007798 0.0500
79900 -1.396033 0.007775 0.0500
80000 -1.420419 0.007988 0.0500
80100 -1.438327 0.008484 0.0500
80200 -1.428605 0.008153 0.0500
80300 -1.419924 0.007924 0.0500
80400 -1.431011 0.008186 0.0500
80500 -1.439260 0.008443 0.0500
80600 -1.428743 0.008083 0.0500
80700 -1.411188 0.007717 0.0500
80800 -1.410844 0.007696 0.0500
80900 -1.429416 0.008051 0.0500
81000 -1.435351 0.008217 0.0500
81100 -1.416214 0.007720 0.0500
81200 -1.406864 0.007597 0.0500
81300 -1.420807 0.007772 0.0500
81400 -1.423335 0.007810 0.0500
81500 -1.414969 0.007635 0.0500
81600 -1.408781 0.007548 0.0500
81700 -1.415590 0.007612 0.0500
81800 -1.422552 0.007727 0.0500
81900 -1.423619 0.007734 0.0500
82000 -1.418796 0.007617 0.0500
82100 -1.424101 0.007712 0.0500
82200 -1.431236 0.007887 0.0500
82300 -1.434567 0.007975 0.0500
82400 -1.424555 0.007673 0.0500
82500 -1.424911 0.007665 0.0500
82600 -1.437601 0.008029 0.0500
82700 -1.441778 0.008169 0.0500
82800 -1.438821 0.008037 0.0500
82900 -1.431496 0.007774 0.0500
83000 -1.427499 0.007646 0.0500
83100 -1.430855 0.007722 0.0500
83200 -1.445646 0.008242 0.0500
83300 -1.450486 0.008445 0.0500
83400 -1.454059 0.008603 0.0500
83500 -1.459553 0.008882 0.0500
83600 -1.459475 0.008855 0.0500
83700 -1.448278 0.008261 0.0500
83800 -1.429827 0.007578 0.0500
83900 -1.435349 0.007725 0.0500
84000 -1.448702 0.008228 0.0500
84100 -1.454242 0.008477 0.0500
84200 -1.460152 0.008780 0.0500
84300 -1.466603 0.009156 0.0500
84400 -1.467418 0.009186 0.0500
84500 -1.469564 0.009308 0.0500
84600 -1.464856 0.008973 0.0500
84700 -1.459350 0.008625 0.0500
84800 -1.456687 0.008459 0.0500
84900 -1.459923 0.008616 0.0500
85000 -1.457442 0.008459 0.0500
85100 -1.453019 0.008215 0.0500
85200 -1.449203 0.008021 0.0500
85300 -1.450340 0.008053 0.0500
85400 -1.446339 0.007864 0.0500
85500 -1.449343 0.007973 0.0500
85600 -1.451578 0.008056 0.0500
85700 -1.454357 0.008170 0.0500
85800 -1.458938 0.008389 0.0500
85900 -1.464179 0.008672 0.0500
86000 -1.472321 0.009193 0.0500
86100 -1.467497 0.008838 0.0500
86200 -1.453449 0.008031 0.0500
86300 -1.454828 0.008079 0.0500
86400 -1.470982 0.009013 0.0500
86500 -1.486852 0.010314 0.0500
86600 -1.492717 0.010896 0.0500
86700 -1.492712 0.010862 0.0500
86800 -1.494639 0.011046 0.0500
86900 -1.496298 0.011205 0.0500
87000 -1.488497 0.010321 0.0500
87100 -1.479486 0.009477 0.0500
87200 -1.476372 0.009207 0.0500
87300 -1.485618 0.009962 0.0500
87400 -1.488785 0.010239 0.0500
87500 -1.483818 0.009743 0.0500
87600 -1.486575 0.009969 0.0500
87700 -1.488199 0.010097 0.0500
87800 -1.484212 0.009697 0.0500
87900 -1.475739 0.008987 0.0500
88000 -1.470316 0.008594 0.0500
88100 -1.482787 0.009500 0.0500
88200 -1.499537 0.011219 0.0500
88300 -1.502825 0.011610 0.0500
88400 -1.491387 0.010224 0.0500
88500 -1.491661 0.010223 0.0500
88600 -1.501078 0.011280 0.0500
88700 -1.496671 0.010708 0.0500
88800 -1.482233 0.009266 0.0500
88900 -1.481387 0.009173 0.0500
89000 -1.499805 0.010997 0.0500
89100 -1.512177 0.012724 0.0500
89200 -1.494993 0.010368 0.0500
89300 -1.480602 0.009010 0.0500
89400 -1.494183 0.010226 0.0500
89500 -1.506646 0.011742 0.0500
89600 -1.490246 0.009765 0.0500
89700 -1.475028 0.008520 0.0500
89800 -1.499587 0.010725 0.0500
89900 -1.535541 0.017386 0.0500
90000 -1.533334 0.016725 0.0500
90100 -1.504003 0.011164 0.0500
90200 -1.508948 0.011816 0.0500
90300 -1.539817 0.018318 0.0500
90400 -1.537897 0.017679 0.0500
90500 -1.494833 0.009952 0.0500
90600 -1.488324 0.009311 0.0500
90700 -1.522875 0.013987 0.0500
90800 -1.533846 0.016394 0.0500
90900 -1.512582 0.012068 0.0500
91000 -1.497355 0.010061 0.0500
91100 -1.516950 0.012705 0.0500
91200 -1.547386 0.020139 0.0500
91300 -1.541569 0.018190 0.0500
91400 -1.509521 0.011404 0.0500
91500 -1.510935 0.011568 0.0500
91600 -1.538364 0.017094 0.0500
91700 -1.549898 0.020598 0.0500
91800 -1.533661 0.015713 0.0500
91900 -1.528731 0.014518 0.0500
92000 -1.547410 0.019474 0.0500
92100 -1.554861 0.022037 0.0500
92200 -1.538634 0.016662 0.0500
92300 -1.519554 0.012515 0.0500
92400 -1.526265 0.013694 0.0500
92500 -1.538674 0.016479 0.0500
92600 -1.536435 0.015831 0.0500
92700 -1.526622 0.013592 0.0500
92800 -1.529915 0.014209 0.0500
92900 -1.547331 0.018709 0.0500
93000 -1.551606 0.020044 0.0500
93100 -1.530644 0.014164 0.0500
93200 -1.518483 0.011900 0.0500
93300 -1.536806 0.015459 0.0500
93400 -1.551403 0.019654 0.0500
93500 -1.537727 0.015537 0.0500
93600 -1.522895 0.012421 0.0500
93700 -1.537470 0.015355 0.0500
93800 -1.558162 0.021848 0.0500
93900 -1.558691 0.021930 0.0500
94000 -1.536090 0.014795 0.0500
94100 -1.520274 0.011746 0.0500
94200 -1.529170 0.013235 0.0500
94300 -1.542887 0.016328 0.0500
94400 -1.540196 0.015551 0.0500
94500 -1.529985 0.013228 0.0500
94600 -1.533569 0.013902 0.0500
94700 -1.541734 0.015760 0.0500
94800 -1.544457 0.016420 0.0500
94900 -1.541886 0.015658 0.0500
95000 -1.539327 0.014954 0.0500
95100 -1.549872 0.017799 0.0500
95200 -1.562870 0.022565 0.0500
95300 -1.565952 0.023827 0.0500
95400 -1.561725 0.021784 0.0500
95500 -1.572115 0.026661 0.0500
95600 -1.584588 0.034532 0.0500
95700 -1.578129 0.029741 0.0500
95800 -1.563578 0.021912 0.0500
95900 -1.567100 0.023344 0.0500
96000 -1.573832 0.026608 0.0500
96100 -1.567763 0.023328 0.0500
96200 -1.553707 0.017756 0.0500
96300 -1.556441 0.018563 0.0500
96400 -1.572165 0.025107 0.0500
96500 -1.586683 0.034134 0.0500
96600 -1.581860 0.030377 0.0500
96700 -1.590268 0.036359 0.0500
96800 -1.609158 0.055867 0.0500
96900 -1.606035 0.051123 0.0500
97000 -1.593041 0.037269 0.0500
97100 -1.601196 0.044543 0.0500
97200 -1.620321 0.068775 0.0500
97300 -1.614397 0.058828 0.0500
97400 -1.599471 0.040871 0.0500
97500 -1.614823 0.057811 0.0500
97600 -1.638057 0.095559 0.0500
97700 -1.629158 0.076914 0.0500
97800 -1.616073 0.055989 0.0500
97900 -1.630431 0.076259 0.0500
98000 -1.644514 0.100263 0.0500
98100 -1.637325 0.084225 0.0500
98200 -1.626170 0.064653 0.0500
98300 -1.632696 0.073234 0.0500
98400 -1.635373 0.075989 0.0500
98500 -1.621421 0.054875 0.0500
98600 -1.613818 0.045698 0.0500
98700 -1.622819 0.055039 0.0500
98800 -1.628008 0.060783 0.0500
98900 -1.627013 0.058463 0.0500
99000 -1.624790 0.054761 0.0500
99100 -1.628906 0.059057 0.0500
99200 -1.631206 0.061106 0.0500
99300 -1.629634 0.058030 0.0500
99400 -1.622417 0.048718 0.0500
99500 -1.626204 0.052229 0.0500
99600 -1.625805 0.051022 0.0500
99700 -1.614267 0.039168 0.0500
99800 -1.605948 0.032612 0.0500
99900 -1.612849 0.037260 0.0500
