# step cv h sig
0 -1.483269 0.239006 0.0500
100 -1.459909 0.225108 0.0500
200 -1.435972 0.216514 0.0500
300 -1.437172 0.203475 0.0500
400 -1.437737 0.192085 0.0500
500 -1.420375 0.188327 0.0500
600 -1.403871 0.188028 0.0500
700 -1.412759 0.173365 0.0500
800 -1.432938 0.159362 0.0500
900 -1.436454 0.152269 0.0500
1000 -1.400506 0.160788 0.0500
1100 -1.353131 0.199831 0.0500
1200 -1.337349 0.202722 0.0500
1300 -1.338877 0.190379 0.0500
1400 -1.329080 0.187654 0.0500
1500 -1.322696 0.182515 0.0500
1600 -1.322548 0.173535 0.0500
1700 -1.328060 0.161925 0.0500
1800 -1.314333 0.163572 0.0500
1900 -1.285683 0.180485 0.0500
2000 -1.264961 0.191304 0.0500
2100 -1.264333 0.181909 0.0500
2200 -1.282298 0.158411 0.0500
2300 -1.290594 0.146119 0.0500
2400 -1.288697 0.141394 0.0500
2500 -1.276434 0.144235 0.0500
2600 -1.254216 0.158486 0.0500
2700 -1.236998 0.169862 0.0500
2800 -1.248379 0.150419 0.0500
2900 -1.270831 0.127056 0.0500
3000 -1.265074 0.126195 0.0500
3100 -1.252726 0.131170 0.0500
3200 -1.266645 0.116639 0.0500
3300 -1.298959 0.104734 0.0500
3400 -1.295227 0.101736 0.0500
3500 -1.251398 0.119049 0.0500
3600 -1.230333 0.137795 0.0500
3700 -1.268575 0.100295 0.0500
3800 -1.332768 0.104576 0.0500
3900 -1.339106 0.104594 0.0500
4000 -1.301016 0.089271 0.0500
4100 -1.296421 0.086811 0.0500
4200 -1.340148 0.098571 0.0500
4300 -1.360891 0.106638 0.0500
4400 -1.336125 0.091465 0.0500
4500 -1.319100 0.083080 0.0500
4600 -1.355925 0.096962 0.0500
4700 -1.403736 0.115779 0.0500
4800 -1.404075 0.112210 0.0500
4900 -1.381480 0.100925 0.0500
5000 -1.387460 0.100237 0.0500
5100 -1.418424 0.108977 0.0500
5200 -1.425703 0.109113 0.0500
5300 -1.413462 0.100639 0.0500
5400 -1.408409 0.096155 0.0500
5500 -1.438978 0.108281 0.0500
5600 -1.474124 0.139077 0.0500
5700 -1.476297 0.136365 0.0500
5800 -1.456515 0.111249 0.0500
5900 -1.452986 0.105050 0.0500
6000 -1.466391 0.113580 0.0500
6100 -1.475185 0.119165 0.0500
6200 -1.476063 0.116217 0.0500
6300 -1.472139 0.108481 0.0500
6400 -1.473580 0.106641 0.0500
6500 -1.480323 0.110429 0.0500
6600 -1.496798 0.127151 0.0500
6700 -1.493169 0.118054 0.0500
6800 -1.472970 0.093817 0.0500
6900 -1.467900 0.087704 0.0500
7000 -1.488629 0.103867 0.0500
7100 -1.507946 0.125463 0.0500
7200 -1.492098 0.101321 0.0500
7300 -1.479905 0.087187 0.0500
7400 -1.489506 0.093548 0.0500
7500 -1.502250 0.105255 0.0500
7600 -1.488449 0.087610 0.0500
7700 -1.466498 0.071576 0.0500
7800 -1.455653 0.066957 0.0500
7900 -1.465348 0.068445 0.0500
8000 -1.477632 0.073185 0.0500
8100 -1.480623 0.073633 0.0500
8200 -1.471188 0.066858 0.0500
8300 -1.470036 0.065119 0.0500
8400 -1.476523 0.067093 0.0500
8500 -1.476318 0.065734 0.0500
8600 -1.479227 0.066183 0.0500
8700 -1.482912 0.067301 0.0500
8800 -1.478523 0.063363 0.0500
8900 -1.474661 0.060300 0.0500
9000 -1.470404 0.057559 0.0500
9100 -1.474051 0.058079 0.0500
9200 -1.481365 0.060883 0.0500
9300 -1.486454 0.063168 0.0500
9400 -1.481552 0.058921 0.0500
9500 -1.480863 0.057571 0.0500
9600 -1.492500 0.064705 0.0500
9700 -1.505153 0.076329 0.0500
9800 -1.498026 0.067129 0.0500
9900 -1.473477 0.050620 0.0500
10000 -1.471136 0.049203 0.0500
10100 -1.498010 0.064275 0.0500
10200 -1.514680 0.082582 0.0500
10300 -1.485176 0.052557 0.0500
10400 -1.451703 0.045184 0.0500
10500 -1.461624 0.044418 0.0500
10600 -1.498708 0.060447 0.0500
10700 -1.508458 0.069507 0.0500
10800 -1.476350 0.045360 0.0500
10900 -1.445173 0.043773 0.0500
11000 -1.442508 0.043854 0.0500
11100 -1.464868 0.041529 0.0500
11200 -1.471175 0.042037 0.0500
11300 -1.450265 0.040930 0.0500
11400 -1.414259 0.053426 0.0500
11500 -1.411362 0.054139 0.0500
11600 -1.441344 0.041196 0.0500
11700 -1.453797 0.038785 0.0500
11800 -1.426089 0.045395 0.0500
11900 -1.395495 0.060193 0.0500
12000 -1.406859 0.053273 0.0500
12100 -1.426369 0.043486 0.0500
12200 -1.410124 0.050247 0.0500
12300 -1.373641 0.066673 0.0500
12400 -1.367249 0.067427 0.0500
12500 -1.380902 0.061571 0.0500
12600 -1.368473 0.064738 0.0500
12700 -1.345170 0.067878 0.0500
12800 -1.345672 0.066550 0.0500
12900 -1.365924 0.062079 0.0500
13000 -1.355165 0.063053 0.0500
13100 -1.341302 0.063642 0.0500
13200 -1.333427 0.063269 0.0500
13300 -1.338312 0.061711 0.0500
13400 -1.338607 0.060629 0.0500
13500 -1.329258 0.060495 0.0500
13600 -1.324632 0.060001 0.0500
13700 -1.335038 0.057972 0.0500
13800 -1.353589 0.055675 0.0500
13900 -1.358313 0.054403 0.0500
14000 -1.340805 0.054968 0.0500
14100 -1.322612 0.056102 0.0500
14200 -1.339373 0.053444 0.0500
14300 -1.362959 0.051101 0.0500
14400 -1.353990 0.051015 0.0500
14500 -1.332649 0.051906 0.0500
14600 -1.343346 0.050259 0.0500
14700 -1.374342 0.047508 0.0500
14800 -1.379049 0.046351 0.0500
14900 -1.360307 0.047414 0.0500
15000 -1.361501 0.046712 0.0500
15100 -1.387676 0.043543 0.0500
15200 -1.402742 0.040493 0.0500
15300 -1.385828 0.042814 0.0500
15400 -1.378655 0.043195 0.0500
15500 -1.397178 0.040108 0.0500
15600 -1.392536 0.040391 0.0500
15700 -1.365504 0.043114 0.0500
15800 -1.364593 0.042680 0.0500
15900 -1.389213 0.039568 0.0500
16000 -1.387222 0.039386 0.0500
16100 -1.364481 0.041360 0.0500
16200 -1.340705 0.043555 0.0500
16300 -1.343542 0.042634 0.0500
16400 -1.354234 0.040922 0.0500
16500 -1.347761 0.041140 0.0500
16600 -1.336161 0.042285 0.0500
16700 -1.333557 0.042241 0.0500
16800 -1.347393 0.039790 0.0500
16900 -1.349921 0.039091 0.0500
17000 -1.327431 0.042111 0.0500
17100 -1.306225 0.048237 0.0500
17200 -1.310811 0.045828 0.0500
17300 -1.327245 0.040651 0.0500
17400 -1.329514 0.039742 0.0500
17500 -1.311431 0.044080 0.0500
17600 -1.300859 0.047797 0.0500
17700 -1.308467 0.044023 0.0500
17800 -1.318617 0.040318 0.0500
17900 -1.313496 0.041319 0.0500
18000 -1.295167 0.048357 0.0500
18100 -1.283039 0.055028 0.0500
18200 -1.279024 0.057066 0.0500
18300 -1.283191 0.053231 0.0500
18400 -1.281498 0.053585 0.0500
18500 -1.272352 0.059691 0.0500
18600 -1.273735 0.057585 0.0500
18700 -1.282805 0.050274 0.0500
18800 -1.278408 0.052457 0.0500
18900 -1.252660 0.075593 0.0500
19000 -1.236428 0.095739 0.0500
19100 -1.239412 0.088930 0.0500
19200 -1.243423 0.081418 0.0500
19300 -1.242321 0.080985 0.0500
19400 -1.242674 0.078731 0.0500
19500 -1.247038 0.071911 0.0500
19600 -1.246388 0.071200 0.0500
19700 -1.242534 0.074170 0.0500
19800 -1.246438 0.068315 0.0500
19900 -1.253079 0.060549 0.0500
20000 -1.249644 0.062712 0.0500
20100 -1.236997 0.075372 0.0500
20200 -1.229108 0.084067 0.0500
20300 -1.227284 0.084637 0.0500
20400 -1.227524 0.082329 0.0500
20500 -1.224129 0.085126 0.0500
20600 -1.226332 0.080137 0.0500
20700 -1.235364 0.067593 0.0500
20800 -1.245385 0.056793 0.0500
20900 -1.245997 0.055394 0.0500
21000 -1.228975 0.071465 0.0500
21100 -1.216649 0.086401 0.0500
21200 -1.227501 0.070131 0.0500
21300 -1.247578 0.050361 0.0500
21400 -1.256730 0.044070 0.0500
21500 -1.252291 0.046029 0.0500
21600 -1.249900 0.046908 0.0500
21700 -1.259926 0.040869 0.0500
21800 -1.269383 0.036697 0.0500
21900 -1.266079 0.037475 0.0500
22000 -1.243015 0.049604 0.0500
22100 -1.213865 0.080913 0.0500
22200 -1.216082 0.075959 0.0500
22300 -1.237962 0.050906 0.0500
22400 -1.261189 0.036964 0.0500
22500 -1.265011 0.035237 0.0500
22600 -1.248045 0.042438 0.0500
22700 -1.228263 0.057408 0.0500
22800 -1.234583 0.050684 0.0500
22900 -1.241516 0.044757 0.0500
23000 -1.223229 0.060296 0.0500
23100 -1.214099 0.070445 0.0500
23200 -1.229312 0.052138 0.0500
23300 -1.246749 0.039183 0.0500
23400 -1.254860 0.035096 0.0500
23500 -1.256346 0.034198 0.0500
23600 -1.263347 0.031673 0.0500
23700 -1.286958 0.027686 0.0500
23800 -1.307380 0.027191 0.0500
23900 -1.314017 0.027262 0.0500
24000 -1.311646 0.026940 0.0500
24100 -1.318035 0.027087 0.0500
24200 -1.332190 0.028055 0.0500
24300 -1.339605 0.028616 0.0500
24400 -1.338955 0.028316 0.0500
24500 -1.336354 0.027817 0.0500
24600 -1.348257 0.028935 0.0500
24700 -1.372444 0.031448 0.0500
24800 -1.379831 0.031794 0.0500
24900 -1.371076 0.030771 0.0500
25000 -1.392866 0.031897 0.0500
25100 -1.423859 0.031121 0.0500
25200 -1.420773 0.030958 0.0500
25300 -1.404238 0.031177 0.0500
25400 -1.408220 0.030828 0.0500
25500 -1.442529 0.030074 0.0500
25600 -1.469463 0.034158 0.0500
25700 -1.455594 0.030717 0.0500
25800 -1.433408 0.029227 0.0500
25900 -1.446107 0.029273 0.0500
26000 -1.481876 0.038294 0.0500
26100 -1.499232 0.050440 0.0500
26200 -1.469975 0.032531 0.0500
26300 -1.435231 0.028170 0.0500
26400 -1.445776 0.028101 0.0500
26500 -1.492714 0.043480 0.0500
26600 -1.520886 0.075391 0.0500
26700 -1.489131 0.039741 0.0500
26800 -1.461326 0.028790 0.0500
26900 -1.483828 0.035982 0.0500
27000 -1.532409 0.092147 0.0500
27100 -1.535484 0.095574 0.0500
27200 -1.501563 0.046331 0.0500
27300 -1.497038 0.042069 0.0500
27400 -1.527198 0.076858 0.0500
27500 -1.543421 0.104562 0.0500
27600 -1.514683 0.056290 0.0500
27700 -1.507550 0.047974 0.0500
27800 -1.538031 0.089127 0.0500
27900 -1.562064 0.134189 0.0500
28000 -1.538170 0.084309 0.0500
28100 -1.532093 0.072856 0.0500
28200 -1.563305 0.126868 0.0500
28300 -1.576104 0.146755 0.0500
28400 -1.551995 0.097759 0.0500
28500 -1.544451 0.083093 0.0500
28600 -1.566581 0.117908 0.0500
28700 -1.570300 0.120497 0.0500
28800 -1.549610 0.083774 0.0500
28900 -1.548055 0.079649 0.0500
29000 -1.569248 0.110023 0.0500
29100 -1.581945 0.127422 0.0500
29200 -1.579982 0.119821 0.0500
29300 -1.573095 0.105418 0.0500
29400 -1.583071 0.117232 0.0500
29500 -1.587096 0.119474 0.0500
29600 -1.597633 0.131321 0.0500
29700 -1.607525 0.141384 0.0500
29800 -1.595535 0.118860 0.0500
29900 -1.587498 0.104534 0.0500
30000 -1.602970 0.121709 0.0500
30100 -1.603540 0.118399 0.0500
30200 -1.575108 0.082310 0.0500
30300 -1.555083 0.063027 0.0500
30400 -1.574341 0.078411 0.0500
30500 -1.590492 0.093202 0.0500
30600 -1.577802 0.077986 0.0500
30700 -1.558120 0.060445 0.0500
30800 -1.567461 0.066390 0.0500
30900 -1.583972 0.079542 0.0500
31000 -1.570271 0.065957 0.0500
31100 -1.541614 0.046520 0.0500
31200 -1.540510 0.045340 0.0500
31300 -1.562733 0.057922 0.0500
31400 -1.545053 0.046459 0.0500
31500 -1.518321 0.034028 0.0500
31600 -1.519331 0.034074 0.0500
31700 -1.537807 0.041495 0.0500
31800 -1.522243 0.034453 0.0500
31900 -1.488134 0.025128 0.0500
32000 -1.478439 0.023775 0.0500
32100 -1.498169 0.026648 0.0500
32200 -1.497456 0.026298 0.0500
32300 -1.462689 0.022676 0.0500
32400 -1.436286 0.024255 0.0500
32500 -1.434985 0.024236 0.0500
32600 -1.447505 0.022881 0.0500
32700 -1.442102 0.023187 0.0500
32800 -1.406865 0.027118 0.0500
32900 -1.389600 0.028148 0.0500
33000 -1.407116 0.026689 0.0500
33100 -1.406392 0.026562 0.0500
33200 -1.375073 0.027721 0.0500
33300 -1.355967 0.026804 0.0500
33400 -1.361743 0.026893 0.0500
33500 -1.367207 0.026915 0.0500
33600 -1.341285 0.025430 0.0500
33700 -1.316264 0.024395 0.0500
33800 -1.322993 0.024350 0.0500
33900 -1.345624 0.025177 0.0500
34000 -1.340218 0.024709 0.0500
34100 -1.314277 0.023771 0.0500
34200 -1.299590 0.023943 0.0500
34300 -1.313371 0.023462 0.0500
34400 -1.327637 0.023564 0.0500
34500 -1.314263 0.023161 0.0500
34600 -1.290492 0.023999 0.0500
34700 -1.286147 0.024289 0.0500
34800 -1.298530 0.023104 0.0500
34900 -1.314086 0.022602 0.0500
35000 -1.301812 0.022666 0.0500
35100 -1.276444 0.025136 0.0500
35200 -1.262216 0.028439 0.0500
35300 -1.265177 0.027332 0.0500
35400 -1.280031 0.024002 0.0500
35500 -1.288293 0.022835 0.0500
35600 -1.284199 0.023132 0.0500
35700 -1.285285 0.022857 0.0500
35800 -1.285315 0.022708 0.0500
35900 -1.280674 0.023150 0.0500
36000 -1.273513 0.024203 0.0500
36100 -1.277917 0.023260 0.0500
36200 -1.293219 0.021458 0.0500
36300 -1.304505 0.020919 0.0500
36400 -1.293982 0.021162 0.0500
36500 -1.299924 0.020773 0.0500
36600 -1.310571 0.020561 0.0500
36700 -1.317056 0.020591 0.0500
36800 -1.305503 0.020317 0.0500
36900 -1.293447 0.020614 0.0500
37000 -1.287162 0.020997 0.0500
37100 -1.297134 0.020183 0.0500
37200 -1.308813 0.019871 0.0500
37300 -1.311900 0.019800 0.0500
37400 -1.316449 0.019811 0.0500
37500 -1.324642 0.020087 0.0500
37600 -1.334264 0.020662 0.0500
37700 -1.342087 0.021246 0.0500
37800 -1.348092 0.021719 0.0500
37900 -1.346626 0.021439 0.0500
38000 -1.351487 0.021808 0.0500
38100 -1.365785 0.023139 0.0500
38200 -1.380679 0.024186 0.0500
38300 -1.365202 0.022786 0.0500
38400 -1.350624 0.021203 0.0500
38500 -1.356146 0.021623 0.0500
38600 -1.369425 0.022769 0.0500
38700 -1.367614 0.022462 0.0500
38800 -1.357412 0.021354 0.0500
38900 -1.362680 0.021732 0.0500
39000 -1.391701 0.023601 0.0500
39100 -1.399280 0.023551 0.0500
39200 -1.372448 0.022214 0.0500
39300 -1.361640 0.021149 0.0500
39400 -1.384398 0.022748 0.0500
39500 -1.393176 0.022940 0.0500
39600 -1.371394 0.021604 0.0500
39700 -1.356606 0.020245 0.0500
39800 -1.370534 0.021290 0.0500
39900 -1.390403 0.022362 0.0500
40000 -1.391435 0.022258 0.0500
40100 -1.383986 0.021803 0.0500
40200 -1.386464 0.021791 0.0500
40300 -1.391152 0.021845 0.0500
40400 -1.401114 0.021908 0.0500
40500 -1.404488 0.021779 0.0500
40600 -1.402449 0.021647 0.0500
40700 -1.404259 0.021517 0.0500
40800 -1.403311 0.021389 0.0500
40900 -1.411654 0.021185 0.0500
41000 -1.415941 0.020969 0.0500
41100 -1.408050 0.020989 0.0500
41200 -1.401395 0.020894 0.0500
41300 -1.401238 0.020771 0.0500
41400 -1.405338 0.020647 0.0500
41500 -1.403647 0.020534 0.0500
41600 -1.390326 0.020263 0.0500
41700 -1.395349 0.020248 0.0500
41800 -1.406361 0.020184 0.0500
41900 -1.407745 0.020061 0.0500
42000 -1.397072 0.019936 0.0500
42100 -1.396386 0.019817 0.0500
42200 -1.410380 0.019712 0.0500
42300 -1.407256 0.019628 0.0500
42400 -1.383262 0.019225 0.0500
42500 -1.386387 0.019210 0.0500
42600 -1.400137 0.019328 0.0500
42700 -1.393277 0.019151 0.0500
42800 -1.373935 0.018512 0.0500
42900 -1.370422 0.018283 0.0500
43000 -1.389059 0.018787 0.0500
43100 -1.401974 0.018871 0.0500
43200 -1.380644 0.018371 0.0500
43300 -1.371915 0.017986 0.0500
43400 -1.394000 0.018509 0.0500
43500 -1.419832 0.018502 0.0500
43600 -1.401165 0.018415 0.0500
43700 -1.374452 0.017758 0.0500
43800 -1.387331 0.018024 0.0500
43900 -1.416617 0.018193 0.0500
44000 -1.401812 0.018071 0.0500
44100 -1.381399 0.017633 0.0500
44200 -1.400966 0.017891 0.0500
44300 -1.428683 0.017858 0.0500
44400 -1.419012 0.017771 0.0500
44500 -1.407759 0.017678 0.0500
44600 -1.434640 0.017637 0.0500
44700 -1.464152 0.018765 0.0500
44800 -1.463431 0.018605 0.0500
44900 -1.437742 0.017424 0.0500
45000 -1.435583 0.017318 0.0500
45100 -1.460360 0.018114 0.0500
45200 -1.467714 0.018657 0.0500
45300 -1.437659 0.017102 0.0500
45400 -1.415274 0.017068 0.0500
45500 -1.435749 0.016930 0.0500
45600 -1.458879 0.017618 0.0500
45700 -1.448061 0.017002 0.0500
45800 -1.413490 0.016808 0.0500
45900 -1.410103 0.016759 0.0500
46000 -1.430875 0.016542 0.0500
46100 -1.433072 0.016470 0.0500
46200 -1.408976 0.016552 0.0500
46300 -1.397881 0.016556 0.0500
46400 -1.409337 0.016398 0.0500
46500 -1.417589 0.016249 0.0500
46600 -1.391659 0.016360 0.0500
46700 -1.371450 0.016219 0.0500
46800 -1.380763 0.016200 0.0500
46900 -1.391554 0.016146 0.0500
47000 -1.370678 0.016002 0.0500
47100 -1.353814 0.015837 0.0500
47200 -1.371279 0.015868 0.0500
47300 -1.389928 0.015887 0.0500
47400 -1.375939 0.015761 0.0500
47500 -1.355836 0.015589 0.0500
47600 -1.367039 0.015572 0.0500
47700 -1.395310 0.015647 0.0500
47800 -1.395448 0.015579 0.0500
47900 -1.368039 0.015394 0.0500
48000 -1.368781 0.015332 0.0500
48100 -1.382518 0.015343 0.0500
48200 -1.368307 0.015201 0.0500
48300 -1.343122 0.015188 0.0500
48400 -1.361138 0.015053 0.0500
48500 -1.392206 0.015171 0.0500
48600 -1.388028 0.015082 0.0500
48700 -1.368158 0.014902 0.0500
48800 -1.367520 0.014837 0.0500
48900 -1.384706 0.014880 0.0500
49000 -1.399864 0.014923 0.0500
49100 -1.385768 0.014767 0.0500
49200 -1.372948 0.014631 0.0500
49300 -1.387729 0.014662 0.0500
49400 -1.408157 0.014757 0.0500
49500 -1.399972 0.014632 0.0500
49600 -1.380424 0.014447 0.0500
49700 -1.392055 0.014460 0.0500
49800 -1.431210 0.014887 0.0500
49900 -1.437771 0.015023 0.0500
50000 -1.413035 0.014469 0.0500
50100 -1.405425 0.014346 0.0500
50200 -1.425755 0.014533 0.0500
50300 -1.423768 0.014438 0.0500
50400 -1.391938 0.014117 0.0500
50500 -1.374452 0.014040 0.0500
50600 -1.398201 0.014037 0.0500
50700 -1.420300 0.014190 0.0500
50800 -1.398895 0.013936 0.0500
50900 -1.378466 0.013843 0.0500
51000 -1.390904 0.013800 0.0500
51100 -1.412258 0.013888 0.0500
51200 -1.405015 0.013767 0.0500
51300 -1.385110 0.013641 0.0500
51400 -1.385562 0.013589 0.0500
51500 -1.408911 0.013653 0.0500
51600 -1.416681 0.013700 0.0500
51700 -1.398532 0.013475 0.0500
51800 -1.397320 0.013419 0.0500
51900 -1.417463 0.013565 0.0500
52000 -1.417688 0.013517 0.0500
52100 -1.404985 0.013317 0.0500
52200 -1.403970 0.013260 0.0500
52300 -1.409387 0.013257 0.0500
52400 -1.406635 0.013182 0.0500
52500 -1.391713 0.013077 0.0500
52600 -1.386971 0.013038 0.0500
52700 -1.403514 0.013019 0.0500
52800 -1.407879 0.013008 0.0500
52900 -1.383796 0.012917 0.0500
53000 -1.374092 0.012954 0.0500
53100 -1.396075 0.012807 0.0500
53200 -1.413282 0.012909 0.0500
53300 -1.391328 0.012715 0.0500
53400 -1.369201 0.012860 0.0500
53500 -1.375590 0.012724 0.0500
53600 -1.386175 0.012597 0.0500
53700 -1.374014 0.012655 0.0500
53800 -1.362686 0.012808 0.0500
53900 -1.375099 0.012553 0.0500
54000 -1.387463 0.012424 0.0500
54100 -1.377567 0.012440 0.0500
54200 -1.361743 0.012660 0.0500
54300 -1.351329 0.012913 0.0500
54400 -1.344201 0.013133 0.0500
54500 -1.345831 0.013020 0.0500
54600 -1.343980 0.013047 0.0500
54700 -1.338905 0.013223 0.0500
54800 -1.339320 0.013155 0.0500
54900 -1.341240 0.013020 0.0500
55000 -1.341846 0.012946 0.0500
55100 -1.331232 0.013426 0.0500
55200 -1.319999 0.014102 0.0500
55300 -1.305136 0.015351 0.0500
55400 -1.299706 0.015888 0.0500
55500 -1.300892 0.015679 0.0500
55600 -1.304943 0.015171 0.0500
55700 -1.309385 0.014676 0.0500
55800 -1.302345 0.015320 0.0500
55900 -1.292835 0.016435 0.0500
56000 -1.279556 0.018626 0.0500
56100 -1.272929 0.020035 0.0500
56200 -1.279004 0.018540 0.0500
56300 -1.292075 0.016218 0.0500
56400 -1.310742 0.014129 0.0500
56500 -1.314313 0.013793 0.0500
56600 -1.305405 0.014491 0.0500
56700 -1.298853 0.015113 0.0500
56800 -1.304131 0.014494 0.0500
56900 -1.310480 0.013871 0.0500
57000 -1.306605 0.014148 0.0500
57100 -1.291417 0.015812 0.0500
57200 -1.296279 0.015109 0.0500
57300 -1.321736 0.012896 0.0500
57400 -1.329585 0.012461 0.0500
57500 -1.319582 0.012930 0.0500
57600 -1.309398 0.013598 0.0500
57700 -1.319657 0.012831 0.0500
57800 -1.339874 0.011929 0.0500
57900 -1.339412 0.011902 0.0500
58000 -1.328498 0.012254 0.0500
58100 -1.330505 0.012127 0.0500
58200 -1.349475 0.011567 0.0500
58300 -1.357988 0.011435 0.0500
58400 -1.349505 0.011493 0.0500
58500 -1.339479 0.011673 0.0500
58600 -1.342183 0.011564 0.0500
58700 -1.356743 0.011302 0.0500
58800 -1.372769 0.011272 0.0500
58900 -1.380851 0.011320 0.0500
59000 -1.383082 0.011315 0.0500
59100 -1.377254 0.011206 0.0500
59200 -1.387510 0.011316 0.0500
59300 -1.404374 0.011665 0.0500
59400 -1.404776 0.011638 0.0500
59500 -1.393020 0.011314 0.0500
59600 -1.402395 0.011499 0.0500
59700 -1.425258 0.012272 0.0500
59800 -1.440898 0.013119 0.0500
59900 -1.426115 0.012226 0.0500
60000 -1.416295 0.011783 0.0500
60100 -1.425828 0.012132 0.0500
60200 -1.440361 0.012911 0.0500
60300 -1.443580 0.013095 0.0500
60400 -1.434851 0.012470 0.0500
60500 -1.429974 0.012163 0.0500
60600 -1.432323 0.012244 0.0500
60700 -1.448184 0.013285 0.0500
60800 -1.442516 0.012792 0.0500
60900 -1.429477 0.011973 0.0500
61000 -1.436571 0.012315 0.0500
61100 -1.445174 0.012860 0.0500
61200 -1.444296 0.012746 0.0500
61300 -1.442881 0.012597 0.0500
61400 -1.437681 0.012210 0.0500
61500 -1.446820 0.012810 0.0500
61600 -1.454636 0.013475 0.0500
61700 -1.446769 0.012712 0.0500
61800 -1.430710 0.011671 0.0500
61900 -1.426564 0.011452 0.0500
62000 -1.444802 0.012439 0.0500
62100 -1.456355 0.013436 0.0500
62200 -1.432755 0.011617 0.0500
62300 -1.410433 0.010832 0.0500
62400 -1.412901 0.010854 0.0500
62500 -1.423640 0.011132 0.0500
62600 -1.415678 0.010856 0.0500
62700 -1.397008 0.010503 0.0500
62800 -1.401666 0.010526 0.0500
62900 -1.421905 0.010947 0.0500
63000 -1.428124 0.011147 0.0500
63100 -1.409701 0.010564 0.0500
63200 -1.396373 0.010352 0.0500
63300 -1.418514 0.010715 0.0500
63400 -1.443660 0.011903 0.0500
63500 -1.440722 0.011660 0.0500
63600 -1.412700 0.010477 0.0500
63700 -1.407979 0.010356 0.0500
63800 -1.430401 0.010993 0.0500
63900 -1.438528 0.011391 0.0500
64000 -1.415663 0.010424 0.0500
64100 -1.393758 0.010105 0.0500
64200 -1.399007 0.010107 0.0500
64300 -1.417130 0.010376 0.0500
64400 -1.408191 0.010159 0.0500
64500 -1.387577 0.009989 0.0500
64600 -1.380432 0.009991 0.0500
64700 -1.392387 0.009936 0.0500
64800 -1.406533 0.010028 0.0500
64900 -1.399446 0.009919 0.0500
65000 -1.390464 0.009853 0.0500
65100 -1.402033 0.009889 0.0500
65200 -1.418218 0.010171 0.0500
65300 -1.414025 0.010033 0.0500
65400 -1.404039 0.009830 0.0500
65500 -1.409529 0.009886 0.0500
65600 -1.422413 0.010192 0.0500
65700 -1.415288 0.009953 0.0500
65800 -1.402516 0.009708 0.0500
65900 -1.410587 0.009797 0.0500
66000 -1.427028 0.010259 0.0500
66100 -1.422059 0.010042 0.0500
66200 -1.400996 0.009592 0.0500
66300 -1.396961 0.009542 0.0500
66400 -1.409028 0.009639 0.0500
66500 -1.406037 0.009569 0.0500
66600 -1.378855 0.009548 0.0500
66700 -1.358483 0.009948 0.0500
66800 -1.374467 0.009559 0.0500
66900 -1.390137 0.009393 0.0500
67000 -1.371188 0.009566 0.0500
67100 -1.333931 0.010885 0.0500
67200 -1.323436 0.011509 0.0500
67300 -1.359539 0.009767 0.0500
67400 -1.380936 0.009344 0.0500
67500 -1.351114 0.009990 0.0500
67600 -1.310974 0.012419 0.0500
67700 -1.323861 0.011337 0.0500
67800 -1.353377 0.009832 0.0500
67900 -1.359559 0.009619 0.0500
68000 -1.331336 0.010774 0.0500
68100 -1.307312 0.012618 0.0500
68200 -1.309398 0.012366 0.0500
68300 -1.330180 0.010742 0.0500
68400 -1.334932 0.010445 0.0500
68500 -1.315228 0.011733 0.0500
68600 -1.306065 0.012553 0.0500
68700 -1.319488 0.011318 0.0500
68800 -1.338440 0.010151 0.0500
68900 -1.335769 0.010250 0.0500
69000 -1.315985 0.011495 0.0500
69100 -1.304732 0.012515 0.0500
69200 -1.321488 0.011004 0.0500
69300 -1.349450 0.009584 0.0500
69400 -1.353997 0.009423 0.0500
69500 -1.338649 0.009946 0.0500
69600 -1.330853 0.010307 0.0500
69700 -1.340946 0.009792 0.0500
69800 -1.348081 0.009500 0.0500
69900 -1.340488 0.009758 0.0500
70000 -1.324815 0.010558 0.0500
70100 -1.321869 0.010724 0.0500
70200 -1.330591 0.010151 0.0500
70300 -1.331149 0.010092 0.0500
70400 -1.322797 0.010569 0.0500
70500 -1.309793 0.011584 0.0500
70600 -1.307447 0.011776 0.0500
70700 -1.334769 0.009794 0.0500
70800 -1.353439 0.009112 0.0500
70900 -1.349436 0.009194 0.0500
71000 -1.329030 0.010017 0.0500
71100 -1.329186 0.009980 0.0500
71200 -1.349135 0.009131 0.0500
71300 -1.369903 0.008751 0.0500
71400 -1.373896 0.008708 0.0500
71500 -1.353929 0.008945 0.0500
71600 -1.350220 0.009015 0.0500
71700 -1.373290 0.008649 0.0500
71800 -1.387427 0.008661 0.0500
71900 -1.371900 0.008614 0.0500
72000 -1.345956 0.009065 0.0500
72100 -1.356423 0.008767 0.0500
72200 -1.389370 0.008607 0.0500
72300 -1.400100 0.008750 0.0500
72400 -1.370088 0.008528 0.0500
72500 -1.351331 0.008814 0.0500
72600 -1.380129 0.008469 0.0500
72700 -1.421128 0.009344 0.0500
72800 -1.402991 0.008721 0.0500
72900 -1.368585 0.008451 0.0500
73000 -1.367730 0.008439 0.0500
73100 -1.404984 0.008716 0.0500
73200 -1.420749 0.009235 0.0500
73300 -1.389611 0.008402 0.0500
73400 -1.367444 0.008376 0.0500
73500 -1.395216 0.008438 0.0500
73600 -1.425857 0.009408 0.0500
73700 -1.414066 0.008873 0.0500
73800 -1.378801 0.008254 0.0500
73900 -1.381193 0.008238 0.0500
74000 -1.412705 0.008771 0.0500
74100 -1.415463 0.008848 0.0500
74200 -1.383386 0.008193 0.0500
74300 -1.375309 0.008174 0.0500
74400 -1.397067 0.008300 0.0500
74500 -1.419161 0.008924 0.0500
74600 -1.408262 0.008516 0.0500
74700 -1.375375 0.008108 0.0500
74800 -1.366607 0.008166 0.0500
74900 -1.379544 0.008063 0.0500
75000 -1.387009 0.008071 0.0500
75100 -1.370494 0.008069 0.0500
75200 -1.344595 0.008660 0.0500
75300 -1.345047 0.008622 0.0500
75400 -1.360867 0.008151 0.0500
75500 -1.358359 0.008184 0.0500
75600 -1.339201 0.008811 0.0500
75700 -1.327814 0.009417 0.0500
75800 -1.336812 0.008882 0.0500
75900 -1.349560 0.008343 0.0500
76000 -1.355714 0.008151 0.0500
76100 -1.344531 0.008482 0.0500
76200 -1.331499 0.009085 0.0500
76300 -1.326510 0.009372 0.0500
76400 -1.327435 0.009287 0.0500
76500 -1.331592 0.009010 0.0500
76600 -1.330547 0.009048 0.0500
76700 -1.325365 0.009353 0.0500
76800 -1.319173 0.009784 0.0500
76900 -1.328139 0.009123 0.0500
77000 -1.345090 0.008278 0.0500
77100 -1.353812 0.007998 0.0500
77200 -1.351922 0.008028 0.0500
77300 -1.350320 0.008055 0.0500
77400 -1.349551 0.008059 0.0500
77500 -1.345244 0.008180 0.0500
77600 -1.346504 0.008118 0.0500
77700 -1.361450 0.007746 0.0500
77800 -1.366554 0.007670 0.0500
77900 -1.367149 0.007649 0.0500
78000 -1.358941 0.007736 0.0500
78100 -1.356417 0.007767 0.0500
78200 -1.370043 0.007582 0.0500
78300 -1.383039 0.007596 0.0500
78400 -1.385512 0.007605 0.0500
78500 -1.382553 0.007560 0.0500
78600 -1.382239 0.007541 0.0500
78700 -1.392137 0.007655 0.0500
78800 -1.393731 0.007669 0.0500
78900 -1.373397 0.007465 0.0500
79000 -1.366015 0.007490 0.0500
79100 -1.389343 0.007547 0.0500
79200 -1.409323 0.008048 0.0500
79300 -1.402504 0.007806 0.0500
79400 -1.386928 0.007466 0.0500
79500 -1.394379 0.007573 0.0500
79600 -1.418215 0.008358 0.0500
79700 -1.413393 0.008122 0.0500
79800 -1.389528 0.007441 0.0500
79900 -1.374833 0.007323 0.0500
80000 -1.396509 0.007541 0.0500
80100 -1.428262 0.008836 0.0500
80200 -1.429889 0.008919 0.0500
80300 -1.413671 0.008034 0.0500
80400 -1.412988 0.007988 0.0500
80500 -1.424564 0.008532 0.0500
80600 -1.430139 0.008855 0.0500
80700 -1.414349 0.007989 0.0500
80800 -1.400946 0.007521 0.0500
80900 -1.412700 0.007888 0.0500
81000 -1.434782 0.009107 0.0500
81100 -1.436970 0.009253 0.0500
81200 -1.426390 0.008502 0.0500
81300 -1.423229 0.008303 0.0500
81400 -1.422396 0.008239 0.0500
81500 -1.429838 0.008656 0.0500
81600 -1.431850 0.008769 0.0500
81700 -1.429210 0.008573 0.0500
81800 -1.426258 0.008374 0.0500
81900 -1.441055 0.009419 0.0500
82000 -1.457569 0.011200 0.0500
82100 -1.466358 0.012481 0.0500
82200 -1.459987 0.011459 0.0500
82300 -1.459465 0.011349 0.0500
82400 -1.461860 0.011656 0.0500
82500 -1.474769 0.013856 0.0500
82600 -1.486039 0.016378 0.0500
82700 -1.485510 0.016168 0.0500
82800 -1.491537 0.017717 0.0500
82900 -1.500329 0.020352 0.0500
83000 -1.496592 0.019032 0.0500
83100 -1.491086 0.017312 0.0500
83200 -1.504980 0.021637 0.0500
83300 -1.519604 0.027356 0.0500
83400 -1.530728 0.032399 0.0500
83500 -1.537282 0.035510 0.0500
83600 -1.538230 0.035668 0.0500
83700 -1.534056 0.033139 0.0500
83800 -1.524327 0.028218 0.0500
83900 -1.533199 0.032154 0.0500
84000 -1.541241 0.036021 0.0500
84100 -1.540687 0.035363 0.0500
84200 -1.551837 0.041374 0.0500
84300 -1.568814 0.052667 0.0500
84400 -1.572981 0.055263 0.0500
84500 -1.572616 0.054116 0.0500
84600 -1.569501 0.050860 0.0500
84700 -1.571090 0.051354 0.0500
84800 -1.572865 0.051999 0.0500
84900 -1.571870 0.050483 0.0500
85000 -1.565165 0.045044 0.0500
85100 -1.566401 0.045298 0.0500
85200 -1.568470 0.046123 0.0500
85300 -1.566505 0.044223 0.0500
85400 -1.555646 0.037369 0.0500
85500 -1.560340 0.039524 0.0500
85600 -1.566458 0.042735 0.0500
85700 -1.568871 0.043778 0.0500
85800 -1.566211 0.041562 0.0500
85900 -1.572794 0.045388 0.0500
86000 -1.588334 0.057776 0.0500
86100 -1.588088 0.056611 0.0500
86200 -1.565827 0.039189 0.0500
86300 -1.561345 0.036372 0.0500
86400 -1.574947 0.044024 0.0500
86500 -1.590293 0.056163 0.0500
86600 -1.590684 0.055670 0.0500
86700 -1.589179 0.053383 0.0500
86800 -1.593759 0.057037 0.0500
86900 -1.601412 0.064588 0.0500
87000 -1.590321 0.051886 0.0500
87100 -1.575816 0.040328 0.0500
87200 -1.568497 0.035846 0.0500
87300 -1.573889 0.038355 0.0500
87400 -1.570774 0.036259 0.0500
87500 -1.560393 0.031224 0.0500
87600 -1.562266 0.031700 0.0500
87700 -1.564865 0.032508 0.0500
87800 -1.557613 0.029377 0.0500
87900 -1.540552 0.024095 0.0500
88000 -1.532845 0.022115 0.0500
88100 -1.549195 0.026102 0.0500
88200 -1.557236 0.028456 0.0500
88300 -1.548581 0.025536 0.0500
88400 -1.536391 0.022307 0.0500
88500 -1.543297 0.023803 0.0500
88600 -1.540496 0.022964 0.0500
88700 -1.515964 0.017878 0.0500
88800 -1.503564 0.015690 0.0500
88900 -1.523190 0.019031 0.0500
89000 -1.536778 0.021679 0.0500
89100 -1.518946 0.018048 0.0500
89200 -1.495678 0.014203 0.0500
89300 -1.506089 0.015732 0.0500
89400 -1.524264 0.018784 0.0500
89500 -1.500556 0.014737 0.0500
89600 -1.465294 0.010377 0.0500
89700 -1.473420 0.011155 0.0500
89800 -1.515191 0.016941 0.0500
89900 -1.519405 0.017590 0.0500
90000 -1.487436 0.012670 0.0500
90100 -1.476829 0.011373 0.0500
90200 -1.508270 0.015557 0.0500
90300 -1.518416 0.017168 0.0500
90400 -1.480373 0.011648 0.0500
90500 -1.447157 0.008766 0.0500
90600 -1.472226 0.010726 0.0500
90700 -1.503019 0.014518 0.0500
90800 -1.475349 0.010971 0.0500
90900 -1.444813 0.008544 0.0500
91000 -1.455072 0.009170 0.0500
91100 -1.486785 0.012178 0.0500
91200 -1.489103 0.012424 0.0500
91300 -1.462201 0.009626 0.0500
91400 -1.448445 0.008648 0.0500
91500 -1.473705 0.010603 0.0500
91600 -1.488634 0.012237 0.0500
91700 -1.467696 0.009979 0.0500
91800 -1.448250 0.008549 0.0500
91900 -1.464203 0.009634 0.0500
92000 -1.486485 0.011851 0.0500
92100 -1.469238 0.010008 0.0500
92200 -1.441993 0.008136 0.0500
92300 -1.438987 0.007978 0.0500
92400 -1.459552 0.009157 0.0500
92500 -1.459879 0.009157 0.0500
92600 -1.437590 0.007862 0.0500
92700 -1.430095 0.007557 0.0500
92800 -1.448637 0.008372 0.0500
92900 -1.471022 0.009999 0.0500
93000 -1.459455 0.009023 0.0500
93100 -1.426740 0.007386 0.0500
93200 -1.417376 0.007129 0.0500
93300 -1.444823 0.008079 0.0500
93400 -1.456683 0.008759 0.0500
93500 -1.435170 0.007614 0.0500
93600 -1.418197 0.007091 0.0500
93700 -1.437298 0.007668 0.0500
93800 -1.460795 0.008983 0.0500
93900 -1.455641 0.008600 0.0500
94000 -1.424163 0.007180 0.0500
94100 -1.405222 0.006819 0.0500
94200 -1.416202 0.006971 0.0500
94300 -1.433025 0.007414 0.0500
94400 -1.430593 0.007316 0.0500
94500 -1.417115 0.006948 0.0500
94600 -1.415233 0.006898 0.0500
94700 -1.421375 0.007014 0.0500
94800 -1.427017 0.007149 0.0500
94900 -1.428017 0.007164 0.0500
95000 -1.419691 0.006934 0.0500
95100 -1.421535 0.006962 0.0500
95200 -1.432139 0.007255 0.0500
95300 -1.439521 0.007527 0.0500
95400 -1.432058 0.007223 0.0500
95500 -1.432552 0.007225 0.0500
95600 -1.442739 0.007626 0.0500
95700 -1.447962 0.007876 0.0500
95800 -1.437714 0.007373 0.0500
95900 -1.424363 0.006922 0.0500
96000 -1.419160 0.006790 0.0500
96100 -1.419227 0.006778 0.0500
96200 -1.413044 0.006658 0.0500
96300 -1.408140 0.006583 0.0500
96400 -1.414334 0.006653 0.0500
96500 -1.429101 0.006978 0.0500
96600 -1.426988 0.006903 0.0500
96700 -1.423490 0.006798 0.0500
96800 -1.429653 0.006955 0.0500
96900 -1.431259 0.006992 0.0500
97000 -1.423298 0.006754 0.0500
97100 -1.419902 0.006666 0.0500
97200 -1.429955 0.006911 0.0500
97300 -1.433603 0.007019 0.0500
97400 -1.427762 0.006819 0.0500
97500 -1.426069 0.006760 0.0500
97600 -1.437854 0.007140 0.0500
97700 -1.448954 0.007662 0.0500
97800 -1.450364 0.007726 0.0500
97900 -1.439699 0.007173 0.0500
98000 -1.434283 0.006947 0.0500
98100 -1.438988 0.007114 0.0500
98200 -1.443051 0.007280 0.0500
98300 -1.430839 0.006792 0.0500
98400 -1.416255 0.006444 0.0500
98500 -1.411045 0.006365 0.0500
98600 -1.419433 0.006475 0.0500
98700 -1.424747 0.006576 0.0500
98800 -1.416278 0.006398 0.0500
98900 -1.412635 0.006337 0.0500
99000 -1.421784 0.006475 0.0500
99100 -1.430104 0.006675 0.0500
99200 -1.426562 0.006563 0.0500
99300 -1.420135 0.006407 0.0500
99400 -1.414295 0.006302 0.0500
99500 -1.415414 0.006306 0.0500
99600 -1.405345 0.006200 0.0500
99700 -1.387323 0.006236 0.0500
99800 -1.380629 0.006309 0.0500
99900 -1.394385 0.006165 0.0500
100000 -1.404501 0.006155 0.0500
100100 -1.401190 0.006135 0.0500
100200 -1.389058 0.006167 0.0500
100300 -1.387646 0.006169 0.0500
100400 -1.391137 0.006130 0.0500
100500 -1.386764 0.006157 0.0500
100600 -1.377460 0.006279 0.0500
100700 -1.383396 0.006175 0.0500
100800 -1.406738 0.006088 0.0500
100900 -1.421812 0.006288 0.0500
101000 -1.403291 0.006050 0.0500
101100 -1.382519 0.006150 0.0500
101200 -1.387323 0.006081 0.0500
101300 -1.410910 0.006075 0.0500
101400 -1.416440 0.006139 0.0500
101500 -1.401069 0.005994 0.0500
101600 -1.393595 0.005996 0.0500
101700 -1.406164 0.005995 0.0500
101800 -1.417699 0.006121 0.0500
101900 -1.411881 0.006026 0.0500
102000 -1.404913 0.005958 0.0500
102100 -1.389452 0.005977 0.0500
102200 -1.382815 0.006043 0.0500
102300 -1.385399 0.005998 0.0500
102400 -1.384985 0.005993 0.0500
102500 -1.376552 0.006119 0.0500
102600 -1.377147 0.006097 0.0500
102700 -1.381404 0.006013 0.0500
102800 -1.391166 0.005894 0.0500
102900 -1.393828 0.005870 0.0500
103000 -1.384231 0.005943 0.0500
103100 -1.387156 0.005900 0.0500
103200 -1.408865 0.005878 0.0500
103300 -1.419136 0.006019 0.0500
103400 -1.412882 0.005904 0.0500
103500 -1.410172 0.005862 0.0500
103600 -1.414552 0.005909 0.0500
103700 -1.419257 0.005982 0.0500
103800 -1.409441 0.005826 0.0500
103900 -1.393327 0.005782 0.0500
104000 -1.396534 0.005760 0.0500
104100 -1.420811 0.005978 0.0500
104200 -1.431227 0.006259 0.0500
104300 -1.408787 0.005774 0.0500
104400 -1.391025 0.005753 0.0500
104500 -1.387529 0.005776 0.0500
104600 -1.398097 0.005704 0.0500
104700 -1.406262 0.005718 0.0500
104800 -1.408536 0.005727 0.0500
104900 -1.400703 0.005678 0.0500
105000 -1.398845 0.005668 0.0500
105100 -1.406182 0.005681 0.0500
105200 -1.403562 0.005658 0.0500
105300 -1.399002 0.005641 0.0500
105400 -1.402832 0.005638 0.0500
105500 -1.409966 0.005678 0.0500
105600 -1.398132 0.005615 0.0500
105700 -1.393959 0.005620 0.0500
105800 -1.404967 0.005612 0.0500
105900 -1.405910 0.005609 0.0500
106000 -1.394852 0.005589 0.0500
106100 -1.386392 0.005651 0.0500
106200 -1.392097 0.005587 0.0500
106300 -1.394841 0.005563 0.0500
106400 -1.391153 0.005577 0.0500
106500 -1.390776 0.005571 0.0500
106600 -1.388952 0.005579 0.0500
106700 -1.380410 0.005689 0.0500
106800 -1.366695 0.006017 0.0500
106900 -1.356472 0.006383 0.0500
107000 -1.353259 0.006514 0.0500
107100 -1.368477 0.005932 0.0500
107200 -1.374676 0.005760 0.0500
107300 -1.356110 0.006356 0.0500
107400 -1.335737 0.007464 0.0500
107500 -1.333938 0.007574 0.0500
107600 -1.341733 0.007049 0.0500
107700 -1.342032 0.007018 0.0500
107800 -1.325686 0.008165 0.0500
107900 -1.306309 0.010141 0.0500
108000 -1.298964 0.011106 0.0500
108100 -1.301694 0.010685 0.0500
108200 -1.296906 0.011346 0.0500
108300 -1.281412 0.014170 0.0500
108400 -1.263963 0.019063 0.0500
108500 -1.261659 0.019811 0.0500
108600 -1.264396 0.018704 0.0500
108700 -1.253537 0.023060 0.0500
108800 -1.232744 0.036578 0.0500
108900 -1.233322 0.035710 0.0500
109000 -1.244813 0.027118 0.0500
109100 -1.237866 0.031528 0.0500
109200 -1.209639 0.062138 0.0500
109300 -1.191513 0.092931 0.0500
109400 -1.198738 0.077090 0.0500
109500 -1.208461 0.060033 0.0500
109600 -1.189873 0.090388 0.0500
109700 -1.167725 0.133849 0.0500
109800 -1.182339 0.099329 0.0500
109900 -1.197578 0.070155 0.0500
110000 -1.168305 0.122333 0.0500
110100 -1.142339 0.167522 0.0500
110200 -1.156676 0.134764 0.0500
110300 -1.178346 0.092298 0.0500
110400 -1.175655 0.094325 0.0500
110500 -1.160852 0.116539 0.0500
110600 -1.155516 0.121679 0.0500
110700 -1.176075 0.085686 0.0500
110800 -1.196445 0.057593 0.0500
110900 -1.183426 0.072396 0.0500
111000 -1.172704 0.085559 0.0500
111100 -1.185336 0.066951 0.0500
111200 -1.210560 0.040694 0.0500
111300 -1.215335 0.036683 0.0500
111400 -1.197344 0.051439 0.0500
111500 -1.180906 0.068973 0.0500
111600 -1.200017 0.047307 0.0500
111700 -1.235986 0.023928 0.0500
111800 -1.251360 0.018498 0.0500
111900 -1.240488 0.021909 0.0500
112000 -1.230040 0.026104 0.0500
112100 -1.235036 0.023725 0.0500
112200 -1.248112 0.018986 0.0500
112300 -1.259817 0.015874 0.0500
112400 -1.255150 0.016899 0.0500
112500 -1.242951 0.020333 0.0500
112600 -1.241618 0.020668 0.0500
112700 -1.257031 0.016187 0.0500
112800 -1.277229 0.012400 0.0500
112900 -1.283605 0.011491 0.0500
113000 -1.273782 0.012835 0.0500
113100 -1.263299 0.014626 0.0500
113200 -1.257177 0.015865 0.0500
113300 -1.256592 0.015929 0.0500
113400 -1.273905 0.012613 0.0500
113500 -1.283100 0.011307 0.0500
113600 -1.280473 0.011606 0.0500
113700 -1.282355 0.011328 0.0500
113800 -1.286694 0.010772 0.0500
113900 -1.290072 0.010367 0.0500
114000 -1.288258 0.010534 0.0500
114100 -1.275877 0.012057 0.0500
114200 -1.276508 0.011927 0.0500
114300 -1.290559 0.010189 0.0500
114400 -1.308467 0.008570 0.0500
114500 -1.318448 0.007850 0.0500
114600 -1.314964 0.008064 0.0500
114700 -1.321575 0.007618 0.0500
114800 -1.338969 0.006678 0.0500
114900 -1.336091 0.006800 0.0500
115000 -1.321278 0.007593 0.0500
115100 -1.325490 0.007328 0.0500
115200 -1.341119 0.006532 0.0500
115300 -1.338114 0.006653 0.0500
115400 -1.319902 0.007621 0.0500
115500 -1.309755 0.008294 0.0500
115600 -1.319938 0.007585 0.0500
115700 -1.326926 0.007160 0.0500
115800 -1.325289 0.007237 0.0500
115900 -1.323135 0.007346 0.0500
116000 -1.331750 0.006864 0.0500
116100 -1.340123 0.006463 0.0500
116200 -1.332056 0.006823 0.0500
116300 -1.325656 0.007147 0.0500
116400 -1.328938 0.006956 0.0500
116500 -1.348728 0.006083 0.0500
116600 -1.352969 0.005933 0.0500
116700 -1.329722 0.006880 0.0500
116800 -1.319609 0.007439 0.0500
116900 -1.334986 0.006596 0.0500
117000 -1.339484 0.006384 0.0500
117100 -1.316140 0.007620 0.0500
117200 -1.297929 0.009016 0.0500
117300 -1.290766 0.009693 0.0500
117400 -1.299974 0.008787 0.0500
117500 -1.303734 0.008450 0.0500
117600 -1.291197 0.009577 0.0500
117700 -1.285750 0.010146 0.0500
117800 -1.295523 0.009099 0.0500
117900 -1.295575 0.009071 0.0500
118000 -1.285490 0.010097 0.0500
118100 -1.277012 0.011144 0.0500
118200 -1.272573 0.011761 0.0500
118300 -1.264327 0.013133 0.0500
118400 -1.262091 0.013519 0.0500
118500 -1.262134 0.013459 0.0500
118600 -1.258684 0.014124 0.0500
118700 -1.249969 0.016182 0.0500
118800 -1.244284 0.017768 0.0500
118900 -1.240567 0.018904 0.0500
119000 -1.236126 0.020424 0.0500
119100 -1.240563 0.018699 0.0500
119200 -1.237047 0.019854 0.0500
119300 -1.222491 0.026323 0.0500
119400 -1.211166 0.033136 0.0500
119500 -1.208687 0.034612 0.0500
119600 -1.219489 0.027293 0.0500
119700 -1.221702 0.025876 0.0500
119800 -1.208453 0.033957 0.0500
119900 -1.196104 0.043864 0.0500
120000 -1.199090 0.040638 0.0500
120100 -1.209044 0.032458 0.0500
120200 -1.204035 0.035804 0.0500
120300 -1.188171 0.049838 0.0500
120400 -1.173706 0.066360 0.0500
120500 -1.180460 0.056748 0.0500
120600 -1.198719 0.038002 0.0500
120700 -1.209626 0.029896 0.0500
120800 -1.195560 0.039889 0.0500
120900 -1.175840 0.059805 0.0500
121000 -1.181505 0.052280 0.0500
121100 -1.202156 0.033346 0.0500
121200 -1.207015 0.029874 0.0500
121300 -1.198191 0.035605 0.0500
121400 -1.194587 0.038044 0.0500
121500 -1.194124 0.038012 0.0500
121600 -1.199411 0.033639 0.0500
121700 -1.205531 0.029350 0.0500
121800 -1.208360 0.027480 0.0500
121900 -1.200635 0.031974 0.0500
122000 -1.188659 0.040890 0.0500
122100 -1.186554 0.042300 0.0500
122200 -1.202168 0.030015 0.0500
122300 -1.223184 0.019808 0.0500
122400 -1.227212 0.018359 0.0500
122500 -1.210364 0.024959 0.0500
122600 -1.202004 0.029378 0.0500
122700 -1.226105 0.018359 0.0500
122800 -1.257184 0.011709 0.0500
122900 -1.268309 0.010361 0.0500
123000 -1.244455 0.013668 0.0500
123100 -1.226134 0.018105 0.0500
123200 -1.241220 0.014183 0.0500
123300 -1.278686 0.009295 0.0500
123400 -1.280043 0.009164 0.0500
123500 -1.250826 0.012360 0.0500
123600 -1.240466 0.014179 0.0500
123700 -1.268714 0.010066 0.0500
123800 -1.304999 0.007515 0.0500
123900 -1.308536 0.007322 0.0500
124000 -1.278283 0.009167 0.0500
124100 -1.263306 0.010544 0.0500
124200 -1.289383 0.008334 0.0500
124300 -1.319613 0.006766 0.0500
124400 -1.319716 0.006749 0.0500
124500 -1.293811 0.008017 0.0500
124600 -1.286953 0.008428 0.0500
124700 -1.303043 0.007474 0.0500
124800 -1.320078 0.006682 0.0500
124900 -1.311572 0.007035 0.0500
125000 -1.292731 0.008001 0.0500
125100 -1.294558 0.007875 0.0500
125200 -1.317581 0.006733 0.0500
125300 -1.334373 0.006106 0.0500
125400 -1.327109 0.006342 0.0500
125500 -1.308829 0.007082 0.0500
125600 -1.310811 0.006977 0.0500
125700 -1.336136 0.006009 0.0500
125800 -1.347056 0.005700 0.0500
125900 -1.330979 0.006154 0.0500
126000 -1.315248 0.006739 0.0500
126100 -1.330606 0.006145 0.0500
126200 -1.359513 0.005409 0.0500
126300 -1.361754 0.005365 0.0500
126400 -1.349533 0.005589 0.0500
126500 -1.347354 0.005631 0.0500
126600 -1.368043 0.005255 0.0500
126700 -1.381254 0.005148 0.0500
126800 -1.367845 0.005243 0.0500
126900 -1.364617 0.005276 0.0500
127000 -1.383444 0.005120 0.0500
127100 -1.408886 0.005294 0.0500
127200 -1.412528 0.005354 0.0500
127300 -1.406416 0.005239 0.0500
127400 -1.410212 0.005294 0.0500
127500 -1.425011 0.005658 0.0500
127600 -1.437296 0.006139 0.0500
127700 -1.434905 0.006019 0.0500
127800 -1.436560 0.006084 0.0500
127900 -1.444914 0.006511 0.0500
128000 -1.448262 0.006703 0.0500
128100 -1.441769 0.006311 0.0500
128200 -1.448257 0.006678 0.0500
128300 -1.466911 0.008146 0.0500
128400 -1.484237 0.010100 0.0500
128500 -1.475685 0.009025 0.0500
128600 -1.462162 0.007653 0.0500
128700 -1.468815 0.008254 0.0500
128800 -1.494990 0.011525 0.0500
128900 -1.498719 0.012066 0.0500
129000 -1.476988 0.009057 0.0500
129100 -1.480509 0.009449 0.0500
129200 -1.492971 0.011093 0.0500
129300 -1.497268 0.011705 0.0500
129400 -1.491468 0.010806 0.0500
129500 -1.494654 0.011237 0.0500
129600 -1.512344 0.014125 0.0500
129700 -1.521131 0.015741 0.0500
129800 -1.503822 0.012541 0.0500
129900 -1.497470 0.011497 0.0500
130000 -1.509391 0.013396 0.0500
130100 -1.507721 0.013059 0.0500
130200 -1.488998 0.010186 0.0500
130300 -1.479676 0.009016 0.0500
130400 -1.491030 0.010403 0.0500
130500 -1.510868 0.013455 0.0500
130600 -1.513219 0.013821 0.0500
130700 -1.504146 0.012230 0.0500
130800 -1.509584 0.013086 0.0500
130900 -1.527340 0.016408 0.0500
131000 -1.537789 0.018709 0.0500
131100 -1.527493 0.016282 0.0500
131200 -1.521756 0.015055 0.0500
131300 -1.523987 0.015428 0.0500
131400 -1.539667 0.018843 0.0500
131500 -1.548878 0.021269 0.0500
131600 -1.551673 0.022006 0.0500
131700 -1.555560 0.023161 0.0500
131800 -1.565254 0.026810 0.0500
131900 -1.575389 0.031770 0.0500
132000 -1.572731 0.030005 0.0500
132100 -1.569837 0.028273 0.0500
132200 -1.579812 0.033677 0.0500
132300 -1.577431 0.031883 0.0500
132400 -1.561416 0.023980 0.0500
132500 -1.556755 0.022185 0.0500
132600 -1.573194 0.028870 0.0500
132700 -1.585142 0.036045 0.0500
132800 -1.581856 0.033403 0.0500
132900 -1.576267 0.029724 0.0500
133000 -1.578932 0.031002 0.0500
133100 -1.594715 0.042625 0.0500
133200 -1.591293 0.039095 0.0500
133300 -1.579884 0.030622 0.0500
133400 -1.585126 0.033690 0.0500
133500 -1.607135 0.054366 0.0500
133600 -1.612298 0.060408 0.0500
133700 -1.597572 0.042305 0.0500
133800 -1.592048 0.037036 0.0500
133900 -1.610072 0.055205 0.0500
134000 -1.627192 0.080931 0.0500
134100 -1.622936 0.071814 0.0500
134200 -1.614902 0.058408 0.0500
134300 -1.620333 0.065213 0.0500
134400 -1.626517 0.073829 0.0500
134500 -1.623015 0.066747 0.0500
134600 -1.615113 0.054563 0.0500
134700 -1.616803 0.055884 0.0500
134800 -1.628008 0.071261 0.0500
134900 -1.622457 0.061497 0.0500
135000 -1.610275 0.045683 0.0500
135100 -1.614857 0.050080 0.0500
135200 -1.637145 0.082239 0.0500
135300 -1.633437 0.074019 0.0500
135400 -1.616263 0.048981 0.0500
135500 -1.631564 0.068607 0.0500
135600 -1.651602 0.103324 0.0500
135700 -1.636667 0.073419 0.0500
135800 -1.626515 0.057307 0.0500
135900 -1.652218 0.098242 0.0500
136000 -1.668629 0.128365 0.0500
136100 -1.643564 0.077555 0.0500
136200 -1.633077 0.060673 0.0500
136300 -1.653283 0.090897 0.0500
136400 -1.649517 0.082243 0.0500
136500 -1.618288 0.041670 0.0500
136600 -1.603605 0.030822 0.0500
136700 -1.615458 0.038531 0.0500
136800 -1.624926 0.046496 0.0500
136900 -1.604924 0.030619 0.0500
137000 -1.585718 0.022164 0.0500
137100 -1.597155 0.026286 0.0500
137200 -1.613198 0.035211 0.0500
137300 -1.595201 0.025027 0.0500
137400 -1.563434 0.016819 0.0500
137500 -1.565195 0.017004 0.0500
137600 -1.584366 0.020959 0.0500
137700 -1.573636 0.018291 0.0500
137800 -1.539553 0.013878 0.0500
137900 -1.534211 0.013347 0.0500
138000 -1.558648 0.015743 0.0500
138100 -1.552820 0.015001 0.0500
138200 -1.516359 0.011619 0.0500
138300 -1.504399 0.010475 0.0500
138400 -1.519125 0.011798 0.0500
138500 -1.518341 0.011689 0.0500
138600 -1.487308 0.008830 0.0500
138700 -1.477991 0.008035 0.0500
138800 -1.487089 0.008770 0.0500
138900 -1.491909 0.009171 0.0500
139000 -1.479041 0.008060 0.0500
139100 -1.467800 0.007217 0.0500
139200 -1.463185 0.006904 0.0500
139300 -1.458505 0.006614 0.0500
139400 -1.455593 0.006442 0.0500
139500 -1.452185 0.006256 0.0500
139600 -1.450782 0.006177 0.0500
139700 -1.457587 0.006516 0.0500
139800 -1.451122 0.006172 0.0500
139900 -1.434292 0.005510 0.0500
140000 -1.424418 0.005248 0.0500
140100 -1.426506 0.005286 0.0500
140200 -1.427276 0.005297 0.0500
140300 -1.420162 0.005141 0.0500
140400 -1.415005 0.005052 0.0500
140500 -1.422480 0.005170 0.0500
140600 -1.440876 0.005675 0.0500
140700 -1.445116 0.005831 0.0500
140800 -1.430023 0.005318 0.0500
140900 -1.416528 0.005039 0.0500
141000 -1.418246 0.005058 0.0500
141100 -1.425936 0.005197 0.0500
141200 -1.429848 0.005284 0.0500
141300 -1.425379 0.005170 0.0500
141400 -1.418117 0.005027 0.0500
141500 -1.411611 0.004934 0.0500
141600 -1.405362 0.004874 0.0500
141700 -1.395872 0.004837 0.0500
141800 -1.398809 0.004834 0.0500
141900 -1.405141 0.004853 0.0500
142000 -1.404635 0.004843 0.0500
142100 -1.407617 0.004857 0.0500
142200 -1.408901 0.004861 0.0500
142300 -1.404257 0.004821 0.0500
142400 -1.395622 0.004792 0.0500
142500 -1.392766 0.004788 0.0500
142600 -1.403693 0.004799 0.0500
142700 -1.415979 0.004911 0.0500
142800 -1.404315 0.004790 0.0500
142900 -1.393438 0.004762 0.0500
143000 -1.397265 0.004755 0.0500
143100 -1.400960 0.004756 0.0500
143200 -1.400333 0.004748 0.0500
143300 -1.400467 0.004742 0.0500
143400 -1.404616 0.004754 0.0500
143500 -1.399440 0.004727 0.0500
143600 -1.391888 0.004722 0.0500
143700 -1.394176 0.004712 0.0500
143800 -1.406744 0.004743 0.0500
143900 -1.412237 0.004789 0.0500
144000 -1.407968 0.004740 0.0500
144100 -1.401249 0.004695 0.0500
144200 -1.398634 0.004682 0.0500
144300 -1.395577 0.004674 0.0500
144400 -1.388059 0.004689 0.0500
144500 -1.390393 0.004673 0.0500
144600 -1.400152 0.004661 0.0500
144700 -1.400546 0.004656 0.0500
144800 -1.395073 0.004644 0.0500
144900 -1.388410 0.004657 0.0500
145000 -1.394859 0.004632 0.0500
145100 -1.410787 0.004701 0.0500
145200 -1.417878 0.004790 0.0500
145300 -1.402434 0.004627 0.0500
145400 -1.393114 0.004612 0.0500
145500 -1.395785 0.004602 0.0500
145600 -1.402494 0.004610 0.0500
145700 -1.393671 0.004593 0.0500
145800 -1.390903 0.004594 0.0500
145900 -1.402778 0.004594 0.0500
146000 -1.411196 0.004653 0.0500
146100 -1.410604 0.004641 0.0500
146200 -1.408982 0.004619 0.0500
146300 -1.410204 0.004625 0.0500
146400 -1.398646 0.004552 0.0500
146500 -1.394956 0.004545 0.0500
146600 -1.407211 0.004580 0.0500
146700 -1.425479 0.004854 0.0500
146800 -1.421003 0.004753 0.0500
146900 -1.385578 0.004564 0.0500
147000 -1.368477 0.004777 0.0500
147100 -1.399747 0.004515 0.0500
147200 -1.438374 0.005211 0.0500
147300 -1.426805 0.004853 0.0500
147400 -1.393958 0.004499 0.0500
147500 -1.394872 0.004492 0.0500
147600 -1.428913 0.004891 0.0500
147700 -1.436040 0.005099 0.0500
147800 -1.396345 0.004475 0.0500
147900 -1.366266 0.004781 0.0500
148000 -1.384362 0.004518 0.0500
148100 -1.424119 0.004748 0.0500
148200 -1.432070 0.004948 0.0500
148300 -1.407559 0.004491 0.0500
148400 -1.392144 0.004452 0.0500
148500 -1.402541 0.004450 0.0500
148600 -1.410718 0.004503 0.0500
148700 -1.402031 0.004437 0.0500
148800 -1.390004 0.004440 0.0500
148900 -1.405697 0.004444 0.0500
149000 -1.422561 0.004665 0.0500
149100 -1.413313 0.004506 0.0500
149200 -1.397401 0.004401 0.0500
149300 -1.399412 0.004397 0.0500
149400 -1.423576 0.004665 0.0500
149500 -1.431148 0.004850 0.0500
149600 -1.399493 0.004382 0.0500
149700 -1.380235 0.004478 0.0500
149800 -1.405042 0.004392 0.0500
149900 -1.442095 0.005213 0.0500
150000 -1.435830 0.004971 0.0500
150100 -1.414293 0.004464 0.0500
150200 -1.420054 0.004549 0.0500
150300 -1.448740 0.005484 0.0500
150400 -1.450650 0.005571 0.0500
150500 -1.433028 0.004847 0.0500
150600 -1.427215 0.004679 0.0500
150700 -1.434451 0.004879 0.0500
150800 -1.427038 0.004662 0.0500
150900 -1.419597 0.004500 0.0500
151000 -1.418984 0.004484 0.0500
151100 -1.419745 0.004492 0.0500
151200 -1.423451 0.004557 0.0500
151300 -1.423447 0.004552 0.0500
151400 -1.419724 0.004474 0.0500
151500 -1.428842 0.004667 0.0500
151600 -1.444399 0.005199 0.0500
151700 -1.441469 0.005070 0.0500
151800 -1.423452 0.004522 0.0500
151900 -1.409661 0.004317 0.0500
152000 -1.423216 0.004506 0.0500
152100 -1.444287 0.005163 0.0500
152200 -1.441749 0.005050 0.0500
152300 -1.430104 0.004652 0.0500
152400 -1.434786 0.004785 0.0500
152500 -1.454505 0.005638 0.0500
152600 -1.463512 0.006182 0.0500
152700 -1.447715 0.005272 0.0500
152800 -1.439923 0.004936 0.0500
152900 -1.461084 0.005996 0.0500
153000 -1.476637 0.007132 0.0500
153100 -1.459752 0.005891 0.0500
153200 -1.446768 0.005188 0.0500
153300 -1.464960 0.006212 0.0500
153400 -1.480976 0.007457 0.0500
153500 -1.473076 0.006785 0.0500
153600 -1.461197 0.005931 0.0500
153700 -1.467983 0.006378 0.0500
153800 -1.474174 0.006835 0.0500
153900 -1.474376 0.006838 0.0500
154000 -1.466761 0.006257 0.0500
154100 -1.472822 0.006692 0.0500
154200 -1.486603 0.007855 0.0500
154300 -1.492671 0.008414 0.0500
154400 -1.468649 0.006341 0.0500
154500 -1.445741 0.005037 0.0500
154600 -1.444652 0.004985 0.0500
154700 -1.453439 0.005382 0.0500
154800 -1.455700 0.005493 0.0500
154900 -1.448798 0.005141 0.0500
155000 -1.442755 0.004882 0.0500
155100 -1.450033 0.005184 0.0500
155200 -1.450078 0.005178 0.0500
155300 -1.439846 0.004756 0.0500
155400 -1.425112 0.004358 0.0500
155500 -1.420884 0.004280 0.0500
155600 -1.433611 0.004545 0.0500
155700 -1.448007 0.005053 0.0500
155800 -1.449173 0.005098 0.0500
155900 -1.434368 0.004548 0.0500
156000 -1.417701 0.004211 0.0500
156100 -1.398684 0.004125 0.0500
156200 -1.378446 0.004319 0.0500
156300 -1.374814 0.004377 0.0500
156400 -1.378587 0.004307 0.0500
156500 -1.388461 0.004172 0.0500
156600 -1.392834 0.004130 0.0500
156700 -1.380994 0.004254 0.0500
156800 -1.363749 0.004593 0.0500
156900 -1.362933 0.004608 0.0500
157000 -1.364297 0.004568 0.0500
157100 -1.350719 0.004948 0.0500
157200 -1.336717 0.005441 0.0500
157300 -1.338138 0.005377 0.0500
157400 -1.347892 0.005019 0.0500
157500 -1.338073 0.005364 0.0500
157600 -1.323152 0.005986 0.0500
157700 -1.318491 0.006196 0.0500
157800 -1.324167 0.005920 0.0500
157900 -1.325551 0.005848 0.0500
158000 -1.313370 0.006419 0.0500
158100 -1.301701 0.007042 0.0500
158200 -1.301955 0.007014 0.0500
158300 -1.299304 0.007156 0.0500
158400 -1.297950 0.007223 0.0500
158500 -1.295518 0.007359 0.0500
158600 -1.289616 0.007730 0.0500
158700 -1.283966 0.008118 0.0500
158800 -1.289829 0.007681 0.0500
158900 -1.298976 0.007087 0.0500
159000 -1.298427 0.007105 0.0500
159100 -1.287956 0.007764 0.0500
159200 -1.278998 0.008423 0.0500
159300 -1.286561 0.007827 0.0500
159400 -1.291956 0.007444 0.0500
159500 -1.284202 0.007964 0.0500
159600 -1.281100 0.008182 0.0500
159700 -1.285074 0.007865 0.0500
159800 -1.292582 0.007340 0.0500
159900 -1.308950 0.006407 0.0500
160000 -1.307192 0.006484 0.0500
160100 -1.286846 0.007681 0.0500
160200 -1.273579 0.008718 0.0500
160300 -1.270779 0.008958 0.0500
160400 -1.292338 0.007267 0.0500
160500 -1.312262 0.006177 0.0500
160600 -1.303741 0.006588 0.0500
160700 -1.290947 0.007315 0.0500
160800 -1.295432 0.007024 0.0500
160900 -1.312509 0.006120 0.0500
161000 -1.307931 0.006327 0.0500
161100 -1.275873 0.008377 0.0500
161200 -1.251075 0.011266 0.0500
161300 -1.275629 0.008355 0.0500
161400 -1.324667 0.005561 0.0500
161500 -1.331291 0.005308 0.0500
161600 -1.294498 0.006980 0.0500
161700 -1.279258 0.008007 0.0500
161800 -1.308750 0.006202 0.0500
161900 -1.340122 0.004988 0.0500
162000 -1.326340 0.005448 0.0500
162100 -1.284834 0.007548 0.0500
162200 -1.286700 0.007403 0.0500
162300 -1.336493 0.005075 0.0500
162400 -1.361555 0.004413 0.0500
162500 -1.324123 0.005493 0.0500
162600 -1.289210 0.007203 0.0500
162700 -1.310637 0.006033 0.0500
162800 -1.348065 0.004707 0.0500
162900 -1.345019 0.004783 0.0500
163000 -1.306243 0.006216 0.0500
163100 -1.284246 0.007493 0.0500
163200 -1.304899 0.006259 0.0500
163300 -1.339696 0.004911 0.0500
163400 -1.316417 0.005722 0.0500
163500 -1.269922 0.008648 0.0500
163600 -1.267672 0.008853 0.0500
163700 -1.312413 0.005864 0.0500
163800 -1.342093 0.004813 0.0500
163900 -1.314248 0.005769 0.0500
164000 -1.271484 0.008432 0.0500
164100 -1.260564 0.009589 0.0500
164200 -1.286270 0.007217 0.0500
164300 -1.306079 0.006092 0.0500
164400 -1.292843 0.006777 0.0500
164500 -1.274465 0.008080 0.0500
164600 -1.278149 0.007755 0.0500
164700 -1.296078 0.006552 0.0500
164800 -1.297164 0.006481 0.0500
164900 -1.267538 0.008671 0.0500
165000 -1.243106 0.012168 0.0500
165100 -1.251602 0.010638 0.0500
165200 -1.288800 0.006910 0.0500
165300 -1.303967 0.006082 0.0500
165400 -1.276879 0.007728 0.0500
165500 -1.251729 0.010541 0.0500
165600 -1.263724 0.008935 0.0500
165700 -1.295164 0.006476 0.0500
165800 -1.293543 0.006553 0.0500
165900 -1.254671 0.010024 0.0500
166000 -1.234233 0.013898 0.0500
166100 -1.258138 0.009495 0.0500
166200 -1.294768 0.006436 0.0500
166300 -1.296463 0.006336 0.0500
166400 -1.267708 0.008370 0.0500
166500 -1.251183 0.010399 0.0500
166600 -1.267246 0.008373 0.0500
166700 -1.283120 0.007060 0.0500
166800 -1.262345 0.008855 0.0500
166900 -1.227919 0.015383 0.0500
167000 -1.233565 0.013763 0.0500
167100 -1.263617 0.008636 0.0500
167200 -1.279755 0.007210 0.0500
167300 -1.265647 0.008387 0.0500
167400 -1.234922 0.013303 0.0500
167500 -1.223160 0.016640 0.0500
167600 -1.240638 0.011930 0.0500
167700 -1.271125 0.007787 0.0500
167800 -1.265466 0.008291 0.0500
167900 -1.235989 0.012852 0.0500
168000 -1.221414 0.017007 0.0500
168100 -1.235249 0.012919 0.0500
168200 -1.264159 0.008324 0.0500
168300 -1.267995 0.007940 0.0500
168400 -1.256240 0.009177 0.0500
168500 -1.241553 0.011454 0.0500
168600 -1.247359 0.010391 0.0500
168700 -1.267935 0.007865 0.0500
168800 -1.293188 0.006203 0.0500
168900 -1.294601 0.006126 0.0500
169000 -1.281090 0.006840 0.0500
169100 -1.283992 0.006652 0.0500
169200 -1.302882 0.005745 0.0500
169300 -1.314851 0.005318 0.0500
169400 -1.303879 0.005690 0.0500
169500 -1.294228 0.006083 0.0500
169600 -1.304084 0.005663 0.0500
169700 -1.328260 0.004906 0.0500
169800 -1.332311 0.004799 0.0500
169900 -1.315934 0.005239 0.0500
170000 -1.301603 0.005729 0.0500
170100 -1.311107 0.005377 0.0500
170200 -1.330795 0.004809 0.0500
170300 -1.334949 0.004705 0.0500
170400 -1.310521 0.005375 0.0500
170500 -1.294145 0.006008 0.0500
170600 -1.304495 0.005570 0.0500
170700 -1.336577 0.004644 0.0500
170800 -1.353607 0.004309 0.0500
170900 -1.341836 0.004521 0.0500
171000 -1.340055 0.004552 0.0500
171100 -1.353749 0.004290 0.0500
171200 -1.361714 0.004164 0.0500
171300 -1.353633 0.004282 0.0500
171400 -1.344754 0.004437 0.0500
171500 -1.348632 0.004358 0.0500
171600 -1.364244 0.004111 0.0500
171700 -1.374655 0.003993 0.0500
171800 -1.355631 0.004225 0.0500
171900 -1.339565 0.004517 0.0500
172000 -1.344726 0.004407 0.0500
172100 -1.358612 0.004165 0.0500
172200 -1.349407 0.004309 0.0500
172300 -1.335246 0.004590 0.0500
172400 -1.337087 0.004543 0.0500
172500 -1.355008 0.004200 0.0500
172600 -1.366154 0.004042 0.0500
172700 -1.352779 0.004227 0.0500
172800 -1.327200 0.004758 0.0500
172900 -1.330117 0.004679 0.0500
173000 -1.351928 0.004226 0.0500
173100 -1.359501 0.004105 0.0500
173200 -1.345405 0.004332 0.0500
173300 -1.334753 0.004548 0.0500
173400 -1.337716 0.004476 0.0500
173500 -1.343347 0.004355 0.0500
173600 -1.334627 0.004534 0.0500
173700 -1.325028 0.004765 0.0500
173800 -1.331270 0.004601 0.0500
173900 -1.343731 0.004326 0.0500
174000 -1.333781 0.004530 0.0500
174100 -1.323424 0.004784 0.0500
174200 -1.328770 0.004638 0.0500
174300 -1.337442 0.004432 0.0500
174400 -1.348407 0.004215 0.0500
174500 -1.348994 0.004200 0.0500
174600 -1.338720 0.004389 0.0500
174700 -1.341025 0.004337 0.0500
174800 -1.354067 0.004104 0.0500
174900 -1.354990 0.004085 0.0500
175000 -1.343854 0.004267 0.0500
175100 -1.342146 0.004295 0.0500
175200 -1.360362 0.003998 0.0500
175300 -1.377392 0.003836 0.0500
175400 -1.378640 0.003825 0.0500
175500 -1.368905 0.003892 0.0500
175600 -1.358298 0.004008 0.0500
175700 -1.363938 0.003934 0.0500
175800 -1.373217 0.003843 0.0500
175900 -1.378774 0.003804 0.0500
176000 -1.375795 0.003817 0.0500
176100 -1.370494 0.003853 0.0500
176200 -1.363363 0.003920 0.0500
176300 -1.366446 0.003882 0.0500
176400 -1.372197 0.003826 0.0500
176500 -1.367423 0.003864 0.0500
176600 -1.353507 0.004035 0.0500
176700 -1.355204 0.004005 0.0500
176800 -1.368300 0.003843 0.0500
176900 -1.376225 0.003778 0.0500
177000 -1.376283 0.003774 0.0500
177100 -1.373456 0.003789 0.0500
177200 -1.378589 0.003753 0.0500
177300 -1.395559 0.003735 0.0500
177400 -1.402034 0.003765 0.0500
177500 -1.383754 0.003723 0.0500
177600 -1.363340 0.003865 0.0500
177700 -1.372906 0.003770 0.0500
177800 -1.393683 0.003711 0.0500
177900 -1.399717 0.003732 0.0500
178000 -1.386828 0.003698 0.0500
178100 -1.380564 0.003711 0.0500
178200 -1.384995 0.003693 0.0500
178300 -1.391796 0.003688 0.0500
178400 -1.388971 0.003682 0.0500
178500 -1.388249 0.003678 0.0500
178600 -1.389959 0.003675 0.0500
178700 -1.395817 0.003683 0.0500
178800 -1.408001 0.003769 0.0500
178900 -1.422644 0.004007 0.0500
179000 -1.415392 0.003863 0.0500
179100 -1.399469 0.003686 0.0500
179200 -1.393545 0.003658 0.0500
179300 -1.406526 0.003734 0.0500
179400 -1.421503 0.003962 0.0500
179500 -1.416795 0.003867 0.0500
179600 -1.401831 0.003682 0.0500
179700 -1.395016 0.003644 0.0500
179800 -1.401052 0.003669 0.0500
179900 -1.401620 0.003669 0.0500
180000 -1.404318 0.003687 0.0500
180100 -1.403863 0.003679 0.0500
180200 -1.402463 0.003664 0.0500
180300 -1.396719 0.003628 0.0500
180400 -1.403737 0.003667 0.0500
180500 -1.418589 0.003862 0.0500
180600 -1.419759 0.003880 0.0500
180700 -1.409085 0.003709 0.0500
180800 -1.412235 0.003745 0.0500
180900 -1.428001 0.004060 0.0500
181000 -1.444606 0.004638 0.0500
181100 -1.440752 0.004471 0.0500
181200 -1.424880 0.003966 0.0500
181300 -1.423959 0.003940 0.0500
181400 -1.441736 0.004496 0.0500
181500 -1.450798 0.004906 0.0500
181600 -1.439018 0.004378 0.0500
181700 -1.430056 0.004078 0.0500
181800 -1.429166 0.004048 0.0500
181900 -1.447249 0.004709 0.0500
182000 -1.467168 0.005885 0.0500
182100 -1.463290 0.005605 0.0500
182200 -1.452848 0.004969 0.0500
182300 -1.463933 0.005632 0.0500
182400 -1.503678 0.009229 0.0500
182500 -1.508357 0.009702 0.0500
182600 -1.482815 0.007101 0.0500
182700 -1.488394 0.007609 0.0500
182800 -1.527718 0.011668 0.0500
182900 -1.526347 0.011490 0.0500
183000 -1.496385 0.008342 0.0500
183100 -1.494904 0.008174 0.0500
183200 -1.532208 0.012008 0.0500
183300 -1.537935 0.012552 0.0500
183400 -1.502035 0.008832 0.0500
183500 -1.496034 0.008206 0.0500
183600 -1.528615 0.011516 0.0500
183700 -1.524720 0.011085 0.0500
183800 -1.496705 0.008210 0.0500
183900 -1.508411 0.009367 0.0500
184000 -1.524300 0.010959 0.0500
184100 -1.512381 0.009719 0.0500
184200 -1.494277 0.007895 0.0500
184300 -1.511000 0.009532 0.0500
184400 -1.532722 0.011697 0.0500
184500 -1.518538 0.010236 0.0500
184600 -1.509254 0.009277 0.0500
184700 -1.535444 0.011875 0.0500
184800 -1.530611 0.011350 0.0500
184900 -1.498527 0.008160 0.0500
185000 -1.495871 0.007892 0.0500
185100 -1.524992 0.010715 0.0500
185200 -1.523704 0.010556 0.0500
185300 -1.492867 0.007562 0.0500
185400 -1.498165 0.008031 0.0500
185500 -1.531458 0.011253 0.0500
185600 -1.520325 0.010122 0.0500
185700 -1.485602 0.006871 0.0500
185800 -1.493906 0.007571 0.0500
185900 -1.522845 0.010307 0.0500
186000 -1.510097 0.009042 0.0500
186100 -1.476333 0.006102 0.0500
186200 -1.489010 0.007084 0.0500
186300 -1.525163 0.010451 0.0500
186400 -1.513290 0.009271 0.0500
186500 -1.497478 0.007772 0.0500
186600 -1.514700 0.009363 0.0500
186700 -1.529554 0.010779 0.0500
186800 -1.511901 0.009045 0.0500
186900 -1.496252 0.007591 0.0500
187000 -1.525483 0.010305 0.0500
187100 -1.547085 0.012500 0.0500
187200 -1.527036 0.010392 0.0500
187300 -1.504924 0.008289 0.0500
187400 -1.522261 0.009883 0.0500
187500 -1.545231 0.012164 0.0500
187600 -1.527077 0.010283 0.0500
187700 -1.504044 0.008129 0.0500
187800 -1.519479 0.009517 0.0500
187900 -1.541696 0.011660 0.0500
188000 -1.529854 0.010439 0.0500
188100 -1.501697 0.007846 0.0500
188200 -1.500677 0.007742 0.0500
188300 -1.528764 0.010266 0.0500
188400 -1.530726 0.010424 0.0500
188500 -1.506718 0.008205 0.0500
188600 -1.514778 0.008899 0.0500
188700 -1.540372 0.011305 0.0500
188800 -1.534299 0.010660 0.0500
188900 -1.510345 0.008439 0.0500
189000 -1.493725 0.007039 0.0500
189100 -1.493577 0.007013 0.0500
189200 -1.489102 0.006658 0.0500
189300 -1.474778 0.005670 0.0500
189400 -1.466253 0.005172 0.0500
189500 -1.477849 0.005846 0.0500
189600 -1.488226 0.006552 0.0500
189700 -1.475711 0.005691 0.0500
189800 -1.455604 0.004635 0.0500
189900 -1.448820 0.004364 0.0500
190000 -1.449263 0.004375 0.0500
190100 -1.447499 0.004307 0.0500
190200 -1.441566 0.004112 0.0500
190300 -1.437363 0.003991 0.0500
190400 -1.430604 0.003828 0.0500
190500 -1.425874 0.003734 0.0500
190600 -1.425547 0.003724 0.0500
190700 -1.419160 0.003625 0.0500
190800 -1.422620 0.003669 0.0500
190900 -1.426480 0.003729 0.0500
191000 -1.421917 0.003651 0.0500
191100 -1.425099 0.003698 0.0500
191200 -1.431410 0.003814 0.0500
191300 -1.423212 0.003660 0.0500
191400 -1.404375 0.003477 0.0500
191500 -1.397116 0.003458 0.0500
191600 -1.407764 0.003487 0.0500
191700 -1.420952 0.003613 0.0500
191800 -1.420659 0.003605 0.0500
191900 -1.409294 0.003486 0.0500
192000 -1.407294 0.003470 0.0500
192100 -1.418088 0.003561 0.0500
192200 -1.419084 0.003570 0.0500
192300 -1.396692 0.003432 0.0500
192400 -1.372731 0.003566 0.0500
192500 -1.371674 0.003574 0.0500
192600 -1.388223 0.003441 0.0500
192700 -1.398301 0.003420 0.0500
192800 -1.385838 0.003446 0.0500
192900 -1.365712 0.003636 0.0500
193000 -1.374790 0.003524 0.0500
193100 -1.397184 0.003407 0.0500
193200 -1.395742 0.003404 0.0500
193300 -1.376819 0.003495 0.0500
193400 -1.369720 0.003567 0.0500
193500 -1.379647 0.003464 0.0500
193600 -1.390675 0.003400 0.0500
193700 -1.387317 0.003409 0.0500
193800 -1.373362 0.003512 0.0500
193900 -1.363952 0.003627 0.0500
194000 -1.352951 0.003807 0.0500
194100 -1.348515 0.003890 0.0500
194200 -1.349800 0.003860 0.0500
194300 -1.344428 0.003969 0.0500
194400 -1.343677 0.003981 0.0500
194500 -1.349261 0.003858 0.0500
194600 -1.355338 0.003739 0.0500
194700 -1.352110 0.003794 0.0500
194800 -1.339888 0.004052 0.0500
194900 -1.331282 0.004268 0.0500
195000 -1.338866 0.004067 0.0500
195100 -1.353716 0.003748 0.0500
195200 -1.354214 0.003735 0.0500
195300 -1.341845 0.003984 0.0500
195400 -1.339497 0.004035 0.0500
195500 -1.347855 0.003845 0.0500
195600 -1.351534 0.003769 0.0500
195700 -1.337878 0.004061 0.0500
195800 -1.325563 0.004392 0.0500
195900 -1.340289 0.003994 0.0500
196000 -1.364616 0.003542 0.0500
196100 -1.350171 0.003775 0.0500
196200 -1.311126 0.004863 0.0500
196300 -1.309590 0.004916 0.0500
196400 -1.345835 0.003850 0.0500
196500 -1.361578 0.003568 0.0500
196600 -1.331878 0.004176 0.0500
196700 -1.312373 0.004791 0.0500
196800 -1.342475 0.003906 0.0500
196900 -1.372755 0.003421 0.0500
197000 -1.361061 0.003559 0.0500
197100 -1.325108 0.004348 0.0500
197200 -1.325841 0.004321 0.0500
197300 -1.359319 0.003574 0.0500
197400 -1.374966 0.003387 0.0500
197500 -1.361973 0.003529 0.0500
197600 -1.354013 0.003649 0.0500
197700 -1.375387 0.003373 0.0500
197800 -1.389854 0.003299 0.0500
197900 -1.365056 0.003475 0.0500
198000 -1.343634 0.003838 0.0500
198100 -1.354557 0.003623 0.0500
198200 -1.368731 0.003421 0.0500
198300 -1.363749 0.003478 0.0500
198400 -1.351496 0.003667 0.0500
198500 -1.359789 0.003526 0.0500
198600 -1.371124 0.003383 0.0500
198700 -1.367512 0.003419 0.0500
198800 -1.358022 0.003543 0.0500
198900 -1.352825 0.003625 0.0500
199000 -1.352825 0.003622 0.0500
199100 -1.366687 0.003415 0.0500
199200 -1.380381 0.003293 0.0500
199300 -1.378088 0.003304 0.0500
199400 -1.372397 0.003346 0.0500
199500 -1.366441 0.003405 0.0500
199600 -1.367591 0.003389 0.0500
199700 -1.375034 0.003314 0.0500
199800 -1.376331 0.003301 0.0500
199900 -1.372711 0.003328 0.0500
200000 -1.377250 0.003289 0.0500
200100 -1.388903 0.003236 0.0500
200200 -1.383296 0.003249 0.0500
200300 -1.366517 0.003380 0.0500
200400 -1.359604 0.003468 0.0500
200500 -1.359944 0.003460 0.0500
200600 -1.348522 0.003652 0.0500
200700 -1.345568 0.003709 0.0500
200800 -1.355525 0.003518 0.0500
200900 -1.365512 0.003372 0.0500
201000 -1.370560 0.003314 0.0500
201100 -1.369058 0.003326 0.0500
201200 -1.378129 0.003247 0.0500
201300 -1.396811 0.003210 0.0500
201400 -1.379227 0.003235 0.0500
201500 -1.351817 0.003562 0.0500
201600 -1.357272 0.003466 0.0500
201700 -1.378761 0.003229 0.0500
201800 -1.384020 0.003202 0.0500
201900 -1.362686 0.003378 0.0500
202000 -1.347579 0.003628 0.0500
202100 -1.355935 0.003472 0.0500
202200 -1.363335 0.003360 0.0500
202300 -1.348274 0.003603 0.0500
202400 -1.334198 0.003926 0.0500
202500 -1.336088 0.003872 0.0500
202600 -1.341594 0.003735 0.0500
202700 -1.338709 0.003799 0.0500
202800 -1.341085 0.003738 0.0500
202900 -1.339588 0.003770 0.0500
203000 -1.327928 0.004077 0.0500
203100 -1.322952 0.004227 0.0500
203200 -1.333054 0.003923 0.0500
203300 -1.338160 0.003787 0.0500
203400 -1.319380 0.004332 0.0500
203500 -1.297415 0.005245 0.0500
203600 -1.297663 0.005225 0.0500
203700 -1.304943 0.004876 0.0500
203800 -1.292274 0.005495 0.0500
203900 -1.267486 0.007311 0.0500
204000 -1.261410 0.007935 0.0500
204100 -1.270198 0.007026 0.0500
204200 -1.263022 0.007723 0.0500
204300 -1.234414 0.012444 0.0500
204400 -1.201296 0.025810 0.0500
204500 -1.196394 0.028851 0.0500
204600 -1.212165 0.019679 0.0500
204700 -1.217458 0.017362 0.0500
204800 -1.195842 0.028728 0.0500
204900 -1.182168 0.039872 0.0500
205000 -1.202399 0.024066 0.0500
205100 -1.211172 0.019460 0.0500
205200 -1.194247 0.028969 0.0500
205300 -1.170285 0.051727 0.0500
205400 -1.166471 0.055839 0.0500
205500 -1.180106 0.039545 0.0500
205600 -1.189717 0.030913 0.0500
205700 -1.188027 0.031938 0.0500
205800 -1.177692 0.040783 0.0500
205900 -1.176263 0.041757 0.0500
206000 -1.177589 0.039954 0.0500
206100 -1.185337 0.032686 0.0500
206200 -1.179684 0.037194 0.0500
206300 -1.171136 0.045380 0.0500
206400 -1.172775 0.043052 0.0500
206500 -1.176018 0.039293 0.0500
206600 -1.185851 0.030581 0.0500
206700 -1.184110 0.031627 0.0500
206800 -1.177692 0.036667 0.0500
206900 -1.174068 0.039669 0.0500
207000 -1.179108 0.034672 0.0500
207100 -1.192432 0.024928 0.0500
207200 -1.189462 0.026554 0.0500
207300 -1.184463 0.029716 0.0500
207400 -1.189027 0.026412 0.0500
207500 -1.194083 0.023279 0.0500
207600 -1.196562 0.021843 0.0500
207700 -1.198478 0.020784 0.0500
207800 -1.193272 0.023290 0.0500
207900 -1.189314 0.025403 0.0500
208000 -1.194007 0.022586 0.0500
208100 -1.188473 0.025574 0.0500
208200 -1.167872 0.042289 0.0500
208300 -1.175940 0.034135 0.0500
208400 -1.205165 0.017077 0.0500
208500 -1.227875 0.011060 0.0500
208600 -1.206112 0.016613 0.0500
208700 -1.178851 0.031135 0.0500
208800 -1.185773 0.026037 0.0500
208900 -1.200430 0.018412 0.0500
209000 -1.214454 0.013726 0.0500
209100 -1.197073 0.019666 0.0500
209200 -1.166191 0.041724 0.0500
209300 -1.168254 0.039122 0.0500
209400 -1.197877 0.018852 0.0500
209500 -1.203686 0.016538 0.0500
209600 -1.179917 0.028560 0.0500
209700 -1.157901 0.049692 0.0500
209800 -1.162417 0.043651 0.0500
209900 -1.180129 0.027514 0.0500
210000 -1.179846 0.027495 0.0500
210100 -1.158308 0.047247 0.0500
210200 -1.148530 0.059782 0.0500
210300 -1.157477 0.046856 0.0500
210400 -1.167583 0.035700 0.0500
210500 -1.163240 0.039498 0.0500
210600 -1.148116 0.057493 0.0500
210700 -1.144905 0.061303 0.0500
210800 -1.163956 0.037174 0.0500
210900 -1.183638 0.022714 0.0500
211000 -1.186115 0.021320 0.0500
211100 -1.168487 0.032429 0.0500
211200 -1.152842 0.047952 0.0500
211300 -1.150394 0.050373 0.0500
211400 -1.156485 0.042489 0.0500
211500 -1.160922 0.037477 0.0500
211600 -1.154151 0.044120 0.0500
211700 -1.159076 0.038406 0.0500
211800 -1.181792 0.021798 0.0500
211900 -1.194368 0.016522 0.0500
212000 -1.183707 0.020653 0.0500
212100 -1.161520 0.035181 0.0500
212200 -1.165893 0.031173 0.0500
212300 -1.187192 0.018699 0.0500
212400 -1.192018 0.016803 0.0500
212500 -1.185921 0.019034 0.0500
212600 -1.173794 0.025055 0.0500
212700 -1.171228 0.026489 0.0500
212800 -1.176791 0.022986 0.0500
212900 -1.185852 0.018582 0.0500
213000 -1.195392 0.015174 0.0500
213100 -1.194676 0.015324 0.0500
213200 -1.187796 0.017577 0.0500
213300 -1.185832 0.018249 0.0500
213400 -1.190595 0.016407 0.0500
213500 -1.199780 0.013645 0.0500
213600 -1.200323 0.013459 0.0500
213700 -1.190630 0.016199 0.0500
213800 -1.176882 0.021929 0.0500
213900 -1.176757 0.021860 0.0500
214000 -1.204707 0.012223 0.0500
214100 -1.246629 0.007203 0.0500
214200 -1.257159 0.006568 0.0500
214300 -1.233835 0.008145 0.0500
214400 -1.213120 0.010595 0.0500
214500 -1.222386 0.009281 0.0500
214600 -1.255121 0.006625 0.0500
214700 -1.268367 0.005968 0.0500
214800 -1.242285 0.007395 0.0500
214900 -1.240191 0.007532 0.0500
215000 -1.280108 0.005458 0.0500
215100 -1.311133 0.004403 0.0500
215200 -1.293496 0.004961 0.0500
215300 -1.260026 0.006302 0.0500
215400 -1.271377 0.005776 0.0500
215500 -1.310973 0.004387 0.0500
215600 -1.321932 0.004077 0.0500
215700 -1.305833 0.004531 0.0500
215800 -1.301709 0.004654 0.0500
215900 -1.324092 0.004007 0.0500
216000 -1.341124 0.003619 0.0500
216100 -1.342989 0.003580 0.0500
216200 -1.326981 0.003923 0.0500
216300 -1.329328 0.003862 0.0500
216400 -1.354805 0.003375 0.0500
216500 -1.369780 0.003205 0.0500
216600 -1.357701 0.003329 0.0500
216700 -1.332601 0.003774 0.0500
216800 -1.332411 0.003774 0.0500
216900 -1.346789 0.003484 0.0500
217000 -1.342527 0.003558 0.0500
217100 -1.329543 0.003829 0.0500
217200 -1.333220 0.003741 0.0500
217300 -1.344751 0.003506 0.0500
217400 -1.352017 0.003383 0.0500
217500 -1.338774 0.003613 0.0500
217600 -1.325231 0.003915 0.0500
217700 -1.326253 0.003885 0.0500
217800 -1.339397 0.003589 0.0500
217900 -1.328721 0.003818 0.0500
218000 -1.311139 0.004282 0.0500
218100 -1.319750 0.004035 0.0500
218200 -1.342291 0.003519 0.0500
218300 -1.341913 0.003523 0.0500
218400 -1.310991 0.004270 0.0500
218500 -1.287590 0.005035 0.0500
218600 -1.298919 0.004635 0.0500
218700 -1.314207 0.004161 0.0500
218800 -1.307561 0.004351 0.0500
218900 -1.294422 0.004770 0.0500
219000 -1.288222 0.004981 0.0500
219100 -1.300397 0.004558 0.0500
219200 -1.298558 0.004612 0.0500
219300 -1.279819 0.005278 0.0500
219400 -1.263460 0.005980 0.0500
219500 -1.256506 0.006325 0.0500
219600 -1.260117 0.006124 0.0500
219700 -1.257968 0.006225 0.0500
219800 -1.244905 0.006993 0.0500
219900 -1.241415 0.007226 0.0500
220000 -1.246873 0.006835 0.0500
220100 -1.255051 0.006335 0.0500
220200 -1.261115 0.006009 0.0500
220300 -1.250658 0.006564 0.0500
220400 -1.246530 0.006809 0.0500
220500 -1.259003 0.006082 0.0500
220600 -1.274020 0.005398 0.0500
220700 -1.267652 0.005657 0.0500
220800 -1.247076 0.006731 0.0500
220900 -1.246778 0.006737 0.0500
221000 -1.272215 0.005437 0.0500
221100 -1.290588 0.004759 0.0500
221200 -1.290428 0.004758 0.0500
221300 -1.290007 0.004766 0.0500
221400 -1.301173 0.004411 0.0500
221500 -1.316768 0.003980 0.0500
221600 -1.319638 0.003906 0.0500
221700 -1.314326 0.004033 0.0500
221800 -1.323293 0.003812 0.0500
221900 -1.335585 0.003552 0.0500
222000 -1.349068 0.003328 0.0500
222100 -1.362009 0.003175 0.0500
222200 -1.365642 0.003142 0.0500
222300 -1.378381 0.003072 0.0500
222400 -1.391852 0.003072 0.0500
222500 -1.402351 0.003127 0.0500
222600 -1.412672 0.003234 0.0500
222700 -1.428382 0.003515 0.0500
222800 -1.436014 0.003708 0.0500
222900 -1.432054 0.003597 0.0500
223000 -1.435102 0.003674 0.0500
223100 -1.448382 0.004109 0.0500
223200 -1.467422 0.005005 0.0500
223300 -1.465773 0.004906 0.0500
223400 -1.458845 0.004544 0.0500
223500 -1.468011 0.005018 0.0500
223600 -1.487603 0.006308 0.0500
223700 -1.486457 0.006211 0.0500
223800 -1.485099 0.006101 0.0500
223900 -1.500471 0.007302 0.0500
224000 -1.519794 0.009004 0.0500
224100 -1.521908 0.009178 0.0500
224200 -1.511033 0.008165 0.0500
224300 -1.516847 0.008669 0.0500
224400 -1.538405 0.010723 0.0500
224500 -1.544192 0.011313 0.0500
224600 -1.532408 0.010054 0.0500
224700 -1.538000 0.010586 0.0500
224800 -1.557894 0.012932 0.0500
224900 -1.571251 0.015171 0.0500
225000 -1.553206 0.012198 0.0500
225100 -1.533777 0.010034 0.0500
225200 -1.543370 0.010977 0.0500
225300 -1.564070 0.013667 0.0500
225400 -1.550005 0.011650 0.0500
225500 -1.535485 0.010076 0.0500
225600 -1.545653 0.011085 0.0500
225700 -1.560834 0.012990 0.0500
225800 -1.551434 0.011675 0.0500
225900 -1.541358 0.010528 0.0500
226000 -1.543234 0.010689 0.0500
226100 -1.546967 0.011055 0.0500
226200 -1.533555 0.009689 0.0500
226300 -1.522290 0.008681 0.0500
226400 -1.527261 0.009082 0.0500
226500 -1.524014 0.008783 0.0500
226600 -1.505468 0.007276 0.0500
226700 -1.500564 0.006894 0.0500
226800 -1.515348 0.008019 0.0500
226900 -1.520000 0.008378 0.0500
227000 -1.505394 0.007210 0.0500
227100 -1.504061 0.007096 0.0500
227200 -1.506003 0.007227 0.0500
227300 -1.493490 0.006310 0.0500
227400 -1.481510 0.005526 0.0500
227500 -1.485366 0.005755 0.0500
227600 -1.485863 0.005777 0.0500
227700 -1.472122 0.004972 0.0500
227800 -1.465993 0.004660 0.0500
227900 -1.477831 0.005271 0.0500
228000 -1.488078 0.005886 0.0500
228100 -1.488730 0.005919 0.0500
228200 -1.487578 0.005835 0.0500
228300 -1.484985 0.005662 0.0500
228400 -1.486953 0.005776 0.0500
228500 -1.486126 0.005715 0.0500
228600 -1.481331 0.005415 0.0500
228700 -1.477185 0.005169 0.0500
228800 -1.490586 0.005975 0.0500
228900 -1.496173 0.006342 0.0500
229000 -1.484649 0.005579 0.0500
229100 -1.471912 0.004858 0.0500
229200 -1.477991 0.005175 0.0500
229300 -1.484360 0.005537 0.0500
229400 -1.467614 0.004628 0.0500
229500 -1.466433 0.004568 0.0500
229600 -1.480956 0.005314 0.0500
229700 -1.488160 0.005742 0.0500
229800 -1.457072 0.004158 0.0500
229900 -1.432912 0.003446 0.0500
230000 -1.440374 0.003618 0.0500
230100 -1.461697 0.004329 0.0500
230200 -1.461201 0.004304 0.0500
230300 -1.446937 0.003790 0.0500
230400 -1.451865 0.003944 0.0500
230500 -1.471350 0.004749 0.0500
230600 -1.469397 0.004648 0.0500
230700 -1.461734 0.004300 0.0500
230800 -1.456777 0.004100 0.0500
230900 -1.457898 0.004138 0.0500
231000 -1.460451 0.004233 0.0500
231100 -1.456647 0.004081 0.0500
231200 -1.455355 0.004029 0.0500
231300 -1.457062 0.004087 0.0500
231400 -1.462426 0.004294 0.0500
231500 -1.456471 0.004056 0.0500
231600 -1.443056 0.003626 0.0500
231700 -1.441847 0.003590 0.0500
231800 -1.439679 0.003532 0.0500
231900 -1.444827 0.003664 0.0500
232000 -1.448930 0.003781 0.0500
232100 -1.460366 0.004180 0.0500
232200 -1.473563 0.004775 0.0500
232300 -1.473067 0.004743 0.0500
232400 -1.462498 0.004251 0.0500
232500 -1.448348 0.003741 0.0500
232600 -1.442290 0.003568 0.0500
232700 -1.435872 0.003412 0.0500
232800 -1.433925 0.003368 0.0500
232900 -1.433173 0.003350 0.0500
233000 -1.440501 0.003509 0.0500
233100 -1.446956 0.003679 0.0500
233200 -1.434180 0.003361 0.0500
233300 -1.408551 0.003017 0.0500
233400 -1.393705 0.002958 0.0500
233500 -1.410778 0.003028 0.0500
233600 -1.425275 0.003192 0.0500
233700 -1.419689 0.003113 0.0500
233800 -1.411017 0.003022 0.0500
233900 -1.418786 0.003096 0.0500
234000 -1.423547 0.003156 0.0500
234100 -1.414680 0.003047 0.0500
234200 -1.391435 0.002939 0.0500
234300 -1.385933 0.002944 0.0500
234400 -1.394593 0.002936 0.0500
234500 -1.404226 0.002961 0.0500
234600 -1.399936 0.002942 0.0500
234700 -1.395864 0.002930 0.0500
234800 -1.397442 0.002930 0.0500
234900 -1.396660 0.002927 0.0500
235000 -1.397816 0.002926 0.0500
235100 -1.394397 0.002919 0.0500
235200 -1.385383 0.002925 0.0500
235300 -1.376825 0.002958 0.0500
235400 -1.387548 0.002915 0.0500
235500 -1.385031 0.002918 0.0500
235600 -1.369150 0.003006 0.0500
235700 -1.363845 0.003054 0.0500
235800 -1.375355 0.002955 0.0500
235900 -1.382869 0.002916 0.0500
236000 -1.372003 0.002974 0.0500
236100 -1.355761 0.003140 0.0500
236200 -1.348616 0.003241 0.0500
236300 -1.344813 0.003301 0.0500
236400 -1.338153 0.003419 0.0500
236500 -1.325276 0.003691 0.0500
236600 -1.322306 0.003758 0.0500
236700 -1.325487 0.003678 0.0500
236800 -1.312485 0.004003 0.0500
236900 -1.312699 0.003993 0.0500
237000 -1.330543 0.003553 0.0500
237100 -1.330790 0.003544 0.0500
237200 -1.303137 0.004254 0.0500
237300 -1.288736 0.004712 0.0500
237400 -1.316539 0.003870 0.0500
237500 -1.345967 0.003246 0.0500
237600 -1.334432 0.003452 0.0500
237700 -1.301799 0.004273 0.0500
237800 -1.305741 0.004151 0.0500
237900 -1.341123 0.003316 0.0500
238000 -1.352604 0.003134 0.0500
238100 -1.318859 0.003786 0.0500
238200 -1.301896 0.004251 0.0500
238300 -1.318928 0.003776 0.0500
238400 -1.344067 0.003251 0.0500
238500 -1.344934 0.003234 0.0500
238600 -1.324077 0.003642 0.0500
238700 -1.307576 0.004065 0.0500
238800 -1.318558 0.003767 0.0500
238900 -1.331368 0.003471 0.0500
239000 -1.334926 0.003396 0.0500
239100 -1.327833 0.003540 0.0500
239200 -1.324793 0.003604 0.0500
239300 -1.335529 0.003375 0.0500
239400 -1.350136 0.003130 0.0500
239500 -1.345329 0.003198 0.0500
239600 -1.328184 0.003516 0.0500
239700 -1.321519 0.003664 0.0500
239800 -1.334999 0.003370 0.0500
239900 -1.346974 0.003162 0.0500
240000 -1.332793 0.003407 0.0500
240100 -1.315759 0.003794 0.0500
240200 -1.318805 0.003713 0.0500
240300 -1.320802 0.003661 0.0500
240400 -1.316759 0.003757 0.0500
240500 -1.299842 0.004231 0.0500
240600 -1.292346 0.004469 0.0500
240700 -1.302339 0.004145 0.0500
240800 -1.316522 0.003746 0.0500
240900 -1.314699 0.003789 0.0500
241000 -1.303741 0.004090 0.0500
241100 -1.301195 0.004161 0.0500
241200 -1.303786 0.004079 0.0500
241300 -1.304656 0.004049 0.0500
241400 -1.304980 0.004035 0.0500
241500 -1.314319 0.003774 0.0500
