# step cv h sig
0 -1.483269 0.717018 0.0500
200 -1.434184 0.700897 0.0500
400 -1.436151 0.675546 0.0500
600 -1.399907 0.672365 0.0500
800 -1.427582 0.636393 0.0500
1000 -1.400004 0.631504 0.0500
1200 -1.321164 0.697086 0.0500
1400 -1.327542 0.668110 0.0500
1600 -1.304299 0.662369 0.0500
1800 -1.307430 0.638011 0.0500
2000 -1.243643 0.681668 0.0500
2200 -1.265583 0.637531 0.0500
2400 -1.270139 0.613075 0.0500
2600 -1.223527 0.647294 0.0500
2800 -1.227036 0.621827 0.0500
3000 -1.234220 0.594216 0.0500
3200 -1.232870 0.577774 0.0500
3400 -1.270794 0.543209 0.0500
3600 -1.192813 0.615030 0.0500
3800 -1.283040 0.527979 0.0500
4000 -1.300661 0.526521 0.0500
4200 -1.282420 0.500719 0.0500
4400 -1.349606 0.559115 0.0500
4600 -1.327184 0.517981 0.0500
4800 -1.408114 0.573281 0.0500
5000 -1.375063 0.541817 0.0500
5200 -1.433553 0.564309 0.0500
5400 -1.425950 0.541499 0.0500
5600 -1.491729 0.625317 0.0500
5800 -1.488766 0.600476 0.0500
6000 -1.504236 0.608540 0.0500
6200 -1.519841 0.616127 0.0500
6400 -1.525246 0.605846 0.0500
6600 -1.553838 0.634926 0.0500
6800 -1.531518 0.580153 0.0500
7000 -1.562862 0.613626 0.0500
7200 -1.551054 0.575619 0.0500
7400 -1.576928 0.602627 0.0500
7600 -1.548533 0.540729 0.0500
7800 -1.549105 0.526617 0.0500
8000 -1.551514 0.515532 0.0500
8200 -1.554079 0.505362 0.0500
8400 -1.564248 0.507728 0.0500
8600 -1.556910 0.483624 0.0500
8800 -1.578054 0.509604 0.0500
9000 -1.555094 0.458535 0.0500
9200 -1.567038 0.464412 0.0500
9400 -1.586631 0.495420 0.0500
9600 -1.594900 0.504945 0.0500
9800 -1.607442 0.528267 0.0500
10000 -1.600794 0.495097 0.0500
10200 -1.625972 0.557304 0.0500
10400 -1.608653 0.491434 0.0500
10600 -1.644450 0.583385 0.0500
10800 -1.626833 0.516678 0.0500
11000 -1.644953 0.553625 0.0500
11200 -1.644560 0.537047 0.0500
11400 -1.645106 0.523875 0.0500
11600 -1.665890 0.564438 0.0500
11800 -1.659865 0.533022 0.0500
12000 -1.696127 0.608977 0.0500
12200 -1.673213 0.536809 0.0500
12400 -1.698385 0.581055 0.0500
12600 -1.654402 0.472137 0.0500
12800 -1.692002 0.539585 0.0500
13000 -1.670330 0.479050 0.0500
13200 -1.700062 0.532611 0.0500
13400 -1.677255 0.469168 0.0500
13600 -1.688414 0.480249 0.0500
13800 -1.717028 0.539473 0.0500
14000 -1.689949 0.460662 0.0500
14200 -1.731078 0.553640 0.0500
14400 -1.697549 0.455169 0.0500
14600 -1.734540 0.538107 0.0500
14800 -1.713040 0.467448 0.0500
15000 -1.739195 0.525466 0.0500
15200 -1.724720 0.472754 0.0500
15400 -1.757576 0.553501 0.0500
15600 -1.731652 0.467301 0.0500
15800 -1.748380 0.500283 0.0500
16000 -1.718019 0.417680 0.0500
16200 -1.712020 0.399194 0.0500
16400 -1.695224 0.372742 0.0500
16600 -1.645013 0.364159 0.0500
16800 -1.661028 0.353199 0.0500
17000 -1.593896 0.363873 0.0500
17200 -1.599859 0.356506 0.0500
17400 -1.521368 0.404933 0.0500
17600 -1.516427 0.403785 0.0500
17800 -1.458769 0.471357 0.0500
18000 -1.432946 0.478018 0.0500
18200 -1.375097 0.497518 0.0500
18400 -1.358717 0.486837 0.0500
18600 -1.319599 0.466788 0.0500
18800 -1.294567 0.453230 0.0500
19000 -1.252671 0.471325 0.0500
19200 -1.177178 0.613964 0.0500
19400 -1.220170 0.504711 0.0500
19600 -1.156087 0.629341 0.0500
19800 -1.209313 0.503672 0.0500
20000 -1.153320 0.606109 0.0500
20200 -1.173357 0.547799 0.0500
20400 -1.148783 0.581716 0.0500
20600 -1.150993 0.560247 0.0500
20800 -1.211764 0.456394 0.0500
21000 -1.150903 0.538480 0.0500
21200 -1.198425 0.452379 0.0500
21400 -1.226543 0.421090 0.0500
21600 -1.226821 0.411950 0.0500
21800 -1.295993 0.416160 0.0500
22000 -1.252566 0.392652 0.0500
22200 -1.270921 0.387711 0.0500
22400 -1.345065 0.441960 0.0500
22600 -1.326122 0.414939 0.0500
22800 -1.387222 0.449343 0.0500
23000 -1.343027 0.415216 0.0500
23200 -1.429435 0.443021 0.0500
23400 -1.387388 0.426011 0.0500
23600 -1.477681 0.421753 0.0500
23800 -1.436724 0.421230 0.0500
24000 -1.513171 0.379928 0.0500
24200 -1.459198 0.407303 0.0500
24400 -1.505213 0.374564 0.0500
24600 -1.447738 0.396903 0.0500
24800 -1.499934 0.367076 0.0500
25000 -1.454400 0.382582 0.0500
25200 -1.488401 0.361641 0.0500
25400 -1.421455 0.383224 0.0500
25600 -1.479055 0.355784 0.0500
25800 -1.381816 0.391553 0.0500
26000 -1.437691 0.360640 0.0500
26200 -1.343368 0.385051 0.0500
26400 -1.390183 0.371451 0.0500
26600 -1.329827 0.371299 0.0500
26800 -1.356447 0.366748 0.0500
27000 -1.321254 0.357603 0.0500
27200 -1.329191 0.351884 0.0500
27400 -1.325654 0.345227 0.0500
27600 -1.290200 0.342253 0.0500
27800 -1.342478 0.338123 0.0500
28000 -1.301239 0.329972 0.0500
28200 -1.342368 0.328286 0.0500
28400 -1.338710 0.321737 0.0500
28600 -1.322779 0.313809 0.0500
28800 -1.364743 0.322222 0.0500
29000 -1.348209 0.310080 0.0500
29200 -1.413754 0.332705 0.0500
29400 -1.385910 0.317598 0.0500
29600 -1.442199 0.331316 0.0500
29800 -1.430164 0.322432 0.0500
30000 -1.455348 0.324302 0.0500
30200 -1.449162 0.317262 0.0500
30400 -1.448409 0.311935 0.0500
30600 -1.484266 0.317318 0.0500
30800 -1.453605 0.304257 0.0500
31000 -1.497803 0.311807 0.0500
31200 -1.438125 0.294609 0.0500
31400 -1.489246 0.302016 0.0500
31600 -1.427188 0.288080 0.0500
31800 -1.476061 0.290809 0.0500
32000 -1.410571 0.284498 0.0500
32200 -1.432327 0.276919 0.0500
32400 -1.398903 0.279979 0.0500
32600 -1.384248 0.279989 0.0500
32800 -1.378451 0.277423 0.0500
33000 -1.348534 0.280294 0.0500
33200 -1.353787 0.275094 0.0500
33400 -1.294841 0.300451 0.0500
33600 -1.305956 0.287504 0.0500
33800 -1.255481 0.332184 0.0500
34000 -1.261626 0.319581 0.0500
34200 -1.236860 0.344474 0.0500
34400 -1.210704 0.377152 0.0500
34600 -1.202611 0.383634 0.0500
34800 -1.148378 0.499151 0.0500
35000 -1.164439 0.446133 0.0500
35200 -1.099744 0.612028 0.0500
35400 -1.116546 0.549656 0.0500
35600 -1.094486 0.590489 0.0500
35800 -1.102645 0.553356 0.0500
36000 -1.091742 0.563456 0.0500
36200 -1.091773 0.547317 0.0500
36400 -1.099942 0.514414 0.0500
36600 -1.111278 0.478678 0.0500
36800 -1.108990 0.471284 0.0500
37000 -1.098006 0.481685 0.0500
37200 -1.122267 0.428447 0.0500
37400 -1.157068 0.384605 0.0500
37600 -1.178324 0.362055 0.0500
37800 -1.197507 0.342552 0.0500
38000 -1.220163 0.321994 0.0500
38200 -1.229642 0.310949 0.0500
38400 -1.240127 0.300100 0.0500
38600 -1.237410 0.296989 0.0500
38800 -1.274595 0.276271 0.0500
39000 -1.267217 0.275092 0.0500
39200 -1.292803 0.263638 0.0500
39400 -1.280839 0.263168 0.0500
39600 -1.298155 0.255813 0.0500
39800 -1.282260 0.256002 0.0500
40000 -1.331572 0.251097 0.0500
40200 -1.340743 0.249829 0.0500
40400 -1.341943 0.246923 0.0500
40600 -1.377780 0.252810 0.0500
40800 -1.364614 0.246611 0.0500
41000 -1.411968 0.252940 0.0500
41200 -1.383231 0.244945 0.0500
41400 -1.419509 0.248834 0.0500
41600 -1.405663 0.242738 0.0500
41800 -1.434960 0.248114 0.0500
42000 -1.458476 0.257854 0.0500
42200 -1.459232 0.254955 0.0500
42400 -1.476445 0.263840 0.0500
42600 -1.471404 0.256608 0.0500
42800 -1.490751 0.267856 0.0500
43000 -1.483176 0.258444 0.0500
43200 -1.518838 0.282723 0.0500
43400 -1.517761 0.277829 0.0500
43600 -1.557428 0.304928 0.0500
43800 -1.531225 0.280293 0.0500
44000 -1.562812 0.300912 0.0500
44200 -1.557183 0.291733 0.0500
44400 -1.590157 0.314842 0.0500
44600 -1.599808 0.316990 0.0500
44800 -1.611150 0.319024 0.0500
45000 -1.619950 0.318303 0.0500
45200 -1.605118 0.305493 0.0500
45400 -1.601814 0.298838 0.0500
45600 -1.591806 0.288482 0.0500
45800 -1.581619 0.278572 0.0500
46000 -1.570114 0.268997 0.0500
46200 -1.541337 0.255992 0.0500
46400 -1.548367 0.254407 0.0500
46600 -1.499250 0.241761 0.0500
46800 -1.510793 0.241146 0.0500
47000 -1.450136 0.226278 0.0500
47200 -1.479439 0.229359 0.0500
47400 -1.426106 0.221863 0.0500
47600 -1.435234 0.218692 0.0500
47800 -1.437614 0.216201 0.0500
48000 -1.389731 0.222858 0.0500
48200 -1.390113 0.220228 0.0500
48400 -1.350918 0.225483 0.0500
48600 -1.375476 0.218902 0.0500
48800 -1.331127 0.224400 0.0500
49000 -1.358620 0.217244 0.0500
49200 -1.316258 0.224089 0.0500
49400 -1.333014 0.216894 0.0500
49600 -1.314434 0.219876 0.0500
49800 -1.324062 0.214308 0.0500
50000 -1.346852 0.208233 0.0500
50200 -1.298861 0.220825 0.0500
50400 -1.284317 0.227789 0.0500
50600 -1.264139 0.241479 0.0500
50800 -1.267897 0.235250 0.0500
51000 -1.256244 0.242842 0.0500
51200 -1.241073 0.255046 0.0500
51400 -1.236787 0.256324 0.0500
51600 -1.229502 0.261069 0.0500
51800 -1.220791 0.267789 0.0500
52000 -1.220795 0.264126 0.0500
52200 -1.187820 0.303841 0.0500
52400 -1.191141 0.294598 0.0500
52600 -1.160987 0.332604 0.0500
52800 -1.182370 0.297463 0.0500
53000 -1.143200 0.349841 0.0500
53200 -1.153198 0.328221 0.0500
53400 -1.151086 0.325830 0.0500
53600 -1.093170 0.443543 0.0500
53800 -1.111949 0.385533 0.0500
54000 -1.141079 0.325591 0.0500
54200 -1.081627 0.456597 0.0500
54400 -1.082212 0.444178 0.0500
54600 -1.060288 0.507055 0.0500
54800 -1.057863 0.502296 0.0500
55000 -1.047363 0.524881 0.0500
55200 -1.027262 0.575713 0.0500
55400 -1.012643 0.600276 0.0500
55600 -1.014160 0.578142 0.0500
55800 -1.020641 0.544664 0.0500
56000 -1.004894 0.568636 0.0500
56200 -1.023410 0.508599 0.0500
56400 -1.019441 0.504649 0.0500
56600 -1.068573 0.394298 0.0500
56800 -1.068198 0.387023 0.0500
57000 -1.076751 0.365968 0.0500
57200 -1.093598 0.337143 0.0500
57400 -1.148313 0.290257 0.0500
57600 -1.145116 0.287756 0.0500
57800 -1.168021 0.271247 0.0500
58000 -1.183884 0.258917 0.0500
58200 -1.196745 0.248460 0.0500
58400 -1.227824 0.229279 0.0500
58600 -1.222785 0.229044 0.0500
58800 -1.261267 0.210755 0.0500
59000 -1.278283 0.203590 0.0500
59200 -1.262605 0.205994 0.0500
59400 -1.297442 0.196187 0.0500
59600 -1.280026 0.197181 0.0500
59800 -1.296422 0.192477 0.0500
60000 -1.312545 0.190106 0.0500
60200 -1.295141 0.188975 0.0500
60400 -1.311811 0.186513 0.0500
60600 -1.286188 0.187047 0.0500
60800 -1.274922 0.188388 0.0500
61000 -1.288610 0.183044 0.0500
61200 -1.242001 0.201171 0.0500
61400 -1.252708 0.192882 0.0500
61600 -1.246676 0.194351 0.0500
61800 -1.205713 0.222448 0.0500
62000 -1.216259 0.211441 0.0500
62200 -1.174123 0.244542 0.0500
62400 -1.167137 0.247388 0.0500
62600 -1.134554 0.272741 0.0500
62800 -1.129950 0.273312 0.0500
63000 -1.138757 0.261471 0.0500
63200 -1.093974 0.309723 0.0500
63400 -1.107009 0.287009 0.0500
63600 -1.101306 0.290130 0.0500
63800 -1.066238 0.346194 0.0500
64000 -1.078608 0.316198 0.0500
64200 -1.037612 0.403631 0.0500
64400 -1.021161 0.441508 0.0500
64600 -1.006077 0.476868 0.0500
64800 -1.007391 0.461368 0.0500
62620 -1.483269 0.221555 0.0500
62820 -1.456198 0.209388 0.0500
63020 -1.444466 0.204247 0.0500
63220 -1.424305 0.199653 0.0500
63420 -1.452849 0.202323 0.0500
63620 -1.432054 0.196360 0.0500
63820 -1.371756 0.192507 0.0500
64020 -1.377066 0.191410 0.0500
64220 -1.370745 0.188590 0.0500
64420 -1.370979 0.186812 0.0500
64620 -1.337232 0.177748 0.0500
64820 -1.359492 0.181322 0.0500
65020 -1.368476 0.181546 0.0500
65220 -1.351760 0.176314 0.0500
65420 -1.345849 0.173473 0.0500
65620 -1.364917 0.176121 0.0500
65820 -1.388169 0.179225 0.0500
66020 -1.382092 0.176484 0.0500
66220 -1.366333 0.171900 0.0500
66420 -1.429474 0.183762 0.0500
66620 -1.404651 0.176267 0.0500
66820 -1.463788 0.195942 0.0500
67020 -1.411242 0.174932 0.0500
67220 -1.475644 0.200190 0.0500
67420 -1.483524 0.203128 0.0500
67620 -1.507292 0.215962 0.0500
67820 -1.497850 0.207842 0.0500
68020 -1.525225 0.221983 0.0500
68220 -1.544070 0.230725 0.0500
68420 -1.557494 0.236845 0.0500
68620 -1.543354 0.224922 0.0500
68820 -1.566663 0.238205 0.0500
69020 -1.563023 0.232557 0.0500
69220 -1.573584 0.238109 0.0500
69420 -1.574512 0.235994 0.0500
69620 -1.563041 0.224413 0.0500
69820 -1.594803 0.249860 0.0500
70020 -1.568320 0.223124 0.0500
70220 -1.589380 0.238694 0.0500
70420 -1.555777 0.210759 0.0500
70620 -1.561277 0.211415 0.0500
70820 -1.584562 0.226864 0.0500
71020 -1.556161 0.204402 0.0500
71220 -1.599558 0.238120 0.0500
71420 -1.579137 0.214888 0.0500
71620 -1.576268 0.210246 0.0500
71820 -1.610605 0.243920 0.0500
72020 -1.585659 0.213606 0.0500
72220 -1.640800 0.276632 0.0500
72420 -1.602053 0.225876 0.0500
72620 -1.648397 0.279494 0.0500
72820 -1.620178 0.241789 0.0500
73020 -1.648141 0.272307 0.0500
73220 -1.638048 0.256722 0.0500
73420 -1.652539 0.270222 0.0500
73620 -1.640562 0.252838 0.0500
73820 -1.651672 0.262155 0.0500
74020 -1.641590 0.247437 0.0500
74220 -1.661516 0.267041 0.0500
74420 -1.665905 0.268810 0.0500
74620 -1.677632 0.280820 0.0500
74820 -1.695026 0.305240 0.0500
75020 -1.674095 0.268015 0.0500
75220 -1.678303 0.269946 0.0500
75420 -1.681493 0.270696 0.0500
75620 -1.707185 0.314091 0.0500
75820 -1.730929 0.373932 0.0500
76020 -1.736209 0.383876 0.0500
76220 -1.764278 0.479031 0.0500
76420 -1.785585 0.547689 0.0500
76620 -1.791478 0.552884 0.0500
76820 -1.822170 0.625992 0.0500
77020 -1.808133 0.571155 0.0500
77220 -1.839877 0.627176 0.0500
77420 -1.826710 0.581330 0.0500
77620 -1.847749 0.604860 0.0500
77820 -1.833831 0.561322 0.0500
78020 -1.855053 0.583860 0.0500
78220 -1.831458 0.526902 0.0500
78420 -1.830884 0.511966 0.0500
78620 -1.785612 0.437115 0.0500
78820 -1.785679 0.427514 0.0500
79020 -1.748528 0.355001 0.0500
79220 -1.744780 0.341702 0.0500
79420 -1.716085 0.288001 0.0500
79620 -1.700406 0.263584 0.0500
79820 -1.645179 0.220822 0.0500
80020 -1.643502 0.217502 0.0500
80220 -1.613313 0.200738 0.0500
80420 -1.610781 0.197529 0.0500
80620 -1.547006 0.183152 0.0500
80820 -1.527651 0.183838 0.0500
81020 -1.486873 0.183266 0.0500
81220 -1.487505 0.181624 0.0500
81420 -1.448279 0.173279 0.0500
81620 -1.426891 0.169233 0.0500
81820 -1.382051 0.166458 0.0500
82020 -1.378529 0.164898 0.0500
82220 -1.361382 0.162682 0.0500
82420 -1.370606 0.161809 0.0500
82620 -1.349921 0.159637 0.0500
82820 -1.344164 0.158285 0.0500
83020 -1.311417 0.160128 0.0500
83220 -1.304328 0.160378 0.0500
83420 -1.354299 0.155520 0.0500
83620 -1.308640 0.157255 0.0500
83820 -1.316069 0.154549 0.0500
84020 -1.353098 0.152446 0.0500
84220 -1.329220 0.150828 0.0500
84420 -1.374092 0.153104 0.0500
84620 -1.330512 0.148783 0.0500
84820 -1.319549 0.148939 0.0500
85020 -1.361561 0.148323 0.0500
85220 -1.338247 0.145330 0.0500
85420 -1.346717 0.144508 0.0500
85620 -1.349440 0.143645 0.0500
85820 -1.336929 0.142198 0.0500
86020 -1.385759 0.148659 0.0500
86220 -1.385486 0.147459 0.0500
86420 -1.427302 0.158117 0.0500
86620 -1.440502 0.161090 0.0500
86820 -1.460671 0.166812 0.0500
87020 -1.459287 0.164902 0.0500
87220 -1.465835 0.165800 0.0500
87420 -1.487135 0.171199 0.0500
87620 -1.508194 0.173963 0.0500
87820 -1.506031 0.172126 0.0500
88020 -1.516747 0.171791 0.0500
88220 -1.533239 0.171311 0.0500
88420 -1.511211 0.168413 0.0500
88620 -1.531132 0.168348 0.0500
88820 -1.494074 0.163678 0.0500
89020 -1.505962 0.163817 0.0500
89220 -1.488921 0.160217 0.0500
89420 -1.485469 0.158353 0.0500
89620 -1.474576 0.155238 0.0500
89820 -1.471718 0.153518 0.0500
90020 -1.449464 0.148956 0.0500
90220 -1.437210 0.146462 0.0500
90420 -1.432741 0.144962 0.0500
90620 -1.419089 0.142912 0.0500
90820 -1.420327 0.141945 0.0500
91020 -1.408336 0.140241 0.0500
91220 -1.391492 0.138366 0.0500
91420 -1.384627 0.137023 0.0500
91620 -1.373624 0.135552 0.0500
91820 -1.401510 0.136195 0.0500
92020 -1.383832 0.134212 0.0500
92220 -1.400438 0.134295 0.0500
92420 -1.413701 0.134505 0.0500
92620 -1.389005 0.131858 0.0500
92820 -1.422571 0.133870 0.0500
93020 -1.366377 0.130222 0.0500
93220 -1.440874 0.135920 0.0500
93420 -1.386186 0.128870 0.0500
93620 -1.432666 0.132701 0.0500
93820 -1.401792 0.128000 0.0500
94020 -1.405369 0.127399 0.0500
94220 -1.421589 0.128354 0.0500
94420 -1.403313 0.125651 0.0500
94620 -1.415283 0.125887 0.0500
94820 -1.406328 0.124245 0.0500
95020 -1.397363 0.123051 0.0500
95220 -1.403185 0.122495 0.0500
95420 -1.385497 0.121630 0.0500
95620 -1.390449 0.120743 0.0500
95820 -1.372756 0.121069 0.0500
96020 -1.352834 0.123576 0.0500
96220 -1.350020 0.123443 0.0500
96420 -1.310779 0.137507 0.0500
96620 -1.317150 0.133419 0.0500
96820 -1.288839 0.148308 0.0500
97020 -1.269504 0.160190 0.0500
97220 -1.247927 0.174538 0.0500
97420 -1.214149 0.198352 0.0500
97620 -1.216126 0.194888 0.0500
97820 -1.159729 0.230524 0.0500
98020 -1.172866 0.220150 0.0500
98220 -1.143690 0.234819 0.0500
98420 -1.157995 0.223738 0.0500
98620 -1.132761 0.236591 0.0500
98820 -1.142336 0.227566 0.0500
99020 -1.153096 0.218920 0.0500
99220 -1.162901 0.211637 0.0500
99420 -1.168989 0.206571 0.0500
99620 -1.161064 0.208025 0.0500
99820 -1.183217 0.196403 0.0500
100020 -1.208514 0.184392 0.0500
100220 -1.219382 0.178068 0.0500
100420 -1.242196 0.166136 0.0500
100620 -1.242157 0.164742 0.0500
100820 -1.264209 0.152850 0.0500
101020 -1.242878 0.161854 0.0500
101220 -1.247827 0.158186 0.0500
101420 -1.254573 0.153775 0.0500
101620 -1.240305 0.159220 0.0500
101820 -1.250583 0.153172 0.0500
102020 -1.216046 0.168704 0.0500
102220 -1.235778 0.157600 0.0500
102420 -1.184069 0.183448 0.0500
102620 -1.239942 0.153648 0.0500
102820 -1.208824 0.167280 0.0500
103020 -1.213933 0.163244 0.0500
103220 -1.220056 0.158909 0.0500
103420 -1.200138 0.167826 0.0500
103620 -1.236815 0.149371 0.0500
103820 -1.214263 0.157991 0.0500
104020 -1.208986 0.159357 0.0500
104220 -1.232079 0.147841 0.0500
104420 -1.214198 0.154372 0.0500
104620 -1.246755 0.140910 0.0500
104820 -1.234243 0.143853 0.0500
105020 -1.229329 0.144595 0.0500
105220 -1.256814 0.135463 0.0500
105420 -1.226913 0.143628 0.0500
105620 -1.252551 0.134639 0.0500
105820 -1.289605 0.127195 0.0500
106020 -1.261580 0.131094 0.0500
106220 -1.328782 0.120085 0.0500
106420 -1.264787 0.129252 0.0500
106620 -1.337905 0.118015 0.0500
106820 -1.320907 0.119281 0.0500
107020 -1.363328 0.115231 0.0500
107220 -1.405206 0.117195 0.0500
107420 -1.410237 0.117323 0.0500
107620 -1.447787 0.127637 0.0500
107820 -1.440610 0.124068 0.0500
108020 -1.459467 0.131002 0.0500
108220 -1.480511 0.139953 0.0500
108420 -1.490341 0.143409 0.0500
108620 -1.500334 0.146541 0.0500
108820 -1.508883 0.148685 0.0500
109020 -1.514648 0.149570 0.0500
109220 -1.518395 0.149674 0.0500
109420 -1.523941 0.150315 0.0500
109620 -1.518408 0.147397 0.0500
109820 -1.541689 0.153851 0.0500
110020 -1.541611 0.152613 0.0500
110220 -1.557499 0.157539 0.0500
110420 -1.576795 0.165939 0.0500
110620 -1.563188 0.157535 0.0500
110820 -1.563277 0.156306 0.0500
111020 -1.549744 0.149675 0.0500
111220 -1.581597 0.163798 0.0500
111420 -1.559118 0.150937 0.0500
111620 -1.592182 0.168278 0.0500
111820 -1.571119 0.154089 0.0500
112020 -1.596882 0.168972 0.0500
112220 -1.581828 0.157531 0.0500
112420 -1.621990 0.185674 0.0500
112620 -1.611538 0.175722 0.0500
112820 -1.637390 0.194486 0.0500
113020 -1.591646 0.158870 0.0500
113220 -1.622019 0.179369 0.0500
113420 -1.594931 0.158390 0.0500
113620 -1.620265 0.175115 0.0500
113820 -1.608835 0.165063 0.0500
114020 -1.626657 0.177121 0.0500
114220 -1.636474 0.183435 0.0500
114420 -1.647490 0.190974 0.0500
114620 -1.661545 0.201758 0.0500
114820 -1.674731 0.212914 0.0500
115020 -1.667072 0.202807 0.0500
115220 -1.658422 0.192770 0.0500
115420 -1.683683 0.216607 0.0500
115620 -1.656191 0.187164 0.0500
115820 -1.699164 0.233221 0.0500
116020 -1.669135 0.194842 0.0500
116220 -1.700608 0.230695 0.0500
116420 -1.688051 0.210887 0.0500
116620 -1.717525 0.254149 0.0500
116820 -1.721197 0.257790 0.0500
117020 -1.713509 0.240437 0.0500
117220 -1.730701 0.270234 0.0500
117420 -1.731459 0.268075 0.0500
117620 -1.761589 0.332233 0.0500
117820 -1.749481 0.298963 0.0500
118020 -1.763605 0.326405 0.0500
118220 -1.762997 0.319606 0.0500
118420 -1.786375 0.366698 0.0500
118620 -1.780608 0.347287 0.0500
118820 -1.801699 0.386781 0.0500
119020 -1.812318 0.402390 0.0500
119220 -1.834676 0.446899 0.0500
119420 -1.832112 0.430441 0.0500
119620 -1.842699 0.447664 0.0500
119820 -1.852193 0.463277 0.0500
120020 -1.852843 0.454195 0.0500
120220 -1.866159 0.482586 0.0500
120420 -1.863818 0.463796 0.0500
120620 -1.892758 0.545020 0.0500
120820 -1.874380 0.472361 0.0500
121020 -1.890101 0.509555 0.0500
121220 -1.865756 0.426957 0.0500
121420 -1.898230 0.512925 0.0500
121620 -1.884083 0.456489 0.0500
121820 -1.895382 0.479540 0.0500
122020 -1.872184 0.405643 0.0500
122220 -1.893748 0.454248 0.0500
122420 -1.887286 0.425470 0.0500
122620 -1.908198 0.479392 0.0500
122820 -1.878007 0.385387 0.0500
123020 -1.901309 0.438292 0.0500
123220 -1.854581 0.336131 0.0500
123420 -1.835920 0.318113 0.0500
123620 -1.824412 0.309557 0.0500
123820 -1.792776 0.297610 0.0500
124020 -1.783411 0.288541 0.0500
124220 -1.779416 0.281847 0.0500
124420 -1.734542 0.234535 0.0500
124620 -1.743725 0.241974 0.0500
124820 -1.672640 0.178692 0.0500
125020 -1.661029 0.171692 0.0500
125220 -1.607334 0.149940 0.0500
125420 -1.605211 0.148035 0.0500
125620 -1.558688 0.136011 0.0500
125820 -1.521639 0.134013 0.0500
126020 -1.523494 0.133131 0.0500
126220 -1.492125 0.129848 0.0500
126420 -1.485012 0.127783 0.0500
126620 -1.444761 0.118118 0.0500
126820 -1.437578 0.116006 0.0500
127020 -1.397312 0.111441 0.0500
127220 -1.393932 0.110767 0.0500
127420 -1.352738 0.112488 0.0500
127620 -1.366371 0.110574 0.0500
127820 -1.360739 0.110410 0.0500
128020 -1.350656 0.110857 0.0500
128220 -1.352794 0.109976 0.0500
128420 -1.309230 0.117036 0.0500
128620 -1.352702 0.108917 0.0500
128820 -1.296014 0.118869 0.0500
129020 -1.316992 0.113568 0.0500
129220 -1.271817 0.123300 0.0500
129420 -1.265984 0.124023 0.0500
129620 -1.265732 0.123302 0.0500
129820 -1.193375 0.157836 0.0500
130020 -1.255929 0.124823 0.0500
130220 -1.194158 0.155521 0.0500
130420 -1.181923 0.163773 0.0500
130620 -1.224445 0.134668 0.0500
130820 -1.139671 0.201285 0.0500
131020 -1.182146 0.160281 0.0500
131220 -1.164568 0.173704 0.0500
131420 -1.148658 0.187175 0.0500
131620 -1.160010 0.174633 0.0500
131820 -1.137154 0.195819 0.0500
132020 -1.173786 0.160260 0.0500
132220 -1.143040 0.186338 0.0500
132420 -1.132740 0.195787 0.0500
132620 -1.136250 0.189905 0.0500
132820 -1.102941 0.232224 0.0500
133020 -1.093239 0.245348 0.0500
133220 -1.088019 0.251334 0.0500
133420 -1.091101 0.242784 0.0500
133620 -1.109372 0.212137 0.0500
133820 -1.069692 0.277789 0.0500
134020 -1.090461 0.235325 0.0500
134220 -1.094164 0.226619 0.0500
134420 -1.076360 0.254731 0.0500
134620 -1.074747 0.254514 0.0500
134820 -1.040990 0.329647 0.0500
135020 -1.064011 0.269015 0.0500
135220 -1.062688 0.268092 0.0500
135420 -1.031537 0.342767 0.0500
135620 -1.018620 0.376554 0.0500
135820 -1.033453 0.325216 0.0500
136020 -0.990989 0.461100 0.0500
136220 -1.021451 0.347715 0.0500
136420 -0.983821 0.470772 0.0500
136620 -0.976932 0.485407 0.0500
136820 -0.984008 0.447649 0.0500
137020 -0.967381 0.497821 0.0500
137220 -0.989231 0.409742 0.0500
137420 -0.947693 0.546820 0.0500
137620 -0.977009 0.431618 0.0500
137820 -0.950375 0.512570 0.0500
138020 -0.979264 0.405865 0.0500
138220 -0.978167 0.400702 0.0500
138420 -1.001972 0.332556 0.0500
138620 -1.047096 0.253326 0.0500
138820 -1.068590 0.224893 0.0500
139020 -1.058058 0.234052 0.0500
139220 -1.113100 0.182188 0.0500
139420 -1.146751 0.161693 0.0500
139620 -1.187382 0.142201 0.0500
139820 -1.224547 0.127710 0.0500
140020 -1.244174 0.122048 0.0500
140220 -1.279356 0.115776 0.0500
140420 -1.325171 0.109013 0.0500
140620 -1.325184 0.108403 0.0500
140820 -1.377932 0.105395 0.0500
141020 -1.392799 0.105669 0.0500
141220 -1.422691 0.109159 0.0500
141420 -1.444140 0.113573 0.0500
141620 -1.436064 0.110847 0.0500
141820 -1.488814 0.124889 0.0500
142020 -1.477266 0.121171 0.0500
142220 -1.513972 0.127723 0.0500
142420 -1.490143 0.122924 0.0500
142620 -1.516708 0.126501 0.0500
142820 -1.516157 0.125619 0.0500
143020 -1.534636 0.126746 0.0500
143220 -1.507201 0.122986 0.0500
143420 -1.516931 0.123372 0.0500
143620 -1.508689 0.121641 0.0500
143820 -1.506661 0.120630 0.0500
144020 -1.483695 0.116396 0.0500
144220 -1.492314 0.117160 0.0500
144420 -1.467185 0.111986 0.0500
144620 -1.490327 0.115539 0.0500
144820 -1.469822 0.111231 0.0500
145020 -1.474069 0.111368 0.0500
145220 -1.466204 0.109327 0.0500
145420 -1.475261 0.110337 0.0500
145620 -1.449237 0.105455 0.0500
145820 -1.452484 0.105344 0.0500
146020 -1.469682 0.107626 0.0500
146220 -1.464393 0.106099 0.0500
146420 -1.441478 0.102373 0.0500
146620 -1.433194 0.101138 0.0500
146820 -1.459379 0.103713 0.0500
147020 -1.453693 0.102286 0.0500
147220 -1.460842 0.102869 0.0500
147420 -1.438974 0.099598 0.0500
147620 -1.436998 0.098944 0.0500
147820 -1.433717 0.098241 0.0500
148020 -1.411865 0.097586 0.0500
148220 -1.422921 0.096953 0.0500
148420 -1.415685 0.096520 0.0500
148620 -1.436432 0.096569 0.0500
148820 -1.412599 0.095702 0.0500
149020 -1.399945 0.095982 0.0500
149220 -1.437736 0.095425 0.0500
149420 -1.422536 0.094216 0.0500
149620 -1.408906 0.094100 0.0500
149820 -1.384326 0.096015 0.0500
150020 -1.378007 0.096389 0.0500
150220 -1.375772 0.096229 0.0500
150420 -1.351289 0.099769 0.0500
150620 -1.333268 0.102753 0.0500
150820 -1.330864 0.102703 0.0500
151020 -1.329331 0.102477 0.0500
151220 -1.294886 0.109303 0.0500
151420 -1.302305 0.107131 0.0500
151620 -1.284571 0.110239 0.0500
151820 -1.283154 0.109906 0.0500
152020 -1.277127 0.110517 0.0500
152220 -1.247002 0.116771 0.0500
152420 -1.261379 0.112603 0.0500
152620 -1.283140 0.107608 0.0500
152820 -1.261661 0.111329 0.0500
153020 -1.280080 0.107014 0.0500
153220 -1.231512 0.118707 0.0500
153420 -1.274920 0.106941 0.0500
153620 -1.254929 0.110546 0.0500
153820 -1.265007 0.107676 0.0500
154020 -1.297266 0.101830 0.0500
154220 -1.253122 0.109387 0.0500
154420 -1.304970 0.099951 0.0500
154620 -1.284244 0.102230 0.0500
154820 -1.292205 0.100558 0.0500
155020 -1.282845 0.101393 0.0500
155220 -1.284708 0.100582 0.0500
155420 -1.316402 0.096449 0.0500
155620 -1.302423 0.097346 0.0500
155820 -1.295764 0.097643 0.0500
156020 -1.319339 0.094846 0.0500
156220 -1.319056 0.094407 0.0500
156420 -1.331658 0.093154 0.0500
156620 -1.331498 0.092717 0.0500
156820 -1.316124 0.093325 0.0500
157020 -1.343488 0.091385 0.0500
157220 -1.343626 0.090953 0.0500
157420 -1.348114 0.090411 0.0500
157620 -1.367092 0.089760 0.0500
157820 -1.367787 0.089344 0.0500
158020 -1.389169 0.089021 0.0500
158220 -1.401758 0.088888 0.0500
158420 -1.403051 0.088527 0.0500
158620 -1.389811 0.087845 0.0500
158820 -1.386919 0.087429 0.0500
159020 -1.396391 0.087164 0.0500
159220 -1.411233 0.087414 0.0500
159420 -1.427362 0.088610 0.0500
159620 -1.421523 0.087511 0.0500
159820 -1.439949 0.089895 0.0500
160020 -1.447068 0.091008 0.0500
160220 -1.468774 0.096655 0.0500
160420 -1.484112 0.101288 0.0500
160620 -1.486241 0.101490 0.0500
160820 -1.499312 0.105408 0.0500
161020 -1.492331 0.102489 0.0500
161220 -1.506916 0.106818 0.0500
161420 -1.511742 0.107803 0.0500
161620 -1.533507 0.114126 0.0500
161820 -1.536681 0.114471 0.0500
162020 -1.548760 0.117798 0.0500
162220 -1.541298 0.114603 0.0500
162420 -1.541531 0.114005 0.0500
162620 -1.560918 0.120204 0.0500
162820 -1.571935 0.124054 0.0500
163020 -1.573192 0.123823 0.0500
163220 -1.572504 0.122734 0.0500
163420 -1.613834 0.143191 0.0500
163620 -1.602956 0.136271 0.0500
163820 -1.628061 0.148797 0.0500
164020 -1.612367 0.139364 0.0500
164220 -1.646595 0.156382 0.0500
164420 -1.627526 0.145291 0.0500
164620 -1.660250 0.161486 0.0500
164820 -1.606022 0.132751 0.0500
165020 -1.651395 0.154636 0.0500
165220 -1.609897 0.132947 0.0500
165420 -1.650962 0.152438 0.0500
165620 -1.615389 0.133794 0.0500
165820 -1.668264 0.160702 0.0500
166020 -1.638688 0.143025 0.0500
166220 -1.680144 0.166766 0.0500
166420 -1.640135 0.141800 0.0500
166620 -1.649810 0.145515 0.0500
166820 -1.649668 0.144359 0.0500
167020 -1.627919 0.133466 0.0500
167220 -1.626631 0.132033 0.0500
167420 -1.626540 0.131104 0.0500
167620 -1.627143 0.130465 0.0500
167820 -1.616566 0.125615 0.0500
168020 -1.613725 0.123815 0.0500
168220 -1.598082 0.118141 0.0500
168420 -1.601358 0.118373 0.0500
168620 -1.575837 0.111456 0.0500
168820 -1.564883 0.108898 0.0500
169020 -1.554365 0.106783 0.0500
169220 -1.540312 0.104506 0.0500
169420 -1.514646 0.100734 0.0500
169620 -1.497357 0.097301 0.0500
169820 -1.503154 0.097871 0.0500
170020 -1.476603 0.092228 0.0500
170220 -1.471221 0.090720 0.0500
170420 -1.446705 0.086212 0.0500
170620 -1.434792 0.084586 0.0500
170820 -1.405795 0.083486 0.0500
171020 -1.388494 0.083806 0.0500
171220 -1.385880 0.083590 0.0500
171420 -1.371328 0.084181 0.0500
171620 -1.373669 0.083651 0.0500
171820 -1.337878 0.086588 0.0500
172020 -1.335969 0.086430 0.0500
172220 -1.309456 0.089955 0.0500
172420 -1.316998 0.088286 0.0500
172620 -1.282346 0.094857 0.0500
172820 -1.258714 0.101225 0.0500
173020 -1.270590 0.097041 0.0500
173220 -1.231171 0.111311 0.0500
173420 -1.239964 0.106750 0.0500
173620 -1.225543 0.112798 0.0500
173820 -1.216661 0.116721 0.0500
174020 -1.206778 0.121472 0.0500
174220 -1.172634 0.141020 0.0500
174420 -1.212044 0.117167 0.0500
174620 -1.166959 0.142813 0.0500
174820 -1.174733 0.137123 0.0500
175020 -1.160343 0.144761 0.0500
175220 -1.141098 0.155551 0.0500
175420 -1.174115 0.134685 0.0500
175620 -1.143644 0.151835 0.0500
175820 -1.145577 0.149450 0.0500
176020 -1.139747 0.151970 0.0500
176220 -1.156452 0.140791 0.0500
176420 -1.170729 0.132077 0.0500
176620 -1.156838 0.138652 0.0500
176820 -1.182131 0.124676 0.0500
177020 -1.186952 0.121621 0.0500
177220 -1.216435 0.108553 0.0500
177420 -1.243652 0.099244 0.0500
177620 -1.214159 0.108337 0.0500
177820 -1.264772 0.093559 0.0500
178020 -1.237741 0.099476 0.0500
178220 -1.236065 0.099454 0.0500
178420 -1.286473 0.089003 0.0500
178620 -1.257479 0.093328 0.0500
178820 -1.297760 0.086940 0.0500
179020 -1.286617 0.087838 0.0500
179220 -1.309367 0.085077 0.0500
179420 -1.315060 0.084246 0.0500
179620 -1.302159 0.085006 0.0500
179820 -1.313844 0.083620 0.0500
180020 -1.286628 0.086098 0.0500
180220 -1.304994 0.083663 0.0500
180420 -1.328976 0.081755 0.0500
180620 -1.295117 0.084030 0.0500
180820 -1.332836 0.081002 0.0500
181020 -1.296175 0.083281 0.0500
181220 -1.328183 0.080547 0.0500
181420 -1.317091 0.080753 0.0500
181620 -1.310360 0.080897 0.0500
181820 -1.342462 0.079346 0.0500
182020 -1.304184 0.080868 0.0500
182220 -1.345994 0.078793 0.0500
182420 -1.336043 0.078501 0.0500
182620 -1.349233 0.078199 0.0500
182820 -1.361299 0.078144 0.0500
183020 -1.339016 0.077568 0.0500
183220 -1.370761 0.077880 0.0500
183420 -1.383092 0.078087 0.0500
183620 -1.380311 0.077651 0.0500
183820 -1.425512 0.080551 0.0500
184020 -1.402037 0.078203 0.0500
184220 -1.435059 0.081198 0.0500
184420 -1.444662 0.082433 0.0500
184620 -1.439614 0.081224 0.0500
184820 -1.482203 0.090289 0.0500
185020 -1.463893 0.085402 0.0500
185220 -1.513657 0.096831 0.0500
185420 -1.504093 0.094330 0.0500
185620 -1.539258 0.100584 0.0500
185820 -1.526492 0.097853 0.0500
186020 -1.549378 0.101379 0.0500
186220 -1.535390 0.098418 0.0500
186420 -1.566640 0.103925 0.0500
186620 -1.555855 0.101077 0.0500
186820 -1.557252 0.100830 0.0500
187020 -1.572587 0.103784 0.0500
187220 -1.552126 0.098847 0.0500
187420 -1.545872 0.097296 0.0500
187620 -1.519463 0.093075 0.0500
187820 -1.524235 0.093286 0.0500
188020 -1.515488 0.091641 0.0500
188220 -1.502405 0.089311 0.0500
188420 -1.503914 0.089130 0.0500
188620 -1.483939 0.085549 0.0500
188820 -1.504501 0.088453 0.0500
189020 -1.485140 0.085013 0.0500
189220 -1.502637 0.087410 0.0500
189420 -1.472350 0.082295 0.0500
189620 -1.509921 0.087847 0.0500
189820 -1.488339 0.084105 0.0500
190020 -1.516205 0.088098 0.0500
190220 -1.498965 0.085034 0.0500
190420 -1.525571 0.088879 0.0500
190620 -1.501123 0.084649 0.0500
190820 -1.502183 0.084439 0.0500
191020 -1.522053 0.087190 0.0500
191220 -1.492763 0.082396 0.0500
191420 -1.524350 0.086888 0.0500
191620 -1.485994 0.080870 0.0500
191820 -1.502913 0.082821 0.0500
192020 -1.478104 0.079279 0.0500
192220 -1.491388 0.080578 0.0500
192420 -1.475860 0.078399 0.0500
192620 -1.464358 0.076987 0.0500
192820 -1.446122 0.075533 0.0500
193020 -1.413063 0.074930 0.0500
193220 -1.451891 0.075309 0.0500
193420 -1.418649 0.074348 0.0500
193620 -1.444539 0.074405 0.0500
193820 -1.423015 0.073772 0.0500
194020 -1.409244 0.073732 0.0500
194220 -1.451249 0.074030 0.0500
194420 -1.405765 0.073363 0.0500
194620 -1.445338 0.073208 0.0500
194820 -1.411143 0.072715 0.0500
195020 -1.396645 0.072969 0.0500
195220 -1.396329 0.072710 0.0500
195420 -1.392623 0.072594 0.0500
195620 -1.389650 0.072452 0.0500
195820 -1.372586 0.072962 0.0500
196020 -1.375805 0.072539 0.0500
196220 -1.369361 0.072573 0.0500
196420 -1.361192 0.072715 0.0500
196620 -1.365272 0.072235 0.0500
196820 -1.371845 0.071658 0.0500
197020 -1.336207 0.073698 0.0500
197220 -1.347535 0.072503 0.0500
197420 -1.312623 0.076012 0.0500
197620 -1.310995 0.075963 0.0500
197820 -1.305501 0.076553 0.0500
198020 -1.302710 0.076734 0.0500
198220 -1.289703 0.078961 0.0500
198420 -1.286170 0.079411 0.0500
198620 -1.289135 0.078442 0.0500
198820 -1.250037 0.088984 0.0500
199020 -1.246055 0.089981 0.0500
199220 -1.197996 0.111010 0.0500
199420 -1.215709 0.101673 0.0500
199620 -1.177248 0.121122 0.0500
199820 -1.171880 0.123456 0.0500
200020 -1.137135 0.145402 0.0500
200220 -1.131250 0.148787 0.0500
200420 -1.120790 0.156163 0.0500
200620 -1.096319 0.178226 0.0500
200820 -1.107931 0.165044 0.0500
201020 -1.058461 0.221073 0.0500
201220 -1.070510 0.202902 0.0500
201420 -1.065653 0.206910 0.0500
201620 -1.078804 0.188933 0.0500
201820 -1.068364 0.199423 0.0500
202020 -1.042515 0.233156 0.0500
202220 -1.091775 0.170571 0.0500
202420 -1.083442 0.177165 0.0500
202620 -1.066626 0.194225 0.0500
202820 -1.109405 0.152063 0.0500
203020 -1.116494 0.146094 0.0500
203220 -1.151167 0.126615 0.0500
203420 -1.169466 0.117885 0.0500
203620 -1.141945 0.129422 0.0500
203820 -1.203916 0.102850 0.0500
204020 -1.179723 0.111851 0.0500
204220 -1.198816 0.103732 0.0500
204420 -1.210799 0.098697 0.0500
204620 -1.210063 0.098466 0.0500
204820 -1.256490 0.083660 0.0500
205020 -1.214652 0.096032 0.0500
205220 -1.258685 0.082488 0.0500
205420 -1.244811 0.085671 0.0500
205620 -1.257252 0.082127 0.0500
205820 -1.286866 0.076026 0.0500
206020 -1.250816 0.083108 0.0500
206220 -1.277278 0.077057 0.0500
206420 -1.270799 0.077954 0.0500
206620 -1.292652 0.074091 0.0500
206820 -1.280795 0.075572 0.0500
207020 -1.260614 0.079251 0.0500
207220 -1.292075 0.073362 0.0500
207420 -1.286545 0.073840 0.0500
207620 -1.295940 0.072343 0.0500
207820 -1.321072 0.070079 0.0500
208020 -1.299109 0.071491 0.0500
208220 -1.299170 0.071222 0.0500
208420 -1.318391 0.069486 0.0500
208620 -1.330958 0.068825 0.0500
208820 -1.353258 0.068610 0.0500
209020 -1.339299 0.068270 0.0500
209220 -1.364942 0.068374 0.0500
209420 -1.372559 0.068313 0.0500
209620 -1.352583 0.067676 0.0500
209820 -1.416582 0.069171 0.0500
210020 -1.373166 0.067706 0.0500
210220 -1.435659 0.069950 0.0500
210420 -1.380656 0.067514 0.0500
210620 -1.428597 0.069032 0.0500
210820 -1.425868 0.068610 0.0500
211020 -1.440279 0.069502 0.0500
211220 -1.439908 0.069219 0.0500
211420 -1.433070 0.068390 0.0500
211620 -1.483150 0.075178 0.0500
211820 -1.444654 0.069016 0.0500
212020 -1.510619 0.080422 0.0500
212220 -1.454159 0.069739 0.0500
212420 -1.516517 0.081278 0.0500
212620 -1.494477 0.076174 0.0500
212820 -1.547971 0.088877 0.0500
213020 -1.530715 0.083740 0.0500
213220 -1.556909 0.090933 0.0500
213420 -1.536590 0.084535 0.0500
213620 -1.542392 0.085733 0.0500
213820 -1.565366 0.092720 0.0500
214020 -1.540674 0.084528 0.0500
214220 -1.612266 0.113284 0.0500
214420 -1.551503 0.087017 0.0500
214620 -1.617462 0.115156 0.0500
214820 -1.573484 0.093875 0.0500
215020 -1.643009 0.128967 0.0500
215220 -1.600471 0.104841 0.0500
215420 -1.661788 0.140565 0.0500
215620 -1.634039 0.121403 0.0500
215820 -1.671253 0.146329 0.0500
216020 -1.662802 0.138548 0.0500
216220 -1.686144 0.157802 0.0500
216420 -1.681405 0.151975 0.0500
216620 -1.682520 0.151833 0.0500
216820 -1.717513 0.191005 0.0500
217020 -1.707988 0.176860 0.0500
217220 -1.719037 0.189503 0.0500
217420 -1.706658 0.172011 0.0500
217620 -1.732001 0.204051 0.0500
217820 -1.721218 0.187068 0.0500
218020 -1.739281 0.210437 0.0500
218220 -1.734746 0.201750 0.0500
218420 -1.758582 0.233228 0.0500
218620 -1.763542 0.237006 0.0500
218820 -1.733820 0.194301 0.0500
219020 -1.749054 0.212805 0.0500
219220 -1.749948 0.211697 0.0500
219420 -1.767044 0.231855 0.0500
219620 -1.758330 0.217985 0.0500
219820 -1.758255 0.215463 0.0500
220020 -1.757214 0.211772 0.0500
220220 -1.764996 0.219226 0.0500
220420 -1.758510 0.208766 0.0500
220620 -1.777078 0.229025 0.0500
220820 -1.770477 0.218588 0.0500
221020 -1.774973 0.221404 0.0500
221220 -1.764149 0.206388 0.0500
221420 -1.771398 0.212539 0.0500
221620 -1.769123 0.207645 0.0500
221820 -1.764115 0.199849 0.0500
222020 -1.758183 0.191389 0.0500
222220 -1.774218 0.207135 0.0500
222420 -1.764315 0.194071 0.0500
222620 -1.768548 0.196700 0.0500
222820 -1.755651 0.181433 0.0500
223020 -1.761609 0.185688 0.0500
223220 -1.751394 0.174078 0.0500
223420 -1.751695 0.172802 0.0500
223620 -1.744887 0.165412 0.0500
223820 -1.715018 0.144518 0.0500
224020 -1.734031 0.154777 0.0500
224220 -1.733348 0.153084 0.0500
224420 -1.722319 0.145133 0.0500
224620 -1.745969 0.160328 0.0500
224820 -1.683692 0.128021 0.0500
225020 -1.727621 0.145338 0.0500
225220 -1.688170 0.127825 0.0500
225420 -1.714477 0.136580 0.0500
225620 -1.670054 0.121534 0.0500
225820 -1.645274 0.114680 0.0500
226020 -1.615978 0.105508 0.0500
226220 -1.613139 0.104023 0.0500
226420 -1.590372 0.095979 0.0500
226620 -1.586068 0.094116 0.0500
226820 -1.546435 0.082944 0.0500
227020 -1.532325 0.079798 0.0500
227220 -1.523973 0.078018 0.0500
227420 -1.485655 0.072064 0.0500
227620 -1.478961 0.070926 0.0500
227820 -1.463098 0.068827 0.0500
228020 -1.470865 0.069440 0.0500
228220 -1.435343 0.066344 0.0500
228420 -1.449334 0.066915 0.0500
228620 -1.403394 0.065621 0.0500
228820 -1.428699 0.065497 0.0500
229020 -1.389865 0.065439 0.0500
229220 -1.398860 0.065061 0.0500
229420 -1.362245 0.065565 0.0500
229620 -1.372807 0.065135 0.0500
229820 -1.357446 0.065243 0.0500
230020 -1.340371 0.065589 0.0500
230220 -1.352799 0.064934 0.0500
230420 -1.317149 0.066766 0.0500
230620 -1.331631 0.065407 0.0500
230820 -1.330320 0.065268 0.0500
231020 -1.324408 0.065468 0.0500
231220 -1.346654 0.064113 0.0500
231420 -1.340280 0.064118 0.0500
231620 -1.367338 0.063431 0.0500
231820 -1.358461 0.063279 0.0500
232020 -1.370121 0.063022 0.0500
232220 -1.375327 0.062830 0.0500
232420 -1.383759 0.062685 0.0500
232620 -1.376410 0.062434 0.0500
232820 -1.379088 0.062248 0.0500
233020 -1.375859 0.062034 0.0500
233220 -1.346472 0.062304 0.0500
233420 -1.410149 0.062399 0.0500
233620 -1.392512 0.061701 0.0500
233820 -1.414038 0.062181 0.0500
234020 -1.400543 0.061502 0.0500
234220 -1.407256 0.061516 0.0500
234420 -1.412776 0.061543 0.0500
234620 -1.388452 0.060728 0.0500
234820 -1.407217 0.060951 0.0500
235020 -1.385821 0.060347 0.0500
235220 -1.420678 0.061270 0.0500
235420 -1.390010 0.060033 0.0500
235620 -1.398106 0.059965 0.0500
235820 -1.416106 0.060469 0.0500
236020 -1.386271 0.059495 0.0500
236220 -1.403934 0.059582 0.0500
236420 -1.390637 0.059154 0.0500
236620 -1.398644 0.059083 0.0500
236820 -1.399590 0.058926 0.0500
237020 -1.411746 0.059199 0.0500
237220 -1.419457 0.059494 0.0500
237420 -1.423335 0.059610 0.0500
237620 -1.425998 0.059656 0.0500
237820 -1.439860 0.060986 0.0500
238020 -1.475632 0.066790 0.0500
238220 -1.456355 0.063058 0.0500
238420 -1.479629 0.067144 0.0500
238620 -1.488958 0.068770 0.0500
238820 -1.491723 0.069083 0.0500
239020 -1.501976 0.070912 0.0500
239220 -1.495828 0.069413 0.0500
239420 -1.524136 0.075057 0.0500
239620 -1.529109 0.075873 0.0500
239820 -1.553602 0.081718 0.0500
240020 -1.567884 0.085656 0.0500
240220 -1.570953 0.086269 0.0500
240420 -1.585568 0.090903 0.0500
240620 -1.585489 0.090451 0.0500
240820 -1.600753 0.095627 0.0500
241020 -1.604486 0.096550 0.0500
241220 -1.626050 0.103998 0.0500
241420 -1.626813 0.103715 0.0500
241620 -1.637760 0.106946 0.0500
241820 -1.633123 0.104788 0.0500
242020 -1.633245 0.104267 0.0500
242220 -1.637389 0.105105 0.0500
242420 -1.624660 0.100264 0.0500
242620 -1.635122 0.103261 0.0500
242820 -1.610284 0.094491 0.0500
243020 -1.639125 0.103622 0.0500
243220 -1.612829 0.094424 0.0500
243420 -1.639664 0.102820 0.0500
243620 -1.612888 0.093557 0.0500
243820 -1.637294 0.101051 0.0500
244020 -1.603281 0.089809 0.0500
244220 -1.612839 0.092247 0.0500
244420 -1.584977 0.084064 0.0500
244620 -1.619078 0.093425 0.0500
244820 -1.589056 0.084394 0.0500
245020 -1.626153 0.094954 0.0500
245220 -1.600602 0.086723 0.0500
245420 -1.629803 0.095357 0.0500
245620 -1.602334 0.086450 0.0500
245820 -1.604824 0.086752 0.0500
246020 -1.600858 0.085290 0.0500
246220 -1.573954 0.078882 0.0500
246420 -1.580964 0.079933 0.0500
246620 -1.549624 0.074474 0.0500
246820 -1.557680 0.075302 0.0500
247020 -1.543447 0.073129 0.0500
247220 -1.553936 0.074210 0.0500
247420 -1.541263 0.072325 0.0500
247620 -1.516112 0.069272 0.0500
247820 -1.520899 0.069555 0.0500
248020 -1.500947 0.067030 0.0500
248220 -1.513237 0.068233 0.0500
248420 -1.487070 0.064855 0.0500
248620 -1.495106 0.065648 0.0500
248820 -1.467140 0.061910 0.0500
249020 -1.496232 0.065390 0.0500
249220 -1.489646 0.064348 0.0500
249420 -1.491431 0.064359 0.0500
249620 -1.496716 0.064804 0.0500
249820 -1.509799 0.066198 0.0500
250020 -1.493345 0.063966 0.0500
250220 -1.513282 0.066198 0.0500
250420 -1.491570 0.063344 0.0500
250620 -1.521064 0.066765 0.0500
250820 -1.477288 0.061336 0.0500
251020 -1.527904 0.067308 0.0500
251220 -1.499260 0.063492 0.0500
251420 -1.533607 0.067700 0.0500
251620 -1.486677 0.061712 0.0500
251820 -1.485522 0.061393 0.0500
252020 -1.471400 0.059775 0.0500
252220 -1.478905 0.060327 0.0500
252420 -1.467533 0.059057 0.0500
252620 -1.433157 0.056786 0.0500
252820 -1.451348 0.057484 0.0500
253020 -1.412987 0.056277 0.0500
253220 -1.422028 0.056107 0.0500
253420 -1.408094 0.056024 0.0500
253620 -1.398760 0.056103 0.0500
253820 -1.413989 0.055635 0.0500
254020 -1.364412 0.057754 0.0500
254220 -1.374147 0.056880 0.0500
254420 -1.365287 0.057349 0.0500
254620 -1.351174 0.058424 0.0500
254820 -1.349023 0.058466 0.0500
255020 -1.291562 0.067686 0.0500
255220 -1.286593 0.068605 0.0500
255420 -1.284250 0.068926 0.0500
255620 -1.252249 0.077794 0.0500
255820 -1.256485 0.076120 0.0500
256020 -1.219855 0.089408 0.0500
256220 -1.217487 0.090001 0.0500
256420 -1.201694 0.096545 0.0500
256620 -1.162305 0.114830 0.0500
256820 -1.145126 0.123078 0.0500
257020 -1.143323 0.123288 0.0500
257220 -1.140088 0.124306 0.0500
257420 -1.125422 0.132377 0.0500
257620 -1.113847 0.139566 0.0500
257820 -1.124377 0.131241 0.0500
258020 -1.141583 0.120382 0.0500
258220 -1.124088 0.129789 0.0500
258420 -1.130604 0.124911 0.0500
258620 -1.154061 0.112286 0.0500
258820 -1.133831 0.121618 0.0500
259020 -1.157137 0.109697 0.0500
259220 -1.177810 0.101138 0.0500
259420 -1.185684 0.097794 0.0500
259620 -1.208790 0.089296 0.0500
259820 -1.208620 0.088945 0.0500
260020 -1.224788 0.083216 0.0500
260220 -1.251790 0.074956 0.0500
260420 -1.259728 0.072633 0.0500
260620 -1.238906 0.077992 0.0500
260820 -1.261412 0.071690 0.0500
261020 -1.243240 0.076171 0.0500
261220 -1.272662 0.068651 0.0500
261420 -1.260506 0.071137 0.0500
261620 -1.234459 0.077994 0.0500
261820 -1.277018 0.067093 0.0500
262020 -1.260417 0.070421 0.0500
262220 -1.238863 0.075910 0.0500
262420 -1.274748 0.066874 0.0500
262620 -1.238574 0.075501 0.0500
262820 -1.244124 0.073599 0.0500
263020 -1.233795 0.076390 0.0500
263220 -1.177063 0.097474 0.0500
263420 -1.215776 0.081904 0.0500
263620 -1.198768 0.087915 0.0500
263820 -1.220043 0.079735 0.0500
264020 -1.210882 0.082632 0.0500
264220 -1.166946 0.100145 0.0500
264420 -1.216485 0.080043 0.0500
264620 -1.161208 0.102043 0.0500
264820 -1.174646 0.095483 0.0500
265020 -1.147849 0.107757 0.0500
265220 -1.148485 0.106823 0.0500
265420 -1.172229 0.095116 0.0500
265620 -1.148240 0.105907 0.0500
265820 -1.137262 0.111588 0.0500
266020 -1.138769 0.110043 0.0500
266220 -1.097920 0.142266 0.0500
266420 -1.080188 0.161647 0.0500
266620 -1.058478 0.190763 0.0500
266820 -1.041543 0.216957 0.0500
267020 -0.992836 0.325200 0.0500
267220 -0.976471 0.370328 0.0500
267420 -0.964058 0.406082 0.0500
267620 -0.966000 0.390900 0.0500
267820 -0.940133 0.478920 0.0500
268020 -0.941517 0.462060 0.0500
268220 -0.941094 0.452785 0.0500
268420 -0.941294 0.441659 0.0500
268620 -0.935771 0.451470 0.0500
268820 -0.910806 0.531766 0.0500
269020 -0.920969 0.481677 0.0500
269220 -0.918941 0.476890 0.0500
269420 -0.946427 0.379615 0.0500
269620 -0.913790 0.475263 0.0500
269820 -0.953180 0.348108 0.0500
270020 -0.986564 0.277520 0.0500
270220 -0.983769 0.278006 0.0500
270420 -1.013200 0.233714 0.0500
270620 -1.003971 0.242497 0.0500
270820 -0.995288 0.251043 0.0500
271020 -1.057396 0.176864 0.0500
271220 -1.027455 0.207767 0.0500
271420 -1.068890 0.161945 0.0500
271620 -1.042104 0.188423 0.0500
271820 -1.055557 0.172600 0.0500
272020 -1.084544 0.143540 0.0500
272220 -1.036445 0.190184 0.0500
272420 -1.079868 0.145628 0.0500
272620 -1.034512 0.189491 0.0500
272820 -1.058216 0.163287 0.0500
273020 -1.037732 0.182760 0.0500
273220 -1.042042 0.176520 0.0500
273420 -1.050974 0.166010 0.0500
273620 -1.054259 0.161482 0.0500
273820 -1.049929 0.164246 0.0500
274020 -0.998983 0.224498 0.0500
274220 -1.011001 0.204780 0.0500
274420 -1.040471 0.169355 0.0500
274620 -1.017765 0.192551 0.0500
274820 -1.003950 0.208918 0.0500
275020 -1.004657 0.205684 0.0500
275220 -0.980551 0.243834 0.0500
275420 -0.947340 0.323317 0.0500
275620 -0.945694 0.322960 0.0500
275820 -0.963321 0.270456 0.0500
276020 -0.913060 0.428751 0.0500
276220 -0.913208 0.418843 0.0500
276420 -0.878834 0.544260 0.0500
276620 -0.902768 0.439336 0.0500
276820 -0.901263 0.435065 0.0500
277020 -0.888448 0.472609 0.0500
277220 -0.896032 0.433968 0.0500
277420 -0.875174 0.499378 0.0500
277620 -0.920251 0.340958 0.0500
277820 -0.912243 0.357446 0.0500
278020 -0.886787 0.432699 0.0500
278220 -0.933773 0.292146 0.0500
278420 -0.954595 0.249911 0.0500
278620 -0.964180 0.232640 0.0500
278820 -0.995895 0.194220 0.0500
279020 -1.033763 0.162440 0.0500
279220 -1.026887 0.165914 0.0500
279420 -1.054641 0.146370 0.0500
279620 -1.057025 0.143843 0.0500
279820 -1.063334 0.139113 0.0500
280020 -1.119279 0.110932 0.0500
280220 -1.083415 0.126804 0.0500
280420 -1.122819 0.108347 0.0500
280620 -1.112553 0.111893 0.0500
280820 -1.138452 0.101474 0.0500
281020 -1.151502 0.096695 0.0500
281220 -1.107751 0.112424 0.0500
281420 -1.169153 0.090693 0.0500
281620 -1.128859 0.102977 0.0500
281820 -1.148658 0.095826 0.0500
282020 -1.129118 0.101873 0.0500
282220 -1.078410 0.125211 0.0500
282420 -1.119656 0.104494 0.0500
282620 -1.074363 0.126303 0.0500
282820 -1.102067 0.110900 0.0500
283020 -1.088960 0.116715 0.0500
283220 -1.080495 0.120608 0.0500
283420 -1.100173 0.109870 0.0500
283620 -1.069592 0.125697 0.0500
283820 -1.105187 0.106515 0.0500
284020 -1.109401 0.104239 0.0500
284220 -1.105870 0.105089 0.0500
284420 -1.151332 0.091043 0.0500
284620 -1.126335 0.096964 0.0500
284820 -1.173980 0.085659 0.0500
285020 -1.184021 0.083269 0.0500
285220 -1.201192 0.079301 0.0500
285420 -1.218346 0.075230 0.0500
285620 -1.199338 0.079094 0.0500
285820 -1.238400 0.070554 0.0500
286020 -1.205571 0.077198 0.0500
286220 -1.240825 0.069624 0.0500
286420 -1.205620 0.076667 0.0500
286620 -1.255530 0.066725 0.0500
286820 -1.240339 0.069024 0.0500
287020 -1.230099 0.070727 0.0500
287220 -1.238193 0.068924 0.0500
287420 -1.220464 0.072222 0.0500
287620 -1.242756 0.067643 0.0500
287820 -1.186753 0.079507 0.0500
288020 -1.206342 0.074618 0.0500
288220 -1.187286 0.078777 0.0500
288420 -1.169771 0.082627 0.0500
288620 -1.187818 0.078023 0.0500
288820 -1.129699 0.093139 0.0500
289020 -1.157348 0.084715 0.0500
289220 -1.131539 0.091734 0.0500
289420 -1.121996 0.094644 0.0500
289620 -1.149975 0.085528 0.0500
289820 -1.084062 0.112140 0.0500
290020 -1.089314 0.108467 0.0500
290220 -1.084518 0.110611 0.0500
290420 -1.057975 0.127776 0.0500
290620 -1.109138 0.097207 0.0500
290820 -1.106949 0.097642 0.0500
291020 -1.063252 0.122266 0.0500
291220 -1.079956 0.110442 0.0500
291420 -1.064411 0.120020 0.0500
291620 -1.062037 0.120983 0.0500
291820 -1.056311 0.124476 0.0500
292020 -1.047498 0.130632 0.0500
292220 -1.026458 0.148430 0.0500
292420 -1.022009 0.151599 0.0500
292620 -0.998874 0.174957 0.0500
292820 -0.990267 0.183577 0.0500
293020 -1.009575 0.160261 0.0500
293220 -1.005273 0.163427 0.0500
293420 -0.999880 0.167881 0.0500
293620 -0.952792 0.233545 0.0500
293820 -0.961957 0.215037 0.0500
294020 -0.996644 0.167210 0.0500
294220 -0.935740 0.261620 0.0500
294420 -0.900836 0.355910 0.0500
294620 -0.921459 0.288382 0.0500
294820 -0.964118 0.201681 0.0500
295020 -0.947854 0.225247 0.0500
295220 -0.860940 0.494610 0.0500
295420 -0.893364 0.359171 0.0500
295620 -0.878528 0.406005 0.0500
295820 -0.879433 0.394275 0.0500
296020 -0.869017 0.425433 0.0500
296220 -0.835384 0.546964 0.0500
296420 -0.877334 0.378089 0.0500
296620 -0.864629 0.415011 0.0500
296820 -0.873857 0.374573 0.0500
297020 -0.878845 0.351644 0.0500
297220 -0.871311 0.369152 0.0500
297420 -0.904327 0.275208 0.0500
297620 -0.943024 0.210857 0.0500
297820 -0.884627 0.316541 0.0500
298020 -0.862060 0.382784 0.0500
298220 -0.867097 0.358130 0.0500
298420 -0.863932 0.362124 0.0500
298620 -0.862154 0.361426 0.0500
298820 -0.841484 0.431388 0.0500
299020 -0.819996 0.509072 0.0500
299220 -0.813085 0.522968 0.0500
299420 -0.820056 0.482689 0.0500
299620 -0.809471 0.510079 0.0500
299820 -0.806852 0.506218 0.0500
300020 -0.813541 0.470054 0.0500
300220 -0.822219 0.429855 0.0500
300420 -0.822004 0.421166 0.0500
300620 -0.866555 0.296832 0.0500
300820 -0.893625 0.248827 0.0500
301020 -0.891378 0.248616 0.0500
301220 -0.954410 0.187794 0.0500
301420 -0.924453 0.209372 0.0500
301620 -1.003164 0.150540 0.0500
301820 -1.002540 0.149802 0.0500
302020 -1.032123 0.129726 0.0500
302220 -1.051480 0.117693 0.0500
302420 -1.037456 0.124950 0.0500
302620 -1.090365 0.098514 0.0500
302820 -1.040847 0.121802 0.0500
303020 -1.067507 0.107097 0.0500
303220 -1.062805 0.108739 0.0500
303420 -1.043160 0.118520 0.0500
303620 -1.058518 0.109608 0.0500
303820 -1.025976 0.127662 0.0500
304020 -1.049836 0.112808 0.0500
304220 -1.027353 0.125287 0.0500
304420 -1.011496 0.135185 0.0500
304620 -1.041095 0.115553 0.0500
304820 -0.973629 0.163101 0.0500
305020 -1.008636 0.134748 0.0500
305220 -0.966775 0.166560 0.0500
305420 -0.975780 0.157765 0.0500
305620 -0.992316 0.143685 0.0500
305820 -0.985863 0.147482 0.0500
306020 -1.002552 0.134358 0.0500
306220 -1.005545 0.131447 0.0500
306420 -0.998448 0.135335 0.0500
306620 -0.984394 0.144669 0.0500
306820 -0.970050 0.155165 0.0500
307020 -0.977630 0.147745 0.0500
307220 -0.949754 0.170818 0.0500
307420 -0.949504 0.169560 0.0500
307620 -0.974404 0.146917 0.0500
307820 -0.954149 0.162727 0.0500
308020 -0.978092 0.141964 0.0500
308220 -0.932589 0.181326 0.0500
308420 -0.969345 0.146487 0.0500
308620 -0.986127 0.133708 0.0500
308820 -0.938421 0.171870 0.0500
309020 -0.968904 0.143729 0.0500
309220 -0.943612 0.164195 0.0500
309420 -0.994816 0.125567 0.0500
309620 -0.993704 0.125341 0.0500
309820 -0.980174 0.132335 0.0500
310020 -1.009143 0.116595 0.0500
310220 -1.033618 0.107261 0.0500
310420 -1.054964 0.100678 0.0500
310620 -1.076750 0.094895 0.0500
310820 -1.045363 0.102323 0.0500
311020 -1.085947 0.092092 0.0500
311220 -1.096712 0.089587 0.0500
311420 -1.103090 0.088050 0.0500
311620 -1.107999 0.086840 0.0500
311820 -1.110068 0.086125 0.0500
312020 -1.136476 0.082180 0.0500
312220 -1.121933 0.083683 0.0500
312420 -1.131353 0.082110 0.0500
312620 -1.124966 0.082572 0.0500
312820 -1.155713 0.078752 0.0500
313020 -1.137922 0.080353 0.0500
313220 -1.143746 0.079380 0.0500
313420 -1.147671 0.078643 0.0500
313620 -1.149127 0.078177 0.0500
313820 -1.147821 0.077997 0.0500
314020 -1.121969 0.080878 0.0500
314220 -1.124204 0.080214 0.0500
314420 -1.115491 0.081244 0.0500
314620 -1.139121 0.077719 0.0500
314820 -1.129580 0.078523 0.0500
315020 -1.119824 0.079594 0.0500
315220 -1.141787 0.076549 0.0500
315420 -1.132289 0.077264 0.0500
315620 -1.118671 0.078870 0.0500
315820 -1.115261 0.079127 0.0500
316020 -1.156048 0.074345 0.0500
316220 -1.099131 0.081948 0.0500
316420 -1.127022 0.076487 0.0500
316620 -1.133086 0.075465 0.0500
316820 -1.130863 0.075422 0.0500
317020 -1.137774 0.074414 0.0500
317220 -1.093294 0.082104 0.0500
317420 -1.126109 0.075186 0.0500
317620 -1.122435 0.075403 0.0500
317820 -1.095120 0.080746 0.0500
318020 -1.115988 0.075850 0.0500
318220 -1.100451 0.078768 0.0500
318420 -1.095163 0.079793 0.0500
318620 -1.089766 0.080958 0.0500
318820 -1.070051 0.087009 0.0500
319020 -1.084086 0.081964 0.0500
319220 -1.050600 0.093658 0.0500
319420 -1.053923 0.091895 0.0500
319620 -1.027429 0.102548 0.0500
319820 -1.031484 0.100222 0.0500
320020 -1.015494 0.107039 0.0500
320220 -1.021507 0.103611 0.0500
320420 -1.007036 0.110162 0.0500
320620 -0.993767 0.117061 0.0500
320820 -0.980206 0.125352 0.0500
321020 -0.961015 0.139981 0.0500
321220 -0.959234 0.140576 0.0500
321420 -0.940290 0.158422 0.0500
321620 -0.928779 0.170326 0.0500
321820 -0.926554 0.171540 0.0500
322020 -0.928152 0.168110 0.0500
322220 -0.926794 0.168286 0.0500
322420 -0.898040 0.207309 0.0500
322620 -0.932584 0.158823 0.0500
322820 -0.904015 0.194349 0.0500
323020 -0.880873 0.233020 0.0500
323220 -0.878587 0.234883 0.0500
323420 -0.901433 0.192135 0.0500
323620 -0.843759 0.318675 0.0500
323820 -0.852852 0.287355 0.0500
324020 -0.847691 0.297486 0.0500
324220 -0.798883 0.463934 0.0500
324420 -0.809560 0.412650 0.0500
324620 -0.810137 0.401907 0.0500
324820 -0.783903 0.491973 0.0500
325020 -0.793685 0.443424 0.0500
325220 -0.767059 0.530984 0.0500
325420 -0.798497 0.407145 0.0500
325620 -0.787807 0.434550 0.0500
325820 -0.821335 0.324761 0.0500
326020 -0.855906 0.245745 0.0500
326220 -0.843269 0.266384 0.0500
326420 -0.904523 0.174947 0.0500
326620 -0.945376 0.138426 0.0500
326820 -0.896645 0.180931 0.0500
327020 -0.971178 0.120812 0.0500
327220 -0.974576 0.118276 0.0500
327420 -0.988041 0.111147 0.0500
327620 -1.051533 0.088751 0.0500
327820 -0.994078 0.107705 0.0500
328020 -1.068273 0.083318 0.0500
328220 -1.076466 0.080784 0.0500
328420 -1.043193 0.089925 0.0500
328620 -1.123148 0.072120 0.0500
328820 -1.067631 0.082296 0.0500
329020 -1.106868 0.073497 0.0500
329220 -1.134462 0.070801 0.0500
329420 -1.079265 0.078524 0.0500
329620 -1.165490 0.070333 0.0500
329820 -1.148802 0.069951 0.0500
330020 -1.177695 0.069907 0.0500
330220 -1.196099 0.069257 0.0500
330420 -1.189738 0.069237 0.0500
330620 -1.236957 0.065670 0.0500
330820 -1.203193 0.068233 0.0500
331020 -1.256456 0.063575 0.0500
331220 -1.213724 0.067120 0.0500
331420 -1.276998 0.061708 0.0500
331620 -1.221882 0.066097 0.0500
331820 -1.263156 0.062359 0.0500
332020 -1.226392 0.065309 0.0500
332220 -1.241480 0.063717 0.0500
332420 -1.224455 0.065067 0.0500
332620 -1.210289 0.066118 0.0500
332820 -1.207368 0.066133 0.0500
333020 -1.197859 0.066608 0.0500
333220 -1.178451 0.067366 0.0500
333420 -1.164975 0.067530 0.0500
333620 -1.171173 0.067133 0.0500
333820 -1.148861 0.067556 0.0500
334020 -1.167065 0.066795 0.0500
334220 -1.116230 0.069873 0.0500
334420 -1.162530 0.066523 0.0500
334620 -1.124632 0.068409 0.0500
334820 -1.106794 0.070753 0.0500
335020 -1.143557 0.066524 0.0500
335220 -1.075847 0.077736 0.0500
335420 -1.113127 0.069033 0.0500
335620 -1.091308 0.073096 0.0500
335820 -1.057057 0.082791 0.0500
336020 -1.087507 0.073500 0.0500
336220 -1.040261 0.087880 0.0500
336420 -1.054433 0.082690 0.0500
336620 -0.995076 0.104708 0.0500
336820 -1.035535 0.088441 0.0500
337020 -1.033130 0.088874 0.0500
337220 -0.992482 0.104659 0.0500
337420 -0.983294 0.108622 0.0500
337620 -0.946215 0.131401 0.0500
337820 -0.932316 0.141569 0.0500
338020 -0.956951 0.122112 0.0500
338220 -0.920019 0.150730 0.0500
338420 -0.943023 0.130290 0.0500
338620 -0.923867 0.145127 0.0500
338820 -0.920133 0.147463 0.0500
339020 -0.933670 0.134718 0.0500
339220 -0.934258 0.133327 0.0500
339420 -0.937516 0.129927 0.0500
339620 -0.955055 0.117389 0.0500
339820 -0.935901 0.129549 0.0500
340020 -0.950423 0.118737 0.0500
340220 -0.998450 0.096687 0.0500
340420 -0.983497 0.101427 0.0500
340620 -1.001907 0.094656 0.0500
340820 -1.038096 0.084266 0.0500
341020 -1.003551 0.093383 0.0500
341220 -1.061613 0.077609 0.0500
341420 -1.037229 0.083512 0.0500
341620 -1.053502 0.079014 0.0500
341820 -1.066664 0.075492 0.0500
342020 -1.075096 0.073282 0.0500
342220 -1.090529 0.069928 0.0500
342420 -1.070466 0.073797 0.0500
342620 -1.118708 0.065870 0.0500
342820 -1.154819 0.064759 0.0500
343020 -1.141248 0.064526 0.0500
343220 -1.182905 0.064658 0.0500
343420 -1.165645 0.064294 0.0500
343620 -1.193207 0.064170 0.0500
343820 -1.204957 0.063673 0.0500
344020 -1.203301 0.063518 0.0500
344220 -1.201902 0.063353 0.0500
344420 -1.198330 0.063242 0.0500
344620 -1.211292 0.062630 0.0500
344820 -1.188635 0.063031 0.0500
345020 -1.192943 0.062757 0.0500
345220 -1.177050 0.062735 0.0500
345420 -1.190204 0.062408 0.0500
345620 -1.175900 0.062346 0.0500
345820 -1.188523 0.062039 0.0500
346020 -1.179414 0.061931 0.0500
346220 -1.184657 0.061689 0.0500
346420 -1.195695 0.061361 0.0500
346620 -1.160719 0.061565 0.0500
346820 -1.200884 0.060944 0.0500
347020 -1.151139 0.061473 0.0500
347220 -1.204835 0.060583 0.0500
347420 -1.171198 0.060753 0.0500
347620 -1.221535 0.060028 0.0500
347820 -1.197967 0.060156 0.0500
348020 -1.231091 0.059580 0.0500
348220 -1.202826 0.059755 0.0500
348420 -1.199053 0.059626 0.0500
348620 -1.184006 0.059664 0.0500
348820 -1.172824 0.059680 0.0500
349020 -1.178765 0.059386 0.0500
349220 -1.149906 0.060117 0.0500
349420 -1.174817 0.059116 0.0500
349620 -1.149724 0.059781 0.0500
349820 -1.175980 0.058759 0.0500
350020 -1.121427 0.062086 0.0500
350220 -1.138202 0.060070 0.0500
350420 -1.161147 0.058632 0.0500
350620 -1.147961 0.059028 0.0500
350820 -1.187144 0.057989 0.0500
351020 -1.176334 0.057854 0.0500
351220 -1.217203 0.057902 0.0500
351420 -1.189241 0.057507 0.0500
351620 -1.247472 0.058218 0.0500
351820 -1.240906 0.057887 0.0500
352020 -1.257642 0.058127 0.0500
352220 -1.266053 0.058149 0.0500
352420 -1.255996 0.057744 0.0500
352620 -1.271272 0.057917 0.0500
352820 -1.251868 0.057317 0.0500
353020 -1.274493 0.057652 0.0500
353220 -1.246282 0.056888 0.0500
353420 -1.273839 0.057325 0.0500
353620 -1.237298 0.056459 0.0500
353820 -1.289924 0.057322 0.0500
354020 -1.232244 0.056168 0.0500
354220 -1.245125 0.056131 0.0500
354420 -1.232267 0.055851 0.0500
354620 -1.229096 0.055685 0.0500
354820 -1.239912 0.055590 0.0500
355020 -1.208395 0.055576 0.0500
355220 -1.243312 0.055352 0.0500
355420 -1.208268 0.055297 0.0500
355620 -1.210512 0.055098 0.0500
355820 -1.209861 0.054954 0.0500
356020 -1.191648 0.055274 0.0500
356220 -1.218737 0.054541 0.0500
356420 -1.191263 0.054998 0.0500
356620 -1.220716 0.054247 0.0500
356820 -1.180402 0.055158 0.0500
357020 -1.199648 0.054303 0.0500
357220 -1.202309 0.054084 0.0500
357420 -1.192851 0.054210 0.0500
357620 -1.214372 0.053599 0.0500
357820 -1.153772 0.056282 0.0500
358020 -1.200381 0.053591 0.0500
358220 -1.166905 0.054971 0.0500
358420 -1.159312 0.055385 0.0500
358620 -1.180248 0.053900 0.0500
358820 -1.128585 0.058698 0.0500
359020 -1.123700 0.059316 0.0500
359220 -1.116237 0.060476 0.0500
359420 -1.079642 0.068945 0.0500
359620 -1.120163 0.059415 0.0500
359820 -1.066018 0.072432 0.0500
360020 -1.077873 0.068791 0.0500
360220 -1.051165 0.076326 0.0500
360420 -1.040546 0.079231 0.0500
360620 -1.044570 0.077696 0.0500
360820 -1.040597 0.078580 0.0500
361020 -1.029017 0.081790 0.0500
361220 -1.002954 0.090010 0.0500
361420 -1.007686 0.087944 0.0500
361620 -1.014004 0.085448 0.0500
361820 -1.010073 0.086364 0.0500
362020 -1.020142 0.082771 0.0500
362220 -1.003846 0.087754 0.0500
362420 -1.030512 0.079040 0.0500
362620 -1.028489 0.079294 0.0500
362820 -1.030644 0.078363 0.0500
363020 -1.046960 0.073700 0.0500
363220 -1.019635 0.080985 0.0500
363420 -1.053345 0.071581 0.0500
363620 -1.038557 0.075053 0.0500
363820 -1.078127 0.065485 0.0500
364020 -1.060109 0.069242 0.0500
364220 -1.056021 0.069955 0.0500
364420 -1.067263 0.067139 0.0500
364620 -1.059612 0.068630 0.0500
364820 -1.085021 0.063067 0.0500
365020 -1.110549 0.058662 0.0500
365220 -1.134775 0.055684 0.0500
365420 -1.126512 0.056349 0.0500
365620 -1.114377 0.057650 0.0500
365820 -1.127435 0.055928 0.0500
366020 -1.141227 0.054532 0.0500
366220 -1.153781 0.053586 0.0500
366420 -1.143523 0.054066 0.0500
366620 -1.154222 0.053271 0.0500
366820 -1.145048 0.053666 0.0500
367020 -1.167726 0.052469 0.0500
367220 -1.165450 0.052394 0.0500
367420 -1.176060 0.052009 0.0500
367620 -1.172031 0.051945 0.0500
367820 -1.155881 0.052363 0.0500
368020 -1.170795 0.051701 0.0500
368220 -1.157041 0.052034 0.0500
368420 -1.178340 0.051314 0.0500
368620 -1.186834 0.051145 0.0500
368820 -1.180807 0.051026 0.0500
369020 -1.198246 0.050983 0.0500
369220 -1.199092 0.050864 0.0500
369420 -1.231454 0.051944 0.0500
369620 -1.202359 0.050680 0.0500
369820 -1.194871 0.050437 0.0500
370020 -1.227576 0.051369 0.0500
370220 -1.221180 0.050913 0.0500
370420 -1.258090 0.053275 0.0500
370620 -1.263025 0.053532 0.0500
370820 -1.289515 0.055338 0.0500
371020 -1.284543 0.054869 0.0500
371220 -1.306407 0.055823 0.0500
371420 -1.285419 0.054628 0.0500
371620 -1.304939 0.055467 0.0500
371820 -1.295010 0.054874 0.0500
372020 -1.323646 0.055630 0.0500
372220 -1.311115 0.055211 0.0500
372420 -1.324066 0.055325 0.0500
372620 -1.318568 0.055077 0.0500
372820 -1.313325 0.054807 0.0500
373020 -1.298888 0.054191 0.0500
373220 -1.290921 0.053695 0.0500
373420 -1.286252 0.053320 0.0500
373620 -1.261282 0.051783 0.0500
373820 -1.271614 0.052242 0.0500
374020 -1.235600 0.050265 0.0500
374220 -1.236088 0.050154 0.0500
374420 -1.217883 0.049533 0.0500
374620 -1.213845 0.049352 0.0500
374820 -1.196309 0.049225 0.0500
375020 -1.185110 0.049299 0.0500
375220 -1.184773 0.049183 0.0500
375420 -1.147277 0.051205 0.0500
375620 -1.168939 0.049538 0.0500
375820 -1.148591 0.050831 0.0500
376020 -1.165800 0.049454 0.0500
376220 -1.145703 0.050852 0.0500
376420 -1.112742 0.055297 0.0500
376620 -1.115140 0.054722 0.0500
376820 -1.100507 0.057315 0.0500
377020 -1.086583 0.060151 0.0500
377220 -1.053028 0.068451 0.0500
377420 -1.066061 0.064747 0.0500
377620 -1.058661 0.066465 0.0500
377820 -1.077681 0.061468 0.0500
378020 -1.039629 0.071430 0.0500
378220 -1.043783 0.069942 0.0500
378420 -1.056111 0.066267 0.0500
378620 -1.038750 0.070949 0.0500
378820 -1.048382 0.067907 0.0500
379020 -1.008839 0.080723 0.0500
379220 -1.054461 0.065843 0.0500
379420 -1.046402 0.067785 0.0500
379620 -1.007216 0.080650 0.0500
379820 -1.030099 0.072138 0.0500
380020 -0.978776 0.093553 0.0500
380220 -0.983805 0.090410 0.0500
380420 -0.990952 0.086440 0.0500
380620 -0.955894 0.106665 0.0500
380820 -0.984802 0.088673 0.0500
381020 -0.961521 0.101798 0.0500
381220 -0.938622 0.118664 0.0500
381420 -0.931092 0.124669 0.0500
381620 -0.943139 0.113464 0.0500
381820 -0.903647 0.152774 0.0500
382020 -0.918809 0.134324 0.0500
382220 -0.885998 0.174520 0.0500
382420 -0.881211 0.180184 0.0500
382620 -0.888378 0.167960 0.0500
382820 -0.890479 0.163602 0.0500
383020 -0.871638 0.190887 0.0500
383220 -0.872034 0.188363 0.0500
383420 -0.855928 0.215782 0.0500
383620 -0.867388 0.192341 0.0500
383820 -0.843826 0.236809 0.0500
384020 -0.778584 0.438305 0.0500
384220 -0.811219 0.315778 0.0500
384420 -0.777901 0.425584 0.0500
384620 -0.769906 0.446863 0.0500
384820 -0.781283 0.394887 0.0500
385020 -0.730255 0.577066 0.0500
385220 -0.804446 0.310684 0.0500
385420 -0.751940 0.479440 0.0500
385620 -0.798374 0.317302 0.0500
385820 -0.781500 0.360834 0.0500
386020 -0.768922 0.394995 0.0500
386220 -0.881407 0.162141 0.0500
386420 -0.839198 0.219210 0.0500
386620 -0.847364 0.204018 0.0500
386820 -0.905641 0.134517 0.0500
387020 -0.896525 0.141830 0.0500
387220 -0.918980 0.121992 0.0500
387420 -0.934433 0.110627 0.0500
387620 -0.893804 0.142021 0.0500
387820 -0.929664 0.112450 0.0500
388020 -0.950167 0.099875 0.0500
388220 -0.961637 0.093718 0.0500
388420 -0.979556 0.085679 0.0500
388620 -0.997724 0.078890 0.0500
388820 -1.018683 0.072438 0.0500
389020 -1.006412 0.075615 0.0500
389220 -1.062337 0.062032 0.0500
389420 -1.062740 0.061755 0.0500
389620 -1.096045 0.055665 0.0500
389820 -1.098131 0.055183 0.0500
390020 -1.090720 0.056201 0.0500
390220 -1.123326 0.051555 0.0500
390420 -1.121056 0.051671 0.0500
390620 -1.154596 0.048840 0.0500
390820 -1.113500 0.052350 0.0500
391020 -1.102551 0.053727 0.0500
391220 -1.118293 0.051481 0.0500
391420 -1.097961 0.054145 0.0500
391620 -1.111992 0.051988 0.0500
391820 -1.088045 0.055499 0.0500
392020 -1.089650 0.055064 0.0500
392220 -1.080695 0.056506 0.0500
392420 -1.054884 0.061680 0.0500
392620 -1.065508 0.059173 0.0500
392820 -1.044554 0.063724 0.0500
393020 -1.046230 0.063113 0.0500
393220 -1.016805 0.070751 0.0500
393420 -1.021436 0.069147 0.0500
393620 -1.042530 0.063394 0.0500
393820 -1.003994 0.074077 0.0500
394020 -1.041872 0.063165 0.0500
394220 -1.012986 0.070739 0.0500
394420 -1.026866 0.066514 0.0500
394620 -1.000402 0.074352 0.0500
394820 -0.989342 0.078119 0.0500
395020 -1.005730 0.072003 0.0500
395220 -0.996098 0.075018 0.0500
395420 -0.941469 0.101082 0.0500
395620 -1.009738 0.070067 0.0500
395820 -0.991393 0.075961 0.0500
396020 -0.958696 0.090261 0.0500
396220 -1.005349 0.070691 0.0500
396420 -0.957732 0.090144 0.0500
396620 -0.971008 0.083164 0.0500
396820 -0.995730 0.073045 0.0500
397020 -0.984775 0.076727 0.0500
397220 -0.995256 0.072651 0.0500
397420 -0.989319 0.074448 0.0500
397620 -1.011805 0.067195 0.0500
397820 -1.006937 0.068289 0.0500
398020 -1.013987 0.066169 0.0500
398220 -1.053578 0.058110 0.0500
398420 -1.040123 0.060210 0.0500
398620 -1.066831 0.055798 0.0500
398820 -1.099451 0.051630 0.0500
399020 -1.079097 0.053869 0.0500
399220 -1.118797 0.049602 0.0500
399420 -1.084001 0.053002 0.0500
399620 -1.104830 0.050572 0.0500
399820 -1.087315 0.052330 0.0500
400020 -1.105117 0.050286 0.0500
400220 -1.096773 0.050993 0.0500
400420 -1.104141 0.050119 0.0500
400620 -1.116107 0.048975 0.0500
400820 -1.104739 0.049811 0.0500
401020 -1.103315 0.049819 0.0500
401220 -1.095218 0.050525 0.0500
401420 -1.084386 0.051678 0.0500
401620 -1.099257 0.049840 0.0500
401820 -1.129503 0.047509 0.0500
402020 -1.118358 0.048006 0.0500
402220 -1.143756 0.046841 0.0500
402420 -1.116205 0.047934 0.0500
402620 -1.139798 0.046711 0.0500
402820 -1.153040 0.046431 0.0500
403020 -1.137304 0.046560 0.0500
403220 -1.187938 0.046870 0.0500
403420 -1.165569 0.046206 0.0500
403620 -1.192419 0.046815 0.0500
403820 -1.190151 0.046621 0.0500
404020 -1.233380 0.048640 0.0500
404220 -1.240513 0.048996 0.0500
404420 -1.250702 0.049614 0.0500
404620 -1.252383 0.049615 0.0500
404820 -1.265324 0.050502 0.0500
405020 -1.287988 0.052106 0.0500
405220 -1.275513 0.051043 0.0500
405420 -1.285700 0.051671 0.0500
405620 -1.287600 0.051670 0.0500
405820 -1.296824 0.052159 0.0500
406020 -1.303160 0.052412 0.0500
406220 -1.316992 0.053016 0.0500
406420 -1.323191 0.053154 0.0500
406620 -1.322762 0.052991 0.0500
406820 -1.297854 0.051566 0.0500
407020 -1.323163 0.052741 0.0500
407220 -1.335302 0.053089 0.0500
407420 -1.330919 0.052778 0.0500
407620 -1.335946 0.052825 0.0500
407820 -1.328881 0.052414 0.0500
408020 -1.333221 0.052440 0.0500
408220 -1.321963 0.051856 0.0500
408420 -1.315575 0.051451 0.0500
408620 -1.308321 0.051000 0.0500
408820 -1.305558 0.050744 0.0500
409020 -1.299233 0.050326 0.0500
409220 -1.283997 0.049483 0.0500
409420 -1.282489 0.049286 0.0500
409620 -1.260718 0.048142 0.0500
409820 -1.267958 0.048355 0.0500
410020 -1.233100 0.046864 0.0500
410220 -1.240631 0.046997 0.0500
410420 -1.231211 0.046585 0.0500
410620 -1.204622 0.045897 0.0500
410820 -1.202917 0.045762 0.0500
411020 -1.159762 0.045399 0.0500
411220 -1.174837 0.045264 0.0500
411420 -1.139203 0.045690 0.0500
411620 -1.125227 0.046330 0.0500
411820 -1.120573 0.046552 0.0500
412020 -1.121111 0.046401 0.0500
412220 -1.131248 0.045640 0.0500
412420 -1.075501 0.051690 0.0500
412620 -1.125551 0.045799 0.0500
412820 -1.091514 0.049096 0.0500
413020 -1.093744 0.048678 0.0500
413220 -1.107197 0.046998 0.0500
413420 -1.098662 0.047829 0.0500
413620 -1.141315 0.044643 0.0500
413820 -1.136139 0.044703 0.0500
414020 -1.149629 0.044289 0.0500
414220 -1.167203 0.044230 0.0500
414420 -1.180505 0.044381 0.0500
414620 -1.206016 0.045007 0.0500
414820 -1.216387 0.045255 0.0500
415020 -1.240982 0.046173 0.0500
415220 -1.243980 0.046211 0.0500
415420 -1.274135 0.047825 0.0500
415620 -1.277785 0.047933 0.0500
415820 -1.280846 0.048006 0.0500
416020 -1.297340 0.048922 0.0500
416220 -1.312496 0.049746 0.0500
416420 -1.318879 0.050014 0.0500
416620 -1.314262 0.049602 0.0500
416820 -1.314294 0.049477 0.0500
417020 -1.293607 0.048116 0.0500
417220 -1.306381 0.048755 0.0500
417420 -1.279967 0.047125 0.0500
417620 -1.310896 0.048811 0.0500
417820 -1.286449 0.047259 0.0500
418020 -1.296252 0.047695 0.0500
418220 -1.280494 0.046720 0.0500
418420 -1.268148 0.046020 0.0500
418620 -1.280691 0.046511 0.0500
418820 -1.267886 0.045793 0.0500
419020 -1.284306 0.046486 0.0500
419220 -1.294282 0.046943 0.0500
419420 -1.294303 0.046831 0.0500
419620 -1.299249 0.047023 0.0500
419820 -1.279628 0.045816 0.0500
420020 -1.273788 0.045441 0.0500
420220 -1.251530 0.044581 0.0500
420420 -1.263573 0.044837 0.0500
420620 -1.250637 0.044358 0.0500
420820 -1.241548 0.044079 0.0500
421020 -1.232168 0.043860 0.0500
421220 -1.210634 0.043647 0.0500
421420 -1.227082 0.043626 0.0500
421620 -1.213017 0.043463 0.0500
421820 -1.209767 0.043358 0.0500
422020 -1.201885 0.043251 0.0500
422220 -1.193077 0.043151 0.0500
422420 -1.180856 0.043067 0.0500
422620 -1.151268 0.043327 0.0500
422820 -1.178417 0.042896 0.0500
423020 -1.127856 0.044266 0.0500
423220 -1.143012 0.043337 0.0500
423420 -1.122104 0.044512 0.0500
423620 -1.108757 0.045710 0.0500
423820 -1.107358 0.045762 0.0500
424020 -1.069204 0.051527 0.0500
424220 -1.066377 0.051927 0.0500
424420 -1.079041 0.049497 0.0500
424620 -1.033391 0.058871 0.0500
424820 -1.024232 0.061049 0.0500
425020 -1.016869 0.062902 0.0500
425220 -0.995981 0.069474 0.0500
425420 -1.024518 0.060405 0.0500
425620 -0.977841 0.076476 0.0500
425820 -0.986760 0.072336 0.0500
426020 -1.020936 0.060828 0.0500
426220 -0.967705 0.080644 0.0500
426420 -0.947413 0.091961 0.0500
426620 -0.967626 0.080002 0.0500
426820 -0.920607 0.110771 0.0500
427020 -0.970836 0.077817 0.0500
427220 -0.951870 0.087676 0.0500
427420 -0.885796 0.143994 0.0500
427620 -0.903896 0.123742 0.0500
427820 -0.891239 0.135965 0.0500
428020 -0.856099 0.180483 0.0500
428220 -0.830612 0.221551 0.0500
428420 -0.809431 0.262935 0.0500
428620 -0.786594 0.319237 0.0500
428820 -0.742935 0.469393 0.0500
429020 -0.771920 0.353356 0.0500
429220 -0.727247 0.512019 0.0500
429420 -0.755756 0.393831 0.0500
429620 -0.740069 0.442147 0.0500
429820 -0.751444 0.392127 0.0500
430020 -0.762642 0.348784 0.0500
430220 -0.746378 0.394772 0.0500
430420 -0.786589 0.277252 0.0500
430620 -0.841581 0.188128 0.0500
430820 -0.820188 0.214743 0.0500
431020 -0.867482 0.154584 0.0500
431220 -0.874061 0.146435 0.0500
431420 -0.904877 0.117098 0.0500
431620 -0.962293 0.080124 0.0500
431820 -0.948173 0.087018 0.0500
432020 -0.970203 0.075890 0.0500
432220 -1.030726 0.057369 0.0500
432420 -1.027827 0.057816 0.0500
432620 -1.061202 0.051362 0.0500
432820 -1.045676 0.053961 0.0500
433020 -1.074786 0.048958 0.0500
433220 -1.093703 0.046300 0.0500
433420 -1.079057 0.048106 0.0500
433620 -1.093228 0.046137 0.0500
433820 -1.045589 0.053447 0.0500
434020 -1.071306 0.048909 0.0500
434220 -1.063362 0.050041 0.0500
434420 -1.050349 0.052166 0.0500
434620 -1.071439 0.048524 0.0500
434820 -1.044920 0.052927 0.0500
435020 -1.052277 0.051419 0.0500
435220 -1.057646 0.050349 0.0500
435420 -1.052104 0.051183 0.0500
435620 -1.046986 0.051985 0.0500
435820 -1.030605 0.055195 0.0500
436020 -1.014385 0.058998 0.0500
436220 -1.021252 0.057059 0.0500
436420 -1.002460 0.062084 0.0500
436620 -0.977660 0.070887 0.0500
436820 -1.006230 0.060561 0.0500
437020 -0.959633 0.078844 0.0500
437220 -0.962480 0.077092 0.0500
437420 -0.986604 0.066418 0.0500
437620 -0.922194 0.101070 0.0500
437820 -0.948958 0.083372 0.0500
438020 -0.935356 0.091190 0.0500
438220 -0.882176 0.134349 0.0500
438420 -0.928476 0.094880 0.0500
438620 -0.899612 0.116587 0.0500
438820 -0.858686 0.158031 0.0500
439020 -0.890565 0.123259 0.0500
439220 -0.855595 0.159615 0.0500
439420 -0.880410 0.131285 0.0500
439620 -0.857959 0.154579 0.0500
439820 -0.852822 0.159442 0.0500
440020 -0.854292 0.156392 0.0500
440220 -0.828285 0.189014 0.0500
440420 -0.837176 0.174973 0.0500
440620 -0.836493 0.174307 0.0500
440820 -0.857015 0.148262 0.0500
441020 -0.845585 0.160150 0.0500
441220 -0.840855 0.164605 0.0500
441420 -0.834690 0.171095 0.0500
441620 -0.854906 0.145847 0.0500
441820 -0.841758 0.159544 0.0500
442020 -0.837599 0.163350 0.0500
442220 -0.846712 0.151219 0.0500
442420 -0.841736 0.155744 0.0500
442620 -0.855091 0.140129 0.0500
442820 -0.802706 0.213151 0.0500
443020 -0.815785 0.187609 0.0500
443220 -0.779638 0.261460 0.0500
443420 -0.765714 0.297930 0.0500
443620 -0.786437 0.237616 0.0500
443820 -0.735148 0.400737 0.0500
444020 -0.723196 0.441598 0.0500
444220 -0.725356 0.422899 0.0500
444420 -0.699526 0.518371 0.0500
444620 -0.714009 0.448117 0.0500
444820 -0.693883 0.515211 0.0500
445020 -0.702259 0.470787 0.0500
445220 -0.695692 0.483384 0.0500
445420 -0.710512 0.419740 0.0500
445620 -0.746362 0.304087 0.0500
445820 -0.736897 0.324405 0.0500
446020 -0.743676 0.301234 0.0500
446220 -0.772235 0.235810 0.0500
446420 -0.794984 0.197406 0.0500
446620 -0.794670 0.195845 0.0500
446820 -0.833192 0.151099 0.0500
447020 -0.807460 0.176561 0.0500
447220 -0.832124 0.149700 0.0500
447420 -0.871653 0.119250 0.0500
447620 -0.875028 0.116474 0.0500
447820 -0.901809 0.101259 0.0500
448020 -0.911572 0.095962 0.0500
448220 -0.923948 0.089713 0.0500
448420 -0.942809 0.080991 0.0500
448620 -0.924056 0.088906 0.0500
448820 -0.951974 0.076560 0.0500
449020 -0.947700 0.077981 0.0500
449220 -0.952896 0.075592 0.0500
449420 -0.955470 0.074299 0.0500
449620 -0.931577 0.083925 0.0500
449820 -0.949507 0.076045 0.0500
450020 -0.882459 0.108440 0.0500
450220 -0.909479 0.093215 0.0500
450420 -0.879031 0.109478 0.0500
450620 -0.860876 0.120993 0.0500
450820 -0.854795 0.124767 0.0500
451020 -0.837464 0.138418 0.0500
451220 -0.832176 0.142350 0.0500
451420 -0.861033 0.117880 0.0500
451620 -0.830422 0.142277 0.0500
451820 -0.818634 0.153418 0.0500
452020 -0.832889 0.137852 0.0500
452220 -0.859319 0.116245 0.0500
452420 -0.856076 0.117725 0.0500
452620 -0.850200 0.121165 0.0500
452820 -0.868505 0.108577 0.0500
453020 -0.882936 0.100451 0.0500
453220 -0.890765 0.096353 0.0500
453420 -0.931527 0.080231 0.0500
453620 -0.919483 0.084218 0.0500
453820 -0.947112 0.074274 0.0500
454020 -0.964001 0.068662 0.0500
454220 -0.968979 0.066954 0.0500
454420 -0.975429 0.064910 0.0500
454620 -0.971499 0.065785 0.0500
454820 -1.011841 0.056156 0.0500
455020 -0.992085 0.060131 0.0500
455220 -0.987412 0.061053 0.0500
455420 -1.034561 0.051894 0.0500
455620 -0.987229 0.060802 0.0500
455820 -1.008043 0.056105 0.0500
456020 -0.994252 0.058807 0.0500
456220 -1.013012 0.054865 0.0500
456420 -1.003942 0.056423 0.0500
456620 -0.982358 0.061188 0.0500
456820 -1.002653 0.056355 0.0500
457020 -0.983770 0.060471 0.0500
457220 -1.000840 0.056393 0.0500
457420 -0.965744 0.065221 0.0500
457620 -0.981905 0.060407 0.0500
457820 -0.968124 0.064084 0.0500
458020 -0.945265 0.071523 0.0500
458220 -0.941128 0.072779 0.0500
458420 -0.908945 0.085382 0.0500
458620 -0.906688 0.085981 0.0500
458820 -0.871848 0.102949 0.0500
459020 -0.868980 0.104117 0.0500
459220 -0.850740 0.115995 0.0500
459420 -0.807118 0.160199 0.0500
459620 -0.816656 0.146986 0.0500
459820 -0.846225 0.117393 0.0500
460020 -0.775918 0.207291 0.0500
460220 -0.772303 0.212147 0.0500
460420 -0.763166 0.228910 0.0500
460620 -0.719326 0.350134 0.0500
460820 -0.751495 0.249898 0.0500
461020 -0.728308 0.310820 0.0500
461220 -0.710322 0.366805 0.0500
461420 -0.719606 0.327946 0.0500
461620 -0.672027 0.505538 0.0500
461820 -0.710516 0.346608 0.0500
462020 -0.687138 0.425916 0.0500
462220 -0.673471 0.470322 0.0500
462420 -0.674178 0.456358 0.0500
462620 -0.678474 0.429642 0.0500
462820 -0.661082 0.485577 0.0500
463020 -0.679324 0.407553 0.0500
463220 -0.641449 0.536949 0.0500
463420 -0.675296 0.404065 0.0500
463620 -0.598043 0.644679 0.0500
463820 -0.671370 0.404047 0.0500
464020 -0.580926 0.652717 0.0500
464220 -0.684520 0.355651 0.0500
464420 -0.615739 0.555267 0.0500
464620 -0.678066 0.362170 0.0500
464820 -0.647785 0.442144 0.0500
465020 -0.710820 0.278663 0.0500
465220 -0.711188 0.274042 0.0500
465420 -0.690346 0.311686 0.0500
465620 -0.712602 0.263883 0.0500
465820 -0.734776 0.227796 0.0500
466020 -0.745816 0.211415 0.0500
466220 -0.764545 0.188142 0.0500
466420 -0.742872 0.210790 0.0500
466620 -0.748698 0.201696 0.0500
466820 -0.746941 0.201621 0.0500
467020 -0.755999 0.189649 0.0500
467220 -0.747551 0.196953 0.0500
467420 -0.748471 0.193950 0.0500
467620 -0.751283 0.189002 0.0500
467820 -0.751576 0.186870 0.0500
468020 -0.760003 0.176766 0.0500
468220 -0.741491 0.194578 0.0500
468420 -0.752259 0.180959 0.0500
468620 -0.727187 0.209659 0.0500
468820 -0.692115 0.275458 0.0500
469020 -0.672756 0.324643 0.0500
469220 -0.653027 0.382674 0.0500
469420 -0.638170 0.426009 0.0500
469620 -0.618158 0.484308 0.0500
469820 -0.616061 0.479140 0.0500
470020 -0.620818 0.452606 0.0500
470220 -0.598216 0.511105 0.0500
470420 -0.601843 0.487280 0.0500
470620 -0.594639 0.495833 0.0500
470820 -0.641365 0.360738 0.0500
471020 -0.624869 0.395176 0.0500
471220 -0.655382 0.316110 0.0500
471420 -0.687548 0.250321 0.0500
471620 -0.686286 0.249197 0.0500
471820 -0.742720 0.179016 0.0500
472020 -0.751139 0.170865 0.0500
472220 -0.759591 0.163460 0.0500
472420 -0.802057 0.136892 0.0500
472620 -0.800823 0.136637 0.0500
472820 -0.825848 0.121558 0.0500
473020 -0.807546 0.131109 0.0500
473220 -0.821283 0.122553 0.0500
473420 -0.809447 0.128370 0.0500
473620 -0.782124 0.143421 0.0500
473820 -0.802263 0.130691 0.0500
474020 -0.771759 0.148054 0.0500
474220 -0.777509 0.143266 0.0500
474420 -0.783862 0.138388 0.0500
474620 -0.770835 0.145464 0.0500
474820 -0.797188 0.129145 0.0500
475020 -0.784958 0.134922 0.0500
475220 -0.777251 0.138524 0.0500
475420 -0.797800 0.126292 0.0500
475620 -0.773423 0.139119 0.0500
475820 -0.809855 0.119122 0.0500
476020 -0.775907 0.135914 0.0500
476220 -0.798753 0.122710 0.0500
476420 -0.821527 0.112297 0.0500
476620 -0.815285 0.114121 0.0500
476820 -0.826803 0.109016 0.0500
477020 -0.829078 0.107575 0.0500
477220 -0.843054 0.102155 0.0500
477420 -0.821891 0.109123 0.0500
477620 -0.808020 0.114189 0.0500
477820 -0.804357 0.115158 0.0500
478020 -0.790479 0.121391 0.0500
478220 -0.785024 0.123717 0.0500
478420 -0.787031 0.121780 0.0500
478620 -0.771141 0.131154 0.0500
478820 -0.748232 0.149732 0.0500
479020 -0.718720 0.183810 0.0500
479220 -0.717980 0.183119 0.0500
479420 -0.683226 0.239255 0.0500
479620 -0.646577 0.316531 0.0500
479820 -0.640434 0.326554 0.0500
480020 -0.597940 0.442066 0.0500
480220 -0.610020 0.395737 0.0500
480420 -0.602600 0.409485 0.0500
480620 -0.574715 0.490711 0.0500
480820 -0.586481 0.440297 0.0500
481020 -0.556331 0.530289 0.0500
481220 -0.588342 0.415451 0.0500
481420 -0.606427 0.360645 0.0500
481620 -0.632981 0.301638 0.0500
481820 -0.620856 0.319000 0.0500
482020 -0.641879 0.278057 0.0500
482220 -0.676902 0.225297 0.0500
482420 -0.663886 0.239995 0.0500
482620 -0.691757 0.201653 0.0500
482820 -0.703466 0.185962 0.0500
483020 -0.711780 0.175126 0.0500
483220 -0.712603 0.172695 0.0500
483420 -0.758186 0.132707 0.0500
483620 -0.772558 0.123346 0.0500
483820 -0.758477 0.130819 0.0500
484020 -0.803646 0.108843 0.0500
484220 -0.791166 0.112718 0.0500
484420 -0.814436 0.104395 0.0500
484620 -0.842213 0.097101 0.0500
484820 -0.838614 0.097414 0.0500
485020 -0.861052 0.092155 0.0500
485220 -0.854740 0.093039 0.0500
485420 -0.887283 0.085679 0.0500
485620 -0.881485 0.086598 0.0500
485820 -0.904168 0.080903 0.0500
486020 -0.886322 0.084812 0.0500
486220 -0.917119 0.076886 0.0500
486420 -0.883214 0.084870 0.0500
486620 -0.892803 0.082322 0.0500
486820 -0.880898 0.084670 0.0500
487020 -0.884193 0.083568 0.0500
487220 -0.860107 0.088630 0.0500
487420 -0.851468 0.090275 0.0500
487620 -0.880359 0.083382 0.0500
487820 -0.815188 0.099901 0.0500
488020 -0.883882 0.082115 0.0500
488220 -0.812488 0.100158 0.0500
488420 -0.824805 0.095643 0.0500
488620 -0.824517 0.095262 0.0500
488820 -0.788789 0.108440 0.0500
489020 -0.839828 0.090272 0.0500
489220 -0.779194 0.112493 0.0500
489420 -0.759327 0.124345 0.0500
489620 -0.791106 0.105295 0.0500
489820 -0.749999 0.130068 0.0500
490020 -0.724104 0.153012 0.0500
490220 -0.708116 0.169468 0.0500
490420 -0.693414 0.185996 0.0500
490620 -0.718177 0.155433 0.0500
490820 -0.686993 0.191288 0.0500
491020 -0.618212 0.304345 0.0500
491220 -0.650615 0.240087 0.0500
491420 -0.633692 0.265750 0.0500
491620 -0.617006 0.295459 0.0500
491820 -0.653986 0.226396 0.0500
492020 -0.615173 0.292527 0.0500
492220 -0.645216 0.233770 0.0500
492420 -0.693749 0.172762 0.0500
492620 -0.639290 0.238827 0.0500
492820 -0.654190 0.214489 0.0500
493020 -0.700974 0.161974 0.0500
493220 -0.673972 0.187404 0.0500
493420 -0.706204 0.154754 0.0500
493620 -0.717538 0.144306 0.0500
493820 -0.710954 0.148476 0.0500
494020 -0.761352 0.114555 0.0500
494220 -0.770761 0.109450 0.0500
494420 -0.790567 0.101116 0.0500
494620 -0.811884 0.094310 0.0500
494820 -0.792313 0.099559 0.0500
495020 -0.819667 0.091566 0.0500
495220 -0.851018 0.085249 0.0500
495420 -0.829086 0.088795 0.0500
495620 -0.879123 0.080410 0.0500
495820 -0.867373 0.081764 0.0500
496020 -0.886532 0.078689 0.0500
496220 -0.883370 0.078828 0.0500
496420 -0.886446 0.078068 0.0500
496620 -0.900533 0.075657 0.0500
496820 -0.897027 0.075903 0.0500
497020 -0.895687 0.075810 0.0500
497220 -0.887982 0.076652 0.0500
497420 -0.877037 0.077956 0.0500
497620 -0.878480 0.077431 0.0500
497820 -0.864697 0.079254 0.0500
498020 -0.848998 0.081728 0.0500
498220 -0.827530 0.086114 0.0500
498420 -0.855640 0.079849 0.0500
498620 -0.839125 0.082733 0.0500
498820 -0.826133 0.085435 0.0500
499020 -0.859619 0.078266 0.0500
499220 -0.819066 0.086694 0.0500
499420 -0.826360 0.084358 0.0500
499620 -0.849798 0.079015 0.0500
499820 -0.804253 0.090311 0.0500
500020 -0.831381 0.082127 0.0500
500220 -0.825369 0.083239 0.0500
500420 -0.797993 0.091499 0.0500
500620 -0.825471 0.082524 0.0500
500820 -0.791565 0.093296 0.0500
501020 -0.772147 0.101966 0.0500
501220 -0.803478 0.087939 0.0500
501420 -0.778183 0.097994 0.0500
501620 -0.788862 0.092664 0.0500
501820 -0.782468 0.095026 0.0500
502020 -0.782001 0.094777 0.0500
502220 -0.739779 0.119681 0.0500
502420 -0.743929 0.115951 0.0500
502620 -0.724427 0.130259 0.0500
502820 -0.700639 0.150893 0.0500
503020 -0.730357 0.123800 0.0500
503220 -0.690932 0.158777 0.0500
503420 -0.691171 0.157238 0.0500
503620 -0.699001 0.148151 0.0500
503820 -0.719784 0.128822 0.0500
504020 -0.682588 0.163152 0.0500
504220 -0.672894 0.173039 0.0500
504420 -0.698188 0.144621 0.0500
504620 -0.625800 0.246118 0.0500
504820 -0.713651 0.129940 0.0500
505020 -0.690250 0.149497 0.0500
505220 -0.639555 0.215178 0.0500
505420 -0.684189 0.153322 0.0500
505620 -0.691188 0.145353 0.0500
505820 -0.664037 0.173859 0.0500
506020 -0.655060 0.184411 0.0500
506220 -0.634421 0.216645 0.0500
506420 -0.597143 0.308079 0.0500
506620 -0.601501 0.289797 0.0500
506820 -0.570337 0.397136 0.0500
507020 -0.557580 0.442500 0.0500
507220 -0.555889 0.439663 0.0500
507420 -0.542993 0.483515 0.0500
507620 -0.527643 0.532772 0.0500
507820 -0.531558 0.503622 0.0500
508020 -0.519875 0.533165 0.0500
508220 -0.537940 0.455146 0.0500
508420 -0.542779 0.427876 0.0500
508620 -0.535319 0.444017 0.0500
508820 -0.587524 0.283739 0.0500
509020 -0.579918 0.297494 0.0500
509220 -0.605439 0.239900 0.0500
509420 -0.657512 0.168532 0.0500
509620 -0.620690 0.211229 0.0500
509820 -0.705523 0.127921 0.0500
510020 -0.733000 0.111376 0.0500
510220 -0.741051 0.106764 0.0500
509620 -1.483269 0.059784 0.0500
509820 -1.458498 0.056893 0.0500
510020 -1.446814 0.055717 0.0500
510220 -1.431845 0.054565 0.0500
510420 -1.459234 0.056503 0.0500
510620 -1.436497 0.054543 0.0500
510820 -1.385717 0.052461 0.0500
511020 -1.381667 0.052159 0.0500
511220 -1.385462 0.052171 0.0500
511420 -1.378074 0.051726 0.0500
511620 -1.351825 0.050092 0.0500
511820 -1.367584 0.050945 0.0500
512020 -1.380015 0.051430 0.0500
512220 -1.358863 0.050177 0.0500
512420 -1.360095 0.050123 0.0500
512620 -1.365079 0.050286 0.0500
512820 -1.398786 0.051737 0.0500
513020 -1.381010 0.050845 0.0500
513220 -1.373486 0.050359 0.0500
513420 -1.423256 0.052590 0.0500
513620 -1.403895 0.051453 0.0500
513820 -1.453736 0.054904 0.0500
514020 -1.396197 0.050918 0.0500
514220 -1.468695 0.056467 0.0500
514420 -1.459860 0.055215 0.0500
514620 -1.491220 0.059313 0.0500
514820 -1.474673 0.056775 0.0500
515020 -1.500076 0.060326 0.0500
515220 -1.521759 0.063683 0.0500
515420 -1.529491 0.064827 0.0500
515620 -1.517406 0.062537 0.0500
515820 -1.539099 0.066191 0.0500
516020 -1.531235 0.064507 0.0500
516220 -1.549470 0.067838 0.0500
516420 -1.538447 0.065403 0.0500
516620 -1.544007 0.066261 0.0500
516820 -1.557838 0.069000 0.0500
517020 -1.546697 0.066349 0.0500
517220 -1.556680 0.068263 0.0500
517420 -1.529322 0.062750 0.0500
517620 -1.547436 0.065846 0.0500
517820 -1.544862 0.065111 0.0500
518020 -1.550207 0.065975 0.0500
518220 -1.567770 0.069885 0.0500
518420 -1.562429 0.068283 0.0500
518620 -1.564898 0.068656 0.0500
518820 -1.580332 0.072694 0.0500
519020 -1.579533 0.072183 0.0500
519220 -1.614005 0.084108 0.0500
519420 -1.597557 0.077531 0.0500
519620 -1.622539 0.086927 0.0500
519820 -1.621043 0.085918 0.0500
520020 -1.623023 0.086360 0.0500
520220 -1.644902 0.095567 0.0500
520420 -1.630908 0.088902 0.0500
520620 -1.651154 0.097567 0.0500
520820 -1.635558 0.090075 0.0500
521020 -1.656034 0.098943 0.0500
521220 -1.653024 0.097032 0.0500
521420 -1.678150 0.108798 0.0500
521620 -1.676604 0.107409 0.0500
521820 -1.698001 0.118154 0.0500
522020 -1.676490 0.106173 0.0500
522220 -1.684204 0.109463 0.0500
522420 -1.680255 0.106862 0.0500
522620 -1.701555 0.117666 0.0500
522820 -1.701337 0.116832 0.0500
523020 -1.710799 0.121854 0.0500
523220 -1.710642 0.120995 0.0500
523420 -1.756114 0.159622 0.0500
523620 -1.738382 0.140298 0.0500
523820 -1.781465 0.189477 0.0500
524020 -1.766619 0.168231 0.0500
524220 -1.809364 0.225748 0.0500
524420 -1.788833 0.194250 0.0500
524620 -1.835520 0.259606 0.0500
524820 -1.810429 0.220030 0.0500
525020 -1.868815 0.315846 0.0500
525220 -1.848618 0.271034 0.0500
525420 -1.877914 0.329125 0.0500
525620 -1.863403 0.290230 0.0500
525820 -1.875995 0.314157 0.0500
526020 -1.880726 0.321224 0.0500
526220 -1.882855 0.321647 0.0500
526420 -1.910174 0.406646 0.0500
526620 -1.898729 0.357450 0.0500
526820 -1.924423 0.447943 0.0500
527020 -1.915109 0.400996 0.0500
527220 -1.945614 0.516492 0.0500
527420 -1.956604 0.545799 0.0500
527620 -1.949964 0.505958 0.0500
527820 -1.961615 0.535058 0.0500
528020 -1.948641 0.475304 0.0500
528220 -1.967805 0.529204 0.0500
528420 -1.966817 0.511825 0.0500
528620 -1.966099 0.496287 0.0500
528820 -1.953844 0.446411 0.0500
529020 -1.961541 0.459292 0.0500
529220 -1.962448 0.451269 0.0500
529420 -1.974107 0.475704 0.0500
529620 -1.961441 0.427782 0.0500
529820 -1.969692 0.441533 0.0500
530020 -1.947085 0.374232 0.0500
530220 -1.950938 0.375876 0.0500
530420 -1.956708 0.382323 0.0500
530620 -1.962146 0.388419 0.0500
530820 -1.935055 0.324205 0.0500
531020 -1.967444 0.389346 0.0500
531220 -1.936106 0.315404 0.0500
531420 -1.983109 0.424149 0.0500
531620 -1.910466 0.274954 0.0500
531820 -1.929665 0.293124 0.0500
532020 -1.885937 0.247837 0.0500
532220 -1.875983 0.238559 0.0500
532420 -1.835318 0.215993 0.0500
532620 -1.815969 0.202297 0.0500
532820 -1.798029 0.186426 0.0500
533020 -1.788786 0.176550 0.0500
533220 -1.772833 0.160487 0.0500
533420 -1.787712 0.172628 0.0500
533620 -1.767414 0.153106 0.0500
533820 -1.766766 0.151356 0.0500
534020 -1.732553 0.125729 0.0500
534220 -1.718895 0.117706 0.0500
534420 -1.689325 0.104596 0.0500
534620 -1.713055 0.113728 0.0500
534820 -1.699034 0.107181 0.0500
535020 -1.692274 0.104021 0.0500
535220 -1.700852 0.106746 0.0500
535420 -1.669787 0.095244 0.0500
535620 -1.685357 0.099980 0.0500
535820 -1.646424 0.087200 0.0500
536020 -1.640184 0.084995 0.0500
536220 -1.635429 0.083269 0.0500
536420 -1.625602 0.080189 0.0500
536620 -1.624237 0.079490 0.0500
536820 -1.607364 0.074804 0.0500
537020 -1.599143 0.072537 0.0500
537220 -1.580607 0.068232 0.0500
537420 -1.594090 0.070867 0.0500
537620 -1.572895 0.066291 0.0500
537820 -1.584970 0.068412 0.0500
538020 -1.571766 0.065640 0.0500
538220 -1.558674 0.063310 0.0500
538420 -1.546836 0.061524 0.0500
538620 -1.517735 0.058409 0.0500
538820 -1.552303 0.061877 0.0500
539020 -1.520536 0.058326 0.0500
539220 -1.553258 0.061660 0.0500
539420 -1.539808 0.059821 0.0500
539620 -1.530781 0.058730 0.0500
539820 -1.529568 0.058441 0.0500
540020 -1.483760 0.054880 0.0500
540220 -1.526702 0.057898 0.0500
540420 -1.472195 0.053850 0.0500
540620 -1.513918 0.056580 0.0500
540820 -1.447249 0.052140 0.0500
541020 -1.486532 0.054409 0.0500
541220 -1.430974 0.051205 0.0500
541420 -1.458792 0.052392 0.0500
541620 -1.410473 0.050414 0.0500
541820 -1.425232 0.050646 0.0500
542020 -1.394695 0.049878 0.0500
542220 -1.394974 0.049756 0.0500
542420 -1.376978 0.049265 0.0500
542620 -1.373716 0.049057 0.0500
542820 -1.361811 0.048572 0.0500
543020 -1.348300 0.047930 0.0500
543220 -1.346303 0.047727 0.0500
543420 -1.336433 0.047166 0.0500
543620 -1.360728 0.048081 0.0500
543820 -1.340835 0.047146 0.0500
544020 -1.374713 0.048340 0.0500
544220 -1.340539 0.046927 0.0500
544420 -1.373493 0.048088 0.0500
544620 -1.351044 0.047149 0.0500
544820 -1.362615 0.047479 0.0500
545020 -1.356952 0.047151 0.0500
545220 -1.375288 0.047704 0.0500
545420 -1.381217 0.047792 0.0500
545620 -1.365802 0.047142 0.0500
545820 -1.402195 0.048325 0.0500
546020 -1.368620 0.047034 0.0500
546220 -1.422597 0.049059 0.0500
546420 -1.373173 0.047000 0.0500
546620 -1.405021 0.048019 0.0500
546820 -1.377535 0.046928 0.0500
547020 -1.401603 0.047659 0.0500
547220 -1.398054 0.047403 0.0500
547420 -1.403921 0.047523 0.0500
547620 -1.414288 0.047890 0.0500
547820 -1.417961 0.047966 0.0500
548020 -1.402925 0.047141 0.0500
548220 -1.381953 0.046354 0.0500
548420 -1.393428 0.046578 0.0500
548620 -1.386121 0.046247 0.0500
548820 -1.398254 0.046526 0.0500
549020 -1.360603 0.045498 0.0500
549220 -1.385066 0.045906 0.0500
549420 -1.338385 0.044986 0.0500
549620 -1.392600 0.045966 0.0500
549820 -1.356152 0.045050 0.0500
550020 -1.387676 0.045613 0.0500
550220 -1.390427 0.045595 0.0500
550420 -1.379581 0.045178 0.0500
550620 -1.424316 0.047213 0.0500
550820 -1.384528 0.045123 0.0500
551020 -1.421577 0.046815 0.0500
551220 -1.393924 0.045222 0.0500
551420 -1.425406 0.046901 0.0500
551620 -1.435377 0.047637 0.0500
551820 -1.440254 0.047979 0.0500
552020 -1.448875 0.048731 0.0500
552220 -1.444864 0.048197 0.0500
552420 -1.466576 0.050431 0.0500
552620 -1.453305 0.048837 0.0500
552820 -1.487132 0.052493 0.0500
553020 -1.478746 0.051420 0.0500
553220 -1.522683 0.056087 0.0500
553420 -1.494459 0.052888 0.0500
553620 -1.531657 0.056862 0.0500
553820 -1.517727 0.055085 0.0500
554020 -1.563371 0.061426 0.0500
554220 -1.563402 0.061239 0.0500
554420 -1.613811 0.073564 0.0500
554620 -1.592479 0.067364 0.0500
554820 -1.631177 0.078436 0.0500
555020 -1.591875 0.066779 0.0500
555220 -1.641889 0.081454 0.0500
555420 -1.601601 0.068880 0.0500
555620 -1.638050 0.079622 0.0500
555820 -1.605870 0.069562 0.0500
556020 -1.643713 0.080977 0.0500
556220 -1.609471 0.070072 0.0500
556420 -1.641895 0.079792 0.0500
556620 -1.601956 0.067628 0.0500
556820 -1.641996 0.079300 0.0500
557020 -1.609718 0.069188 0.0500
557220 -1.652357 0.082398 0.0500
557420 -1.639228 0.077497 0.0500
557620 -1.662364 0.085464 0.0500
557820 -1.630418 0.074106 0.0500
558020 -1.652222 0.081055 0.0500
558220 -1.643455 0.077682 0.0500
558420 -1.649804 0.079545 0.0500
558620 -1.658734 0.082457 0.0500
558820 -1.646378 0.077720 0.0500
559020 -1.679301 0.090102 0.0500
559220 -1.641695 0.075610 0.0500
559420 -1.706412 0.102458 0.0500
559620 -1.672968 0.086369 0.0500
559820 -1.721269 0.110052 0.0500
560020 -1.644890 0.075729 0.0500
560220 -1.694916 0.095036 0.0500
560420 -1.643586 0.074819 0.0500
560620 -1.689915 0.092008 0.0500
560820 -1.650993 0.076565 0.0500
561020 -1.687479 0.090199 0.0500
561220 -1.676058 0.084923 0.0500
561420 -1.696403 0.093582 0.0500
561620 -1.696001 0.092938 0.0500
561820 -1.719528 0.105421 0.0500
562020 -1.705980 0.097067 0.0500
562220 -1.695657 0.091438 0.0500
562420 -1.720133 0.104291 0.0500
562620 -1.693626 0.089652 0.0500
562820 -1.733612 0.112515 0.0500
563020 -1.698321 0.090996 0.0500
563220 -1.735127 0.112592 0.0500
563420 -1.711915 0.096979 0.0500
563620 -1.747520 0.121508 0.0500
563820 -1.735231 0.110848 0.0500
564020 -1.741117 0.114752 0.0500
564220 -1.742979 0.115578 0.0500
564420 -1.751461 0.122149 0.0500
564620 -1.765992 0.135402 0.0500
564820 -1.763398 0.131843 0.0500
565020 -1.761318 0.128908 0.0500
565220 -1.776448 0.143638 0.0500
565420 -1.790374 0.157811 0.0500
565620 -1.787761 0.153683 0.0500
565820 -1.811814 0.177867 0.0500
566020 -1.810543 0.174995 0.0500
566220 -1.833239 0.193966 0.0500
566420 -1.824340 0.184530 0.0500
566620 -1.831280 0.188651 0.0500
566820 -1.838696 0.192799 0.0500
567020 -1.825966 0.180681 0.0500
567220 -1.840417 0.190545 0.0500
567420 -1.821872 0.174035 0.0500
567620 -1.846011 0.191515 0.0500
567820 -1.815006 0.165522 0.0500
568020 -1.821299 0.169100 0.0500
568220 -1.796975 0.148158 0.0500
568420 -1.803786 0.152577 0.0500
568620 -1.802487 0.150342 0.0500
568820 -1.780143 0.131466 0.0500
569020 -1.782482 0.132392 0.0500
569220 -1.771925 0.123548 0.0500
569420 -1.782672 0.130827 0.0500
569620 -1.772648 0.122483 0.0500
569820 -1.761775 0.114270 0.0500
570020 -1.765189 0.115850 0.0500
570220 -1.732196 0.097027 0.0500
570420 -1.742182 0.101223 0.0500
570620 -1.723393 0.092481 0.0500
570820 -1.721077 0.091179 0.0500
571020 -1.713717 0.088197 0.0500
571220 -1.705338 0.085191 0.0500
571420 -1.688612 0.080326 0.0500
571620 -1.675152 0.076857 0.0500
571820 -1.646969 0.070885 0.0500
572020 -1.626647 0.067113 0.0500
572220 -1.603977 0.063408 0.0500
572420 -1.591362 0.061454 0.0500
572620 -1.573264 0.059021 0.0500
572820 -1.544274 0.056001 0.0500
573020 -1.557863 0.057064 0.0500
573220 -1.528775 0.054490 0.0500
573420 -1.525196 0.054079 0.0500
573620 -1.485910 0.050989 0.0500
573820 -1.483024 0.050610 0.0500
574020 -1.455728 0.048062 0.0500
574220 -1.452074 0.047628 0.0500
574420 -1.425036 0.045551 0.0500
574620 -1.438374 0.046315 0.0500
574820 -1.440007 0.046326 0.0500
575020 -1.440675 0.046267 0.0500
575220 -1.447848 0.046728 0.0500
575420 -1.418124 0.044704 0.0500
575620 -1.462943 0.047890 0.0500
575820 -1.415106 0.044410 0.0500
576020 -1.445653 0.046150 0.0500
576220 -1.405886 0.043955 0.0500
576420 -1.410948 0.043987 0.0500
576620 -1.411987 0.043919 0.0500
576820 -1.359069 0.043733 0.0500
577020 -1.430393 0.044639 0.0500
577220 -1.356136 0.043641 0.0500
577420 -1.404673 0.043421 0.0500
577620 -1.387319 0.043158 0.0500
577820 -1.363248 0.043290 0.0500
578020 -1.398725 0.043056 0.0500
578220 -1.361007 0.043157 0.0500
578420 -1.416938 0.043428 0.0500
578620 -1.374044 0.042809 0.0500
578820 -1.396932 0.042692 0.0500
579020 -1.423792 0.043540 0.0500
579220 -1.407072 0.042717 0.0500
579420 -1.430024 0.043759 0.0500
579620 -1.406006 0.042509 0.0500
579820 -1.420202 0.042966 0.0500
580020 -1.407535 0.042366 0.0500
580220 -1.395193 0.042071 0.0500
580420 -1.448193 0.044942 0.0500
580620 -1.428859 0.043146 0.0500
580820 -1.455927 0.045582 0.0500
581020 -1.479028 0.048206 0.0500
581220 -1.472539 0.047310 0.0500
581420 -1.498370 0.050203 0.0500
581620 -1.474820 0.047358 0.0500
581820 -1.513325 0.051559 0.0500
582020 -1.488532 0.048738 0.0500
582220 -1.528268 0.052835 0.0500
582420 -1.506032 0.050421 0.0500
582620 -1.536269 0.053397 0.0500
582820 -1.518434 0.051435 0.0500
583020 -1.532185 0.052692 0.0500
583220 -1.524756 0.051796 0.0500
583420 -1.526005 0.051783 0.0500
583620 -1.527680 0.051814 0.0500
583820 -1.506036 0.049564 0.0500
584020 -1.520335 0.050825 0.0500
584220 -1.506066 0.049317 0.0500
584420 -1.495779 0.048206 0.0500
584620 -1.476002 0.046172 0.0500
584820 -1.465769 0.045088 0.0500
585020 -1.453972 0.043932 0.0500
585220 -1.442254 0.042929 0.0500
585420 -1.434320 0.042333 0.0500
585620 -1.447814 0.043151 0.0500
585820 -1.445545 0.042884 0.0500
586020 -1.421862 0.041511 0.0500
586220 -1.436895 0.042124 0.0500
586420 -1.414466 0.041153 0.0500
586620 -1.452792 0.043128 0.0500
586820 -1.457931 0.043488 0.0500
587020 -1.460798 0.043658 0.0500
587220 -1.466235 0.044088 0.0500
587420 -1.475205 0.044907 0.0500
587620 -1.483422 0.045682 0.0500
587820 -1.495979 0.046954 0.0500
588020 -1.503494 0.047677 0.0500
588220 -1.520067 0.049449 0.0500
588420 -1.506588 0.047790 0.0500
588620 -1.514704 0.048587 0.0500
588820 -1.523945 0.049543 0.0500
589020 -1.525674 0.049624 0.0500
589220 -1.542902 0.051696 0.0500
589420 -1.508293 0.047416 0.0500
589620 -1.539248 0.050968 0.0500
589820 -1.530143 0.049675 0.0500
590020 -1.551412 0.052409 0.0500
590220 -1.522972 0.048586 0.0500
590420 -1.531871 0.049515 0.0500
590620 -1.522858 0.048331 0.0500
590820 -1.519822 0.047875 0.0500
591020 -1.510554 0.046786 0.0500
591220 -1.510070 0.046626 0.0500
591420 -1.509722 0.046479 0.0500
591620 -1.512179 0.046616 0.0500
591820 -1.522527 0.047611 0.0500
592020 -1.503964 0.045598 0.0500
592220 -1.526687 0.047873 0.0500
592420 -1.512582 0.046217 0.0500
592620 -1.513356 0.046186 0.0500
592820 -1.502668 0.045062 0.0500
593020 -1.528975 0.047719 0.0500
593220 -1.523624 0.046965 0.0500
593420 -1.501148 0.044632 0.0500
593620 -1.502824 0.044674 0.0500
593820 -1.513174 0.045535 0.0500
594020 -1.524067 0.046602 0.0500
594220 -1.519975 0.046029 0.0500
594420 -1.506283 0.044573 0.0500
594620 -1.507150 0.044549 0.0500
594820 -1.494020 0.043381 0.0500
595020 -1.489879 0.042987 0.0500
595220 -1.487980 0.042762 0.0500
595420 -1.493051 0.043024 0.0500
595620 -1.510007 0.044341 0.0500
595820 -1.488123 0.042496 0.0500
596020 -1.495686 0.042937 0.0500
596220 -1.512566 0.044311 0.0500
596420 -1.521828 0.045221 0.0500
596620 -1.509362 0.043799 0.0500
596820 -1.496769 0.042651 0.0500
597020 -1.492987 0.042289 0.0500
597220 -1.495854 0.042399 0.0500
597420 -1.485711 0.041645 0.0500
597620 -1.467643 0.040673 0.0500
597820 -1.494797 0.042067 0.0500
598020 -1.474618 0.040808 0.0500
598220 -1.479375 0.040953 0.0500
598420 -1.448313 0.039801 0.0500
598620 -1.474813 0.040574 0.0500
598820 -1.455018 0.039789 0.0500
599020 -1.451434 0.039627 0.0500
599220 -1.434485 0.039367 0.0500
599420 -1.424379 0.039348 0.0500
599620 -1.466352 0.039857 0.0500
599820 -1.411751 0.039478 0.0500
