# step cv h sig
0 -1.490414 1.195030 0.0500
200 -1.435878 1.175174 0.0500
400 -1.457126 1.134904 0.0500
600 -1.407062 1.136364 0.0500
800 -1.476439 1.093814 0.0500
1000 -1.408570 1.090411 0.0500
1200 -1.371014 1.117185 0.0500
1400 -1.413703 1.033954 0.0500
1600 -1.344269 1.115378 0.0500
1800 -1.376659 1.032106 0.0500
2000 -1.275342 1.169766 0.0500
2200 -1.334222 1.065103 0.0500
2400 -1.265650 1.131381 0.0500
2600 -1.295915 1.067777 0.0500
2800 -1.222498 1.136297 0.0500
3000 -1.247476 1.072761 0.0500
3200 -1.258146 1.033146 0.0500
3400 -1.182869 1.129227 0.0500
3600 -1.223352 1.032854 0.0500
3800 -1.169469 1.101678 0.0500
4000 -1.242408 0.975774 0.0500
4200 -1.242917 0.951625 0.0500
4400 -1.162022 1.069923 0.0500
4600 -1.231121 0.927727 0.0500
4800 -1.249205 0.901208 0.0500
5000 -1.228024 0.889652 0.0500
5200 -1.299317 0.925670 0.0500
5400 -1.287293 0.885423 0.0500
5600 -1.338801 0.939196 0.0500
5800 -1.332910 0.911419 0.0500
6000 -1.389996 0.933020 0.0500
6200 -1.390151 0.911253 0.0500
6400 -1.465886 0.997575 0.0500
6600 -1.490135 1.025214 0.0500
6800 -1.516435 1.061360 0.0500
7000 -1.534880 1.076511 0.0500
7200 -1.557904 1.097698 0.0500
7400 -1.581398 1.112121 0.0500
7600 -1.609745 1.126743 0.0500
7800 -1.651923 1.150314 0.0500
8000 -1.655073 1.120543 0.0500
8200 -1.676893 1.113975 0.0500
8400 -1.680942 1.087788 0.0500
8600 -1.681736 1.059095 0.0500
8800 -1.666131 1.016785 0.0500
9000 -1.674148 0.997171 0.0500
9200 -1.685737 0.986880 0.0500
9400 -1.675476 0.949912 0.0500
9600 -1.652566 0.924708 0.0500
9800 -1.594249 0.983411 0.0500
10000 -1.602006 0.949727 0.0500
10200 -1.578491 0.952530 0.0500
10400 -1.547510 0.946658 0.0500
10600 -1.518424 0.926077 0.0500
10800 -1.500347 0.902497 0.0500
11000 -1.470059 0.880876 0.0500
11200 -1.440865 0.864258 0.0500
11400 -1.401129 0.855475 0.0500
11600 -1.366722 0.851515 0.0500
11800 -1.337827 0.843189 0.0500
12000 -1.313113 0.825600 0.0500
12200 -1.295178 0.805095 0.0500
12400 -1.271420 0.788970 0.0500
12600 -1.217984 0.847204 0.0500
12800 -1.184344 0.928101 0.0500
13000 -1.172899 0.943777 0.0500
13200 -1.153197 0.986620 0.0500
13400 -1.129050 1.039862 0.0500
13600 -1.115469 1.052606 0.0500
13800 -1.085529 1.100887 0.0500
14000 -1.102430 1.032241 0.0500
14200 -1.084380 1.046937 0.0500
14400 -1.079074 1.031315 0.0500
14600 -1.080521 1.001479 0.0500
14800 -1.083221 0.970688 0.0500
15000 -1.137808 0.878338 0.0500
15200 -1.131095 0.864939 0.0500
15400 -1.145332 0.834702 0.0500
15600 -1.232954 0.757606 0.0500
15800 -1.214368 0.755945 0.0500
16000 -1.260828 0.730236 0.0500
16200 -1.310333 0.760603 0.0500
16400 -1.336640 0.770104 0.0500
16600 -1.373618 0.781435 0.0500
16800 -1.410878 0.792660 0.0500
17000 -1.441665 0.801242 0.0500
17200 -1.464565 0.804892 0.0500
17400 -1.494125 0.819758 0.0500
17600 -1.514174 0.827600 0.0500
17800 -1.543613 0.848168 0.0500
18000 -1.556965 0.845100 0.0500
18200 -1.582361 0.849502 0.0500
18400 -1.591903 0.837012 0.0500
18600 -1.600491 0.823498 0.0500
18800 -1.612096 0.811446 0.0500
19000 -1.588230 0.786421 0.0500
19200 -1.600473 0.775225 0.0500
19400 -1.538623 0.756997 0.0500
19600 -1.555303 0.741632 0.0500
19800 -1.497398 0.739695 0.0500
20000 -1.501595 0.724907 0.0500
20200 -1.422663 0.739959 0.0500
20400 -1.429901 0.724579 0.0500
20600 -1.391163 0.722068 0.0500
20800 -1.394809 0.707860 0.0500
21000 -1.362590 0.708120 0.0500
21200 -1.343454 0.703489 0.0500
21400 -1.317611 0.697698 0.0500
21600 -1.304872 0.686480 0.0500
21800 -1.276132 0.677426 0.0500
22000 -1.278653 0.665387 0.0500
22200 -1.291013 0.653542 0.0500
22400 -1.231031 0.684206 0.0500
22600 -1.267636 0.639097 0.0500
22800 -1.282109 0.626730 0.0500
23000 -1.243463 0.639690 0.0500
23200 -1.270122 0.609697 0.0500
23400 -1.288374 0.602240 0.0500
23600 -1.290359 0.593927 0.0500
23800 -1.352080 0.638485 0.0500
24000 -1.337943 0.616268 0.0500
24200 -1.415528 0.667103 0.0500
24400 -1.399655 0.645397 0.0500
24600 -1.444244 0.666939 0.0500
24800 -1.439760 0.652589 0.0500
25000 -1.478313 0.669750 0.0500
25200 -1.476575 0.657252 0.0500
25400 -1.508028 0.669311 0.0500
25600 -1.511851 0.660884 0.0500
25800 -1.567162 0.698970 0.0500
26000 -1.568993 0.688459 0.0500
26200 -1.617767 0.738084 0.0500
26400 -1.607624 0.710093 0.0500
26600 -1.622357 0.718766 0.0500
26800 -1.667050 0.803653 0.0500
27000 -1.656380 0.759194 0.0500
27200 -1.725045 0.999528 0.0500
27400 -1.695414 0.854093 0.0500
27600 -1.761122 1.092163 0.0500
27800 -1.747583 1.019565 0.0500
28000 -1.781163 1.089403 0.0500
28200 -1.783310 1.064519 0.0500
28400 -1.788712 1.047801 0.0500
28600 -1.817176 1.080750 0.0500
28800 -1.794655 1.007447 0.0500
29000 -1.814799 1.022194 0.0500
29200 -1.786079 0.946271 0.0500
29400 -1.784223 0.921386 0.0500
29600 -1.812182 0.950700 0.0500
29800 -1.753079 0.861961 0.0500
30000 -1.813063 0.920214 0.0500
30200 -1.751736 0.833337 0.0500
30400 -1.778736 0.828957 0.0500
30600 -1.772502 0.807199 0.0500
30800 -1.714882 0.777635 0.0500
31000 -1.718714 0.764866 0.0500
31200 -1.678948 0.716346 0.0500
31400 -1.663738 0.689943 0.0500
31600 -1.603056 0.650889 0.0500
31800 -1.591016 0.637841 0.0500
32000 -1.532149 0.629117 0.0500
32200 -1.555844 0.618637 0.0500
32400 -1.465426 0.615117 0.0500
32600 -1.510123 0.606351 0.0500
32800 -1.411295 0.605935 0.0500
33000 -1.444678 0.594595 0.0500
33200 -1.366382 0.596842 0.0500
33400 -1.404148 0.584228 0.0500
33600 -1.332925 0.579583 0.0500
33800 -1.381926 0.573717 0.0500
34000 -1.333241 0.566019 0.0500
34200 -1.353321 0.559699 0.0500
34400 -1.319225 0.549902 0.0500
34600 -1.314486 0.542198 0.0500
34800 -1.361784 0.542062 0.0500
35000 -1.322539 0.529705 0.0500
35200 -1.391763 0.540834 0.0500
35400 -1.337990 0.519801 0.0500
35600 -1.359885 0.516673 0.0500
35800 -1.397132 0.527161 0.0500
36000 -1.340921 0.503375 0.0500
36200 -1.406732 0.523729 0.0500
36400 -1.399975 0.511850 0.0500
36600 -1.432333 0.532781 0.0500
36800 -1.445310 0.537866 0.0500
37000 -1.459206 0.543496 0.0500
37200 -1.490167 0.562789 0.0500
37400 -1.501822 0.563561 0.0500
37600 -1.534766 0.577314 0.0500
37800 -1.550011 0.577767 0.0500
38000 -1.565750 0.578959 0.0500
38200 -1.556360 0.564847 0.0500
38400 -1.603615 0.595867 0.0500
38600 -1.583994 0.568657 0.0500
38800 -1.620260 0.598485 0.0500
39000 -1.594874 0.562558 0.0500
39200 -1.635734 0.603050 0.0500
39400 -1.644263 0.606301 0.0500
39600 -1.676772 0.651791 0.0500
39800 -1.668251 0.626076 0.0500
40000 -1.679572 0.636216 0.0500
40200 -1.692785 0.650844 0.0500
40400 -1.682302 0.620872 0.0500
40600 -1.701144 0.646543 0.0500
40800 -1.682018 0.601402 0.0500
41000 -1.719225 0.662962 0.0500
41200 -1.712412 0.638735 0.0500
41400 -1.732159 0.665949 0.0500
41600 -1.732374 0.655164 0.0500
41800 -1.746529 0.669831 0.0500
42000 -1.768004 0.700096 0.0500
42200 -1.767216 0.686095 0.0500
42400 -1.803866 0.779089 0.0500
42600 -1.834368 0.896835 0.0500
42800 -1.842608 0.915702 0.0500
43000 -1.854241 0.948895 0.0500
43200 -1.878385 1.029639 0.0500
43400 -1.862503 0.939548 0.0500
43600 -1.901571 1.062171 0.0500
43800 -1.899562 1.027723 0.0500
44000 -1.908348 1.027068 0.0500
44200 -1.933882 1.068723 0.0500
44400 -1.917691 1.000242 0.0500
44600 -1.952791 1.063100 0.0500
44800 -1.918130 0.955672 0.0500
45000 -1.954612 1.019998 0.0500
45200 -1.936682 0.950767 0.0500
45400 -1.919156 0.895599 0.0500
45600 -1.890956 0.842544 0.0500
45800 -1.868063 0.802509 0.0500
46000 -1.865736 0.783753 0.0500
46200 -1.837906 0.733249 0.0500
46400 -1.815196 0.687357 0.0500
46600 -1.793192 0.649239 0.0500
46800 -1.779369 0.626951 0.0500
47000 -1.729247 0.590190 0.0500
47200 -1.712859 0.569750 0.0500
47400 -1.700460 0.552574 0.0500
47600 -1.668875 0.530194 0.0500
47800 -1.639660 0.522159 0.0500
48000 -1.582564 0.521634 0.0500
48200 -1.579892 0.515126 0.0500
48400 -1.517691 0.525044 0.0500
48600 -1.507480 0.519606 0.0500
48800 -1.451183 0.507152 0.0500
49000 -1.449051 0.499965 0.0500
49200 -1.402990 0.481061 0.0500
49400 -1.379891 0.474494 0.0500
49600 -1.333778 0.483772 0.0500
49800 -1.289651 0.511897 0.0500
50000 -1.300662 0.494565 0.0500
50200 -1.224415 0.627509 0.0500
50400 -1.205494 0.668493 0.0500
50600 -1.181376 0.717809 0.0500
50800 -1.147747 0.772631 0.0500
51000 -1.129755 0.789997 0.0500
51200 -1.048614 1.009879 0.0500
51400 -1.069672 0.913264 0.0500
51600 -1.012910 1.083216 0.0500
51800 -1.039652 0.971912 0.0500
52000 -0.987419 1.099963 0.0500
52200 -1.032669 0.952314 0.0500
52400 -1.017031 0.972715 0.0500
52600 -1.018766 0.944264 0.0500
52800 -1.072687 0.811679 0.0500
53000 -1.100479 0.763835 0.0500
53200 -1.126298 0.731237 0.0500
53400 -1.167936 0.688042 0.0500
53600 -1.160530 0.683295 0.0500
53800 -1.204768 0.616131 0.0500
54000 -1.192878 0.624882 0.0500
54200 -1.239635 0.543446 0.0500
54400 -1.224727 0.558565 0.0500
54600 -1.237869 0.531197 0.0500
54800 -1.243099 0.517139 0.0500
55000 -1.230244 0.528291 0.0500
55200 -1.256466 0.489737 0.0500
55400 -1.228693 0.518036 0.0500
55600 -1.175854 0.610010 0.0500
55800 -1.194884 0.565117 0.0500
56000 -1.152800 0.633415 0.0500
56200 -1.151106 0.626081 0.0500
56400 -1.117945 0.670744 0.0500
56600 -1.091090 0.709334 0.0500
56800 -1.118685 0.648052 0.0500
57000 -1.076268 0.720561 0.0500
57200 -1.028248 0.851809 0.0500
57400 -1.038552 0.799601 0.0500
57600 -1.037722 0.786112 0.0500
57800 -0.992119 0.939256 0.0500
58000 -0.984057 0.948963 0.0500
58200 -0.996302 0.879861 0.0500
58400 -0.957430 1.010271 0.0500
58600 -0.991523 0.860329 0.0500
58800 -0.972993 0.908163 0.0500
59000 -0.951098 0.971248 0.0500
59200 -1.032682 0.718065 0.0500
59400 -1.038016 0.696678 0.0500
59600 -1.037906 0.684615 0.0500
59800 -1.079321 0.632116 0.0500
60000 -1.127856 0.597164 0.0500
60200 -1.146998 0.577356 0.0500
60400 -1.160029 0.560199 0.0500
60600 -1.188397 0.528736 0.0500
60800 -1.206871 0.503854 0.0500
61000 -1.254133 0.463697 0.0500
61200 -1.299826 0.455252 0.0500
61400 -1.322357 0.452780 0.0500
61600 -1.354167 0.451821 0.0500
61800 -1.394856 0.457477 0.0500
62000 -1.419729 0.464635 0.0500
62200 -1.453566 0.480672 0.0500
62400 -1.467763 0.483356 0.0500
62600 -1.493918 0.490533 0.0500
62800 -1.493859 0.484431 0.0500
63000 -1.514903 0.486219 0.0500
63200 -1.519052 0.481533 0.0500
63400 -1.528952 0.478619 0.0500
63600 -1.521748 0.470782 0.0500
63800 -1.545016 0.472603 0.0500
64000 -1.503036 0.456806 0.0500
64200 -1.519474 0.454666 0.0500
64400 -1.458047 0.445714 0.0500
64600 -1.475576 0.440988 0.0500
64800 -1.425851 0.436208 0.0500
65000 -1.435899 0.431560 0.0500
65200 -1.418197 0.426943 0.0500
65400 -1.404592 0.423290 0.0500
65600 -1.397677 0.419667 0.0500
65800 -1.379451 0.419281 0.0500
66000 -1.396050 0.411307 0.0500
66200 -1.383531 0.409586 0.0500
66400 -1.385955 0.404734 0.0500
66600 -1.349121 0.415626 0.0500
66800 -1.350382 0.410639 0.0500
67000 -1.349492 0.406809 0.0500
67200 -1.338034 0.408417 0.0500
67400 -1.332546 0.407059 0.0500
67600 -1.316125 0.411623 0.0500
67800 -1.323289 0.403576 0.0500
68000 -1.307693 0.407840 0.0500
68200 -1.280526 0.419987 0.0500
68400 -1.274622 0.419522 0.0500
68600 -1.217468 0.472730 0.0500
68800 -1.204903 0.483073 0.0500
69000 -1.186695 0.500287 0.0500
69200 -1.151346 0.535520 0.0500
69400 -1.156721 0.522426 0.0500
69600 -1.128046 0.547047 0.0500
69800 -1.130569 0.536722 0.0500
70000 -1.090475 0.577715 0.0500
70200 -1.099100 0.558480 0.0500
70400 -1.103804 0.545057 0.0500
70600 -1.086801 0.558863 0.0500
70800 -1.110888 0.523158 0.0500
71000 -1.132611 0.499145 0.0500
71200 -1.164606 0.477033 0.0500
71400 -1.175961 0.466241 0.0500
71600 -1.180601 0.458616 0.0500
71800 -1.232031 0.426768 0.0500
72000 -1.226756 0.425025 0.0500
72200 -1.293222 0.395623 0.0500
72400 -1.305898 0.388385 0.0500
72600 -1.326496 0.380038 0.0500
72800 -1.356210 0.373455 0.0500
73000 -1.357147 0.369935 0.0500
73200 -1.415224 0.385100 0.0500
73400 -1.436406 0.394341 0.0500
73600 -1.462432 0.406616 0.0500
73800 -1.469688 0.406698 0.0500
74000 -1.490169 0.414525 0.0500
74200 -1.506096 0.420116 0.0500
74400 -1.516740 0.422886 0.0500
74600 -1.551282 0.446115 0.0500
74800 -1.556787 0.445892 0.0500
75000 -1.595487 0.475434 0.0500
75200 -1.583939 0.459963 0.0500
75400 -1.606951 0.473666 0.0500
75600 -1.609224 0.469720 0.0500
75800 -1.628741 0.477816 0.0500
76000 -1.629958 0.472832 0.0500
76200 -1.633026 0.469133 0.0500
76400 -1.637354 0.466321 0.0500
76600 -1.638925 0.461832 0.0500
76800 -1.638891 0.456421 0.0500
77000 -1.628638 0.445201 0.0500
77200 -1.618933 0.435456 0.0500
77400 -1.612379 0.427947 0.0500
77600 -1.597094 0.418499 0.0500
77800 -1.622526 0.423758 0.0500
78000 -1.575772 0.407371 0.0500
78200 -1.580167 0.403548 0.0500
78400 -1.545720 0.398598 0.0500
78600 -1.525734 0.394136 0.0500
78800 -1.514788 0.389699 0.0500
79000 -1.498292 0.385020 0.0500
79200 -1.502217 0.381483 0.0500
79400 -1.456610 0.375576 0.0500
79600 -1.445651 0.370678 0.0500
79800 -1.446627 0.367337 0.0500
80000 -1.417386 0.359951 0.0500
80200 -1.414868 0.356382 0.0500
80400 -1.382483 0.352850 0.0500
80600 -1.358848 0.354152 0.0500
80800 -1.360032 0.350665 0.0500
81000 -1.312564 0.367324 0.0500
81200 -1.328508 0.356240 0.0500
81400 -1.291764 0.372459 0.0500
81600 -1.265496 0.385365 0.0500
81800 -1.251321 0.391450 0.0500
82000 -1.223072 0.409883 0.0500
82200 -1.253392 0.382764 0.0500
82400 -1.190499 0.430672 0.0500
82600 -1.205129 0.413740 0.0500
82800 -1.174585 0.435032 0.0500
83000 -1.162029 0.440808 0.0500
83200 -1.180247 0.421169 0.0500
83400 -1.161452 0.432060 0.0500
83600 -1.143162 0.445113 0.0500
83800 -1.122621 0.465425 0.0500
84000 -1.115847 0.469722 0.0500
84200 -1.118077 0.460886 0.0500
84400 -1.135780 0.433676 0.0500
84600 -1.106218 0.469550 0.0500
84800 -1.078165 0.519859 0.0500
85000 -1.071746 0.527669 0.0500
85200 -1.056274 0.558440 0.0500
85400 -1.053555 0.557550 0.0500
85600 -0.982939 0.789754 0.0500
85800 -0.943766 0.947291 0.0500
86000 -0.946448 0.913151 0.0500
86200 -0.944098 0.902164 0.0500
86400 -0.936623 0.912911 0.0500
86600 -0.912488 0.991047 0.0500
86800 -0.911515 0.970178 0.0500
87000 -0.902329 0.981107 0.0500
87200 -0.940527 0.824244 0.0500
87400 -0.944655 0.794540 0.0500
87600 -0.902589 0.927856 0.0500
87800 -0.933058 0.799126 0.0500
88000 -1.004166 0.635001 0.0500
88200 -0.977757 0.671876 0.0500
88400 -1.012469 0.601934 0.0500
88600 -1.051277 0.527951 0.0500
88800 -1.023611 0.567950 0.0500
89000 -1.078723 0.472901 0.0500
89200 -1.087799 0.455088 0.0500
89400 -1.093502 0.442885 0.0500
89600 -1.150409 0.399683 0.0500
89800 -1.198994 0.386261 0.0500
90000 -1.174062 0.387548 0.0500
90200 -1.275624 0.360243 0.0500
90400 -1.235745 0.368134 0.0500
90600 -1.323674 0.344415 0.0500
90800 -1.316146 0.342946 0.0500
91000 -1.327851 0.337755 0.0500
91200 -1.401826 0.340100 0.0500
91400 -1.366762 0.330986 0.0500
91600 -1.429614 0.345287 0.0500
91800 -1.443198 0.347740 0.0500
92000 -1.490965 0.362706 0.0500
92200 -1.488910 0.358667 0.0500
92400 -1.534885 0.372448 0.0500
92600 -1.517081 0.362457 0.0500
92800 -1.529823 0.363817 0.0500
93000 -1.529956 0.360518 0.0500
93200 -1.533230 0.358477 0.0500
93400 -1.566009 0.370154 0.0500
93600 -1.542051 0.355809 0.0500
93800 -1.592458 0.380004 0.0500
94000 -1.542438 0.350699 0.0500
94200 -1.580556 0.366236 0.0500
94400 -1.558135 0.350987 0.0500
94600 -1.550675 0.344923 0.0500
94800 -1.562168 0.346707 0.0500
95000 -1.532599 0.334585 0.0500
95200 -1.526421 0.331026 0.0500
95400 -1.529013 0.328511 0.0500
95600 -1.504365 0.326239 0.0500
95800 -1.489304 0.326079 0.0500
96000 -1.465787 0.328011 0.0500
96200 -1.448669 0.327383 0.0500
96400 -1.436243 0.325199 0.0500
96600 -1.426680 0.322513 0.0500
96800 -1.381214 0.320464 0.0500
97000 -1.366359 0.319541 0.0500
97200 -1.352546 0.319592 0.0500
97400 -1.321746 0.326823 0.0500
97600 -1.300648 0.333021 0.0500
97800 -1.276251 0.341429 0.0500
98000 -1.259110 0.346611 0.0500
98200 -1.231637 0.357118 0.0500
98400 -1.229250 0.355060 0.0500
98600 -1.225468 0.353713 0.0500
98800 -1.216527 0.354919 0.0500
99000 -1.239447 0.341230 0.0500
99200 -1.215211 0.349668 0.0500
99400 -1.231829 0.338730 0.0500
99600 -1.236589 0.333874 0.0500
99800 -1.236886 0.330937 0.0500
100000 -1.267984 0.320213 0.0500
100200 -1.217694 0.335491 0.0500
100400 -1.252450 0.318620 0.0500
100600 -1.294567 0.312228 0.0500
100800 -1.282397 0.310213 0.0500
101000 -1.325472 0.307253 0.0500
101200 -1.322767 0.304868 0.0500
101400 -1.349729 0.303300 0.0500
101600 -1.361133 0.301972 0.0500
101800 -1.387207 0.303991 0.0500
102000 -1.414050 0.308249 0.0500
102200 -1.415818 0.306294 0.0500
102400 -1.438514 0.309368 0.0500
102600 -1.438013 0.306841 0.0500
102800 -1.468288 0.309254 0.0500
103000 -1.467401 0.306741 0.0500
103200 -1.479974 0.305588 0.0500
103400 -1.482829 0.303503 0.0500
103600 -1.468475 0.299947 0.0500
103800 -1.482746 0.298966 0.0500
104000 -1.446438 0.294359 0.0500
104200 -1.470561 0.293681 0.0500
104400 -1.455289 0.290546 0.0500
104600 -1.466957 0.289125 0.0500
104800 -1.431111 0.286376 0.0500
105000 -1.438877 0.284167 0.0500
105200 -1.408501 0.283778 0.0500
105400 -1.391897 0.283666 0.0500
105600 -1.398204 0.280839 0.0500
105800 -1.374421 0.282550 0.0500
106000 -1.388675 0.278181 0.0500
106200 -1.339924 0.287148 0.0500
106400 -1.350374 0.282299 0.0500
106600 -1.335609 0.284284 0.0500
106800 -1.335805 0.282182 0.0500
107000 -1.335046 0.280380 0.0500
107200 -1.290073 0.292995 0.0500
107400 -1.312052 0.283663 0.0500
107600 -1.290244 0.288864 0.0500
107800 -1.291832 0.286203 0.0500
108000 -1.261028 0.296571 0.0500
108200 -1.265502 0.292263 0.0500
108400 -1.251405 0.297207 0.0500
108600 -1.204615 0.330815 0.0500
108800 -1.191128 0.340117 0.0500
109000 -1.152965 0.369985 0.0500
109200 -1.169473 0.352890 0.0500
109400 -1.149205 0.366648 0.0500
109600 -1.158324 0.355640 0.0500
109800 -1.133912 0.374216 0.0500
110000 -1.158346 0.349461 0.0500
110200 -1.162925 0.342941 0.0500
110400 -1.129882 0.369354 0.0500
110600 -1.158308 0.340675 0.0500
110800 -1.137324 0.355437 0.0500
111000 -1.133896 0.355691 0.0500
111200 -1.150666 0.337665 0.0500
111400 -1.114645 0.373259 0.0500
111600 -1.084663 0.420242 0.0500
111800 -1.134915 0.343342 0.0500
112000 -1.143262 0.333318 0.0500
112200 -1.014371 0.562832 0.0500
112400 -1.077660 0.423231 0.0500
112600 -1.023758 0.532203 0.0500
112800 -1.012063 0.549786 0.0500
113000 -1.029530 0.506244 0.0500
113200 -0.919604 0.806274 0.0500
113400 -0.907286 0.841546 0.0500
113600 -0.883125 0.931934 0.0500
113800 -0.859422 1.012929 0.0500
114000 -0.903911 0.806143 0.0500
114200 -0.818289 1.113806 0.0500
114400 -0.871111 0.909316 0.0500
114600 -0.817160 1.071468 0.0500
114800 -0.881691 0.838481 0.0500
115000 -0.818499 1.029338 0.0500
115200 -0.891601 0.781252 0.0500
115400 -0.884179 0.787934 0.0500
115600 -0.873565 0.805207 0.0500
115800 -0.975071 0.590889 0.0500
116000 -0.948554 0.621174 0.0500
116200 -1.006885 0.527355 0.0500
116400 -1.004837 0.523472 0.0500
116600 -1.025420 0.485477 0.0500
116800 -1.054758 0.435920 0.0500
117000 -1.067804 0.412050 0.0500
117200 -1.068300 0.407047 0.0500
117400 -1.074651 0.393979 0.0500
117600 -1.071515 0.394372 0.0500
117800 -1.087119 0.370167 0.0500
118000 -1.062391 0.400011 0.0500
118200 -1.069332 0.386095 0.0500
118400 -1.064759 0.388720 0.0500
118600 -1.036483 0.430201 0.0500
118800 -1.046060 0.409305 0.0500
119000 -0.996392 0.499841 0.0500
119200 -0.978985 0.529270 0.0500
119400 -0.998494 0.483175 0.0500
119600 -0.962938 0.549350 0.0500
119800 -0.980492 0.506524 0.0500
120000 -0.942690 0.578905 0.0500
120200 -0.954209 0.545712 0.0500
120400 -0.982630 0.484889 0.0500
120600 -0.926799 0.596768 0.0500
120800 -0.917377 0.613333 0.0500
121000 -0.938228 0.551919 0.0500
121200 -0.945177 0.529734 0.0500
121400 -0.871495 0.754843 0.0500
121600 -0.853857 0.814363 0.0500
121800 -0.868888 0.736484 0.0500
122000 -0.840561 0.839849 0.0500
122200 -0.856182 0.758308 0.0500
122400 -0.831907 0.844019 0.0500
122600 -0.785804 1.020289 0.0500
122800 -0.809208 0.902690 0.0500
123000 -0.793906 0.942517 0.0500
123200 -0.779457 0.975215 0.0500
123400 -0.747836 1.060943 0.0500
123600 -0.781527 0.923693 0.0500
123800 -0.781536 0.902231 0.0500
124000 -0.807301 0.806449 0.0500
124200 -0.841550 0.709566 0.0500
124400 -0.811795 0.766806 0.0500
124600 -0.859992 0.650663 0.0500
124800 -0.931462 0.524512 0.0500
125000 -0.909971 0.549451 0.0500
125200 -0.943462 0.496080 0.0500
125400 -0.971023 0.460863 0.0500
125600 -0.979466 0.447541 0.0500
125800 -1.012048 0.413746 0.0500
126000 -1.001194 0.418914 0.0500
126200 -1.010998 0.406070 0.0500
126400 -1.064673 0.360188 0.0500
126600 -1.040665 0.375211 0.0500
126800 -1.070894 0.349628 0.0500
127000 -1.062542 0.352277 0.0500
127200 -1.091091 0.331643 0.0500
127400 -1.118190 0.317652 0.0500
127600 -1.089362 0.327518 0.0500
127800 -1.100361 0.319339 0.0500
128000 -1.062926 0.340273 0.0500
128200 -1.051603 0.346888 0.0500
128400 -1.076226 0.325091 0.0500
128600 -1.031094 0.361660 0.0500
128800 -1.045743 0.343738 0.0500
129000 -1.070695 0.321399 0.0500
129200 -1.021838 0.363768 0.0500
129400 -1.033505 0.347494 0.0500
129600 -0.999105 0.386094 0.0500
129800 -0.967942 0.426875 0.0500
130000 -1.001320 0.376110 0.0500
130200 -0.967360 0.419943 0.0500
130400 -0.964891 0.419270 0.0500
130600 -0.953269 0.433397 0.0500
130800 -0.898735 0.537354 0.0500
131000 -0.941847 0.444208 0.0500
131200 -0.894758 0.535013 0.0500
131400 -0.882925 0.555085 0.0500
131600 -0.874003 0.568282 0.0500
131800 -0.822137 0.696022 0.0500
132000 -0.853479 0.601597 0.0500
132200 -0.803345 0.736193 0.0500
132400 -0.772376 0.844846 0.0500
132600 -0.771765 0.829515 0.0500
132800 -0.706516 1.086082 0.0500
133000 -0.728058 0.981311 0.0500
133200 -0.694237 1.069499 0.0500
133400 -0.721074 0.960099 0.0500
133600 -0.683408 1.049177 0.0500
133800 -0.705263 0.962831 0.0500
134000 -0.692738 0.973522 0.0500
134200 -0.731751 0.852855 0.0500
134400 -0.759423 0.770530 0.0500
134600 -0.738771 0.803597 0.0500
134800 -0.755421 0.750036 0.0500
135000 -0.802708 0.651328 0.0500
135200 -0.798270 0.647531 0.0500
135400 -0.823341 0.601740 0.0500
135600 -0.836334 0.576286 0.0500
135800 -0.833355 0.571565 0.0500
136000 -0.879137 0.509265 0.0500
136200 -0.844298 0.544839 0.0500
136400 -0.881871 0.494127 0.0500
136600 -0.869695 0.501919 0.0500
136800 -0.890431 0.472607 0.0500
137000 -0.899359 0.457529 0.0500
137200 -0.899613 0.451978 0.0500
137400 -0.896830 0.449675 0.0500
137600 -0.913047 0.429053 0.0500
137800 -0.893803 0.443202 0.0500
138000 -0.844749 0.505897 0.0500
138200 -0.851513 0.488579 0.0500
138400 -0.827567 0.524004 0.0500
138600 -0.816262 0.539773 0.0500
138800 -0.800245 0.568656 0.0500
139000 -0.723952 0.790428 0.0500
139200 -0.739144 0.725823 0.0500
139400 -0.694000 0.870247 0.0500
139600 -0.667294 0.958669 0.0500
139800 -0.673422 0.911243 0.0500
140000 -0.625509 1.072346 0.0500
140200 -0.652403 0.950981 0.0500
140400 -0.636363 0.985036 0.0500
140600 -0.643422 0.936683 0.0500
140800 -0.665412 0.845871 0.0500
141000 -0.639519 0.910391 0.0500
141200 -0.710219 0.720775 0.0500
141400 -0.727536 0.680610 0.0500
141600 -0.741951 0.646729 0.0500
141800 -0.764584 0.600108 0.0500
142000 -0.764579 0.591033 0.0500
142200 -0.815571 0.505361 0.0500
142400 -0.823956 0.488125 0.0500
142600 -0.855084 0.449660 0.0500
142800 -0.890983 0.419551 0.0500
143000 -0.855078 0.440909 0.0500
143200 -0.911311 0.402802 0.0500
143400 -0.934254 0.390699 0.0500
143600 -0.904736 0.397952 0.0500
143800 -0.944267 0.380504 0.0500
144000 -0.912525 0.387663 0.0500
144200 -0.949014 0.372521 0.0500
144400 -0.943542 0.370512 0.0500
144600 -0.973104 0.358722 0.0500
144800 -0.970757 0.356221 0.0500
145000 -1.000993 0.341839 0.0500
145200 -0.994317 0.341687 0.0500
145400 -0.997761 0.337323 0.0500
145600 -0.998609 0.334096 0.0500
145800 -1.001632 0.330042 0.0500
146000 -1.002827 0.326805 0.0500
146200 -0.961513 0.342439 0.0500
146400 -0.995178 0.324953 0.0500
146600 -0.972524 0.331865 0.0500
146800 -0.975365 0.327782 0.0500
147000 -0.963069 0.330992 0.0500
147200 -0.934951 0.345467 0.0500
147400 -0.959775 0.327404 0.0500
147600 -0.910576 0.360032 0.0500
147800 -0.879212 0.389461 0.0500
148000 -0.874766 0.390836 0.0500
148200 -0.808689 0.486361 0.0500
148400 -0.824492 0.453439 0.0500
148600 -0.799749 0.491692 0.0500
148800 -0.754917 0.577069 0.0500
149000 -0.771546 0.534707 0.0500
149200 -0.701327 0.680977 0.0500
149400 -0.713500 0.640867 0.0500
149600 -0.711585 0.634757 0.0500
149800 -0.664229 0.761508 0.0500
150000 -0.654834 0.781995 0.0500
150200 -0.668317 0.718691 0.0500
150400 -0.653775 0.757285 0.0500
150600 -0.604863 0.963259 0.0500
150800 -0.641987 0.775958 0.0500
151000 -0.687390 0.629757 0.0500
151200 -0.719309 0.573401 0.0500
151400 -0.746439 0.535716 0.0500
151600 -0.743159 0.532026 0.0500
151800 -0.780508 0.483488 0.0500
152000 -0.775687 0.483166 0.0500
152200 -0.821319 0.427915 0.0500
152400 -0.807335 0.437685 0.0500
152600 -0.831757 0.409154 0.0500
152800 -0.871015 0.373970 0.0500
153000 -0.849185 0.387087 0.0500
153200 -0.889770 0.354872 0.0500
153400 -0.907049 0.341678 0.0500
153600 -0.896898 0.344459 0.0500
153800 -0.947418 0.319433 0.0500
154000 -0.924079 0.325453 0.0500
154200 -0.943098 0.315766 0.0500
154400 -0.967438 0.307872 0.0500
154600 -0.930983 0.315557 0.0500
154800 -0.975564 0.302837 0.0500
155000 -0.968785 0.301141 0.0500
155200 -0.975044 0.298279 0.0500
155400 -1.021205 0.298251 0.0500
155600 -1.001125 0.294377 0.0500
155800 -1.045777 0.296371 0.0500
156000 -1.024231 0.292271 0.0500
156200 -1.059664 0.293437 0.0500
156400 -1.053802 0.290753 0.0500
156600 -1.085467 0.291809 0.0500
156800 -1.076209 0.288654 0.0500
157000 -1.068762 0.285885 0.0500
157200 -1.069812 0.283899 0.0500
157400 -1.056507 0.281130 0.0500
157600 -1.065071 0.279544 0.0500
157800 -1.037416 0.277579 0.0500
158000 -1.054354 0.275304 0.0500
158200 -1.020020 0.275714 0.0500
158400 -1.053909 0.271856 0.0500
158600 -1.067667 0.271246 0.0500
158800 -1.028856 0.269666 0.0500
159000 -1.070616 0.268531 0.0500
159200 -1.065809 0.265921 0.0500
159400 -1.063753 0.263861 0.0500
159600 -1.117012 0.280164 0.0500
159800 -1.089938 0.266908 0.0500
160000 -1.126746 0.281288 0.0500
160200 -1.118209 0.275183 0.0500
160400 -1.128577 0.278262 0.0500
160600 -1.146425 0.284959 0.0500
160800 -1.156753 0.287513 0.0500
161000 -1.154998 0.284678 0.0500
161200 -1.156453 0.283238 0.0500
161400 -1.151504 0.279119 0.0500
161600 -1.176461 0.286697 0.0500
161800 -1.161569 0.279367 0.0500
162000 -1.188720 0.286033 0.0500
162200 -1.172003 0.279285 0.0500
162400 -1.207020 0.284989 0.0500
162600 -1.155043 0.270296 0.0500
162800 -1.181975 0.276903 0.0500
163000 -1.163647 0.269493 0.0500
163200 -1.181154 0.272973 0.0500
163400 -1.156996 0.263975 0.0500
163600 -1.138047 0.257470 0.0500
163800 -1.128977 0.254073 0.0500
164000 -1.123502 0.251606 0.0500
164200 -1.127214 0.250550 0.0500
164400 -1.098658 0.246944 0.0500
164600 -1.065058 0.248981 0.0500
164800 -1.061343 0.248194 0.0500
165000 -1.008411 0.265179 0.0500
165200 -1.006229 0.264336 0.0500
165400 -0.971441 0.278976 0.0500
165600 -0.944939 0.292062 0.0500
165800 -0.919831 0.307428 0.0500
166000 -0.873367 0.346831 0.0500
166200 -0.856659 0.360978 0.0500
166400 -0.834326 0.382628 0.0500
166600 -0.776093 0.459251 0.0500
166800 -0.771902 0.460136 0.0500
167000 -0.723709 0.527701 0.0500
167200 -0.737623 0.499533 0.0500
167400 -0.733058 0.499937 0.0500
167600 -0.684458 0.589286 0.0500
167800 -0.669554 0.624585 0.0500
168000 -0.643901 0.713806 0.0500
168200 -0.595042 0.947626 0.0500
168400 -0.644107 0.689733 0.0500
168600 -0.584742 0.965970 0.0500
168800 -0.594349 0.896742 0.0500
169000 -0.545920 1.077464 0.0500
169200 -0.556237 1.014606 0.0500
169400 -0.531818 1.063223 0.0500
169600 -0.563203 0.943505 0.0500
169800 -0.533333 1.010394 0.0500
170000 -0.566379 0.892552 0.0500
170200 -0.561863 0.885132 0.0500
170400 -0.573634 0.833840 0.0500
170600 -0.588916 0.777438 0.0500
170800 -0.601653 0.731005 0.0500
171000 -0.599051 0.723805 0.0500
171200 -0.644504 0.610751 0.0500
171400 -0.604867 0.689161 0.0500
171600 -0.612126 0.660412 0.0500
171800 -0.647646 0.580307 0.0500
172000 -0.646111 0.574381 0.0500
172200 -0.632583 0.590457 0.0500
172400 -0.650406 0.551280 0.0500
172600 -0.640016 0.560351 0.0500
172800 -0.637161 0.557461 0.0500
173000 -0.652884 0.525501 0.0500
173200 -0.672718 0.498705 0.0500
173400 -0.703431 0.477389 0.0500
173600 -0.725782 0.463940 0.0500
173800 -0.742117 0.451207 0.0500
174000 -0.746753 0.443595 0.0500
174200 -0.755651 0.433500 0.0500
174400 -0.772289 0.418049 0.0500
174600 -0.754559 0.425140 0.0500
174800 -0.781850 0.403239 0.0500
175000 -0.776101 0.402873 0.0500
175200 -0.779619 0.396511 0.0500
175400 -0.793382 0.384113 0.0500
175600 -0.785597 0.385077 0.0500
175800 -0.806762 0.369497 0.0500
176000 -0.763379 0.393874 0.0500
176200 -0.764696 0.388938 0.0500
176400 -0.767143 0.383288 0.0500
176600 -0.719741 0.422176 0.0500
176800 -0.716373 0.420980 0.0500
177000 -0.657640 0.488052 0.0500
177200 -0.658476 0.480677 0.0500
177400 -0.585577 0.670930 0.0500
177600 -0.539942 0.850708 0.0500
177800 -0.540728 0.828991 0.0500
178000 -0.510898 0.947540 0.0500
178200 -0.507971 0.937939 0.0500
178400 -0.469898 1.066803 0.0500
178600 -0.471890 1.031753 0.0500
178800 -0.507701 0.880467 0.0500
179000 -0.465036 1.010739 0.0500
179200 -0.531162 0.773067 0.0500
179400 -0.505767 0.837382 0.0500
179600 -0.529018 0.749862 0.0500
179800 -0.600689 0.575765 0.0500
180000 -0.550870 0.675655 0.0500
180200 -0.618563 0.527687 0.0500
180400 -0.611478 0.533722 0.0500
180600 -0.613866 0.522136 0.0500
180800 -0.613791 0.515389 0.0500
181000 -0.600113 0.534566 0.0500
181200 -0.634967 0.470295 0.0500
181400 -0.639566 0.459150 0.0500
181600 -0.626122 0.471437 0.0500
181800 -0.661252 0.430187 0.0500
182000 -0.667374 0.421993 0.0500
182200 -0.651701 0.427988 0.0500
182400 -0.639227 0.435881 0.0500
182600 -0.611525 0.475616 0.0500
182800 -0.561432 0.598081 0.0500
183000 -0.602503 0.483822 0.0500
183200 -0.623712 0.439705 0.0500
183400 -0.553561 0.605387 0.0500
183600 -0.559540 0.577805 0.0500
183800 -0.592126 0.485226 0.0500
184000 -0.512738 0.732463 0.0500
184200 -0.505682 0.748383 0.0500
184400 -0.485675 0.822087 0.0500
184600 -0.458475 0.929339 0.0500
184800 -0.458991 0.905364 0.0500
185000 -0.452337 0.913555 0.0500
185200 -0.442293 0.935040 0.0500
185400 -0.446608 0.895364 0.0500
185600 -0.464361 0.807013 0.0500
185800 -0.478477 0.742919 0.0500
186000 -0.527167 0.605078 0.0500
186200 -0.541124 0.566602 0.0500
186400 -0.538150 0.564541 0.0500
186600 -0.560553 0.513973 0.0500
186800 -0.545321 0.535631 0.0500
187000 -0.611898 0.427122 0.0500
187200 -0.687039 0.395018 0.0500
187400 -0.691720 0.391242 0.0500
187600 -0.737979 0.380768 0.0500
187800 -0.729105 0.379872 0.0500
188000 -0.750869 0.369170 0.0500
188200 -0.784522 0.355977 0.0500
188400 -0.791396 0.351418 0.0500
188600 -0.844266 0.340158 0.0500
188800 -0.830794 0.340221 0.0500
189000 -0.859379 0.329849 0.0500
189200 -0.832375 0.334568 0.0500
189400 -0.849637 0.327625 0.0500
189600 -0.824190 0.330972 0.0500
189800 -0.856486 0.320750 0.0500
190000 -0.819153 0.327313 0.0500
190200 -0.848199 0.318038 0.0500
190400 -0.806160 0.326505 0.0500
190600 -0.811739 0.321957 0.0500
190800 -0.811732 0.319335 0.0500
191000 -0.749763 0.351340 0.0500
191200 -0.777912 0.329875 0.0500
191400 -0.723326 0.363126 0.0500
191600 -0.747826 0.344274 0.0500
191800 -0.716250 0.360940 0.0500
192000 -0.725739 0.352392 0.0500
192200 -0.715944 0.354674 0.0500
192400 -0.727354 0.345267 0.0500
192600 -0.713353 0.349864 0.0500
192800 -0.730074 0.337871 0.0500
193000 -0.719110 0.340880 0.0500
193200 -0.727191 0.333662 0.0500
193400 -0.720587 0.334330 0.0500
193600 -0.726884 0.328225 0.0500
193800 -0.750302 0.315320 0.0500
194000 -0.770257 0.307391 0.0500
194200 -0.779215 0.303636 0.0500
194400 -0.811154 0.301268 0.0500
194600 -0.829456 0.300971 0.0500
194800 -0.848335 0.300859 0.0500
195000 -0.861705 0.299532 0.0500
195200 -0.862012 0.297274 0.0500
195400 -0.868974 0.295241 0.0500
195600 -0.862605 0.292873 0.0500
195800 -0.862090 0.290683 0.0500
196000 -0.854224 0.288267 0.0500
196200 -0.862109 0.286464 0.0500
196400 -0.854841 0.284130 0.0500
196600 -0.855593 0.282108 0.0500
196800 -0.829902 0.280734 0.0500
197000 -0.826995 0.279018 0.0500
197200 -0.831819 0.276622 0.0500
197400 -0.843199 0.274344 0.0500
197600 -0.828410 0.273141 0.0500
197800 -0.821232 0.272238 0.0500
198000 -0.814751 0.271642 0.0500
198200 -0.814624 0.269802 0.0500
198400 -0.826508 0.266024 0.0500
198600 -0.776541 0.281943 0.0500
198800 -0.767154 0.285471 0.0500
199000 -0.754297 0.291846 0.0500
199200 -0.708136 0.325926 0.0500
199400 -0.726497 0.308445 0.0500
199600 -0.671294 0.351381 0.0500
199800 -0.674829 0.345330 0.0500
200000 -0.666053 0.349655 0.0500
200200 -0.615648 0.403674 0.0500
200400 -0.599060 0.424920 0.0500
200600 -0.552817 0.504351 0.0500
200800 -0.571420 0.462680 0.0500
201000 -0.553158 0.491803 0.0500
201200 -0.482484 0.682822 0.0500
201400 -0.479177 0.683241 0.0500
201600 -0.440407 0.839726 0.0500
201800 -0.409070 0.974978 0.0500
202000 -0.432235 0.842721 0.0500
202200 -0.423536 0.865023 0.0500
202400 -0.392750 0.987993 0.0500
202600 -0.430038 0.801496 0.0500
202800 -0.412371 0.860805 0.0500
203000 -0.439695 0.733841 0.0500
203200 -0.438845 0.723219 0.0500
203400 -0.465134 0.635137 0.0500
203600 -0.527761 0.513959 0.0500
203800 -0.519380 0.520540 0.0500
204000 -0.556399 0.459433 0.0500
204200 -0.582214 0.421120 0.0500
204400 -0.586095 0.412021 0.0500
204600 -0.658676 0.343730 0.0500
204800 -0.668510 0.334779 0.0500
205000 -0.702095 0.312969 0.0500
205200 -0.711508 0.305147 0.0500
205400 -0.700105 0.309271 0.0500
205600 -0.728639 0.291385 0.0500
205800 -0.720321 0.293569 0.0500
206000 -0.741013 0.281294 0.0500
206200 -0.779092 0.265913 0.0500
206400 -0.743455 0.276774 0.0500
206600 -0.751594 0.271419 0.0500
206800 -0.765320 0.264773 0.0500
207000 -0.757113 0.265717 0.0500
207200 -0.795402 0.255517 0.0500
207400 -0.758520 0.262133 0.0500
207600 -0.790313 0.253028 0.0500
207800 -0.787957 0.251680 0.0500
208000 -0.752434 0.260192 0.0500
208200 -0.800934 0.248154 0.0500
208400 -0.835094 0.251903 0.0500
208600 -0.834441 0.250108 0.0500
208800 -0.860775 0.258255 0.0500
209000 -0.865938 0.258808 0.0500
209200 -0.893247 0.268695 0.0500
209400 -0.895617 0.267724 0.0500
209600 -0.917163 0.271811 0.0500
209800 -0.916776 0.269868 0.0500
210000 -0.942444 0.270133 0.0500
210200 -0.929584 0.267943 0.0500
210400 -0.932829 0.266324 0.0500
210600 -0.926980 0.264134 0.0500
210800 -0.930867 0.262654 0.0500
211000 -0.917282 0.259639 0.0500
211200 -0.896296 0.254531 0.0500
211400 -0.885118 0.250554 0.0500
211600 -0.886795 0.249327 0.0500
211800 -0.879012 0.246085 0.0500
212000 -0.898475 0.248769 0.0500
212200 -0.893232 0.246079 0.0500
212400 -0.909125 0.247966 0.0500
212600 -0.909346 0.246456 0.0500
212800 -0.895114 0.242006 0.0500
213000 -0.919248 0.245679 0.0500
213200 -0.911577 0.242464 0.0500
213400 -0.938337 0.247094 0.0500
213600 -0.925772 0.242688 0.0500
213800 -0.955061 0.247854 0.0500
214000 -0.945622 0.244257 0.0500
214200 -0.974384 0.248394 0.0500
214400 -0.926170 0.237680 0.0500
214600 -0.981611 0.246977 0.0500
214800 -0.929569 0.235998 0.0500
215000 -0.963834 0.241371 0.0500
215200 -0.944464 0.236002 0.0500
215400 -0.925516 0.231579 0.0500
215600 -0.946698 0.233758 0.0500
215800 -0.904146 0.227639 0.0500
216000 -0.953024 0.232879 0.0500
216200 -0.916765 0.225867 0.0500
216400 -0.913633 0.224411 0.0500
216600 -0.921825 0.223696 0.0500
216800 -0.875007 0.224348 0.0500
217000 -0.897755 0.220909 0.0500
217200 -0.882053 0.221005 0.0500
217400 -0.860134 0.223249 0.0500
217600 -0.922997 0.219200 0.0500
217800 -0.837739 0.226426 0.0500
218000 -0.889013 0.216297 0.0500
218200 -0.879806 0.216007 0.0500
218400 -0.837435 0.223615 0.0500
218600 -0.854525 0.218192 0.0500
218800 -0.799279 0.233400 0.0500
219000 -0.816314 0.226252 0.0500
219200 -0.789006 0.234762 0.0500
219400 -0.766309 0.243916 0.0500
219600 -0.775277 0.237957 0.0500
219800 -0.735466 0.260792 0.0500
220000 -0.695720 0.292882 0.0500
220200 -0.700780 0.286190 0.0500
220400 -0.647572 0.333776 0.0500
220600 -0.636620 0.342168 0.0500
220800 -0.593993 0.390011 0.0500
221000 -0.563921 0.428274 0.0500
221200 -0.582342 0.397719 0.0500
221400 -0.598177 0.373887 0.0500
221600 -0.533166 0.468777 0.0500
221800 -0.570200 0.403448 0.0500
222000 -0.513780 0.497676 0.0500
222200 -0.533003 0.454561 0.0500
222400 -0.531469 0.452096 0.0500
222600 -0.464724 0.600023 0.0500
222800 -0.421292 0.753305 0.0500
223000 -0.423502 0.729065 0.0500
223200 -0.434406 0.670890 0.0500
223400 -0.400250 0.817191 0.0500
223600 -0.350299 1.051127 0.0500
223800 -0.358981 0.987372 0.0500
224000 -0.360431 0.956707 0.0500
224200 -0.348496 0.981956 0.0500
224400 -0.327851 1.030631 0.0500
224600 -0.308191 1.062412 0.0500
224800 -0.361454 0.875002 0.0500
225000 -0.346522 0.903679 0.0500
225200 -0.368798 0.814558 0.0500
225400 -0.343952 0.874971 0.0500
225600 -0.409290 0.673133 0.0500
225800 -0.434352 0.603271 0.0500
226000 -0.436493 0.589702 0.0500
226200 -0.482677 0.508281 0.0500
226400 -0.495590 0.484402 0.0500
226600 -0.509047 0.460510 0.0500
226800 -0.520241 0.440522 0.0500
227000 -0.517245 0.439462 0.0500
227200 -0.529256 0.419789 0.0500
227400 -0.589274 0.361379 0.0500
227600 -0.567384 0.374942 0.0500
227800 -0.533580 0.405266 0.0500
228000 -0.546516 0.386889 0.0500
228200 -0.529946 0.401746 0.0500
228400 -0.498840 0.442420 0.0500
228600 -0.525545 0.399322 0.0500
228800 -0.481022 0.464240 0.0500
229000 -0.478457 0.463440 0.0500
229200 -0.455416 0.504224 0.0500
229400 -0.389339 0.688794 0.0500
229600 -0.403073 0.632855 0.0500
229800 -0.386904 0.674441 0.0500
230000 -0.345828 0.809365 0.0500
230200 -0.332513 0.845252 0.0500
230400 -0.313606 0.905600 0.0500
230600 -0.296223 0.958408 0.0500
230800 -0.313263 0.866286 0.0500
231000 -0.262196 1.051706 0.0500
231200 -0.302481 0.873277 0.0500
231400 -0.287145 0.912169 0.0500
231600 -0.338276 0.730980 0.0500
231800 -0.390494 0.612375 0.0500
232000 -0.370649 0.641596 0.0500
232200 -0.421834 0.535767 0.0500
232400 -0.442790 0.492888 0.0500
232600 -0.439134 0.492607 0.0500
232800 -0.518793 0.389777 0.0500
233000 -0.527924 0.377799 0.0500
233200 -0.536974 0.367179 0.0500
233400 -0.606008 0.335166 0.0500
233600 -0.563320 0.347516 0.0500
233800 -0.618310 0.325936 0.0500
234000 -0.602923 0.328694 0.0500
234200 -0.626137 0.317836 0.0500
234400 -0.641564 0.309386 0.0500
234600 -0.631511 0.310869 0.0500
234800 -0.680976 0.287565 0.0500
235000 -0.644115 0.301932 0.0500
235200 -0.669821 0.288976 0.0500
235400 -0.623050 0.306868 0.0500
235600 -0.669482 0.285559 0.0500
235800 -0.609532 0.309642 0.0500
236000 -0.633503 0.296178 0.0500
236200 -0.596237 0.312260 0.0500
236400 -0.599771 0.307875 0.0500
236600 -0.601571 0.304527 0.0500
236800 -0.568665 0.322451 0.0500
237000 -0.542184 0.342387 0.0500
237200 -0.551901 0.330404 0.0500
237400 -0.505517 0.380990 0.0500
237600 -0.491854 0.396584 0.0500
237800 -0.456403 0.447216 0.0500
238000 -0.475349 0.412647 0.0500
238200 -0.437663 0.471437 0.0500
238400 -0.393797 0.560679 0.0500
238600 -0.410003 0.516621 0.0500
238800 -0.352454 0.646979 0.0500
239000 -0.391046 0.545535 0.0500
239200 -0.352094 0.630883 0.0500
239400 -0.309144 0.764833 0.0500
239600 -0.336923 0.653606 0.0500
239800 -0.378246 0.547832 0.0500
240000 -0.376036 0.544445 0.0500
240200 -0.389966 0.512143 0.0500
240400 -0.361622 0.559920 0.0500
240600 -0.423961 0.452101 0.0500
240800 -0.434152 0.434978 0.0500
241000 -0.427646 0.437678 0.0500
241200 -0.480634 0.382420 0.0500
241400 -0.468012 0.389722 0.0500
241600 -0.489760 0.367411 0.0500
241800 -0.532871 0.330085 0.0500
242000 -0.515466 0.340324 0.0500
242200 -0.592572 0.297291 0.0500
242400 -0.578461 0.299977 0.0500
242600 -0.596857 0.291598 0.0500
242800 -0.608519 0.286309 0.0500
243000 -0.562238 0.301285 0.0500
243200 -0.618098 0.280969 0.0500
243400 -0.619426 0.278749 0.0500
243600 -0.591065 0.283879 0.0500
243800 -0.668448 0.271955 0.0500
244000 -0.606535 0.276568 0.0500
244200 -0.666354 0.269328 0.0500
244400 -0.663900 0.267616 0.0500
244600 -0.683880 0.264059 0.0500
244800 -0.678047 0.263024 0.0500
245000 -0.698370 0.257958 0.0500
245200 -0.684400 0.258848 0.0500
245400 -0.695538 0.255236 0.0500
245600 -0.669085 0.257562 0.0500
245800 -0.666006 0.256243 0.0500
246000 -0.649133 0.256849 0.0500
246200 -0.614053 0.264440 0.0500
246400 -0.615727 0.262054 0.0500
246600 -0.571839 0.282760 0.0500
246800 -0.548478 0.297970 0.0500
247000 -0.536228 0.306407 0.0500
247200 -0.535047 0.305116 0.0500
247400 -0.537135 0.300865 0.0500
247600 -0.489448 0.349006 0.0500
247800 -0.490798 0.344410 0.0500
248000 -0.449278 0.390089 0.0500
248200 -0.450340 0.384908 0.0500
248400 -0.439124 0.395727 0.0500
248600 -0.413541 0.430931 0.0500
248800 -0.394906 0.460419 0.0500
249000 -0.381059 0.483759 0.0500
249200 -0.363587 0.519429 0.0500
249400 -0.314665 0.684184 0.0500
249600 -0.281462 0.837748 0.0500
249800 -0.275638 0.850395 0.0500
250000 -0.237459 1.017178 0.0500
250200 -0.254997 0.914082 0.0500
250400 -0.252866 0.902697 0.0500
250600 -0.244392 0.919198 0.0500
250800 -0.251924 0.866121 0.0500
251000 -0.243161 0.883801 0.0500
251200 -0.297191 0.667052 0.0500
251400 -0.300180 0.646666 0.0500
251600 -0.279551 0.703367 0.0500
251800 -0.328286 0.555542 0.0500
252000 -0.367051 0.477070 0.0500
252200 -0.367837 0.470091 0.0500
252400 -0.387444 0.436215 0.0500
252600 -0.434989 0.377834 0.0500
252800 -0.461825 0.352117 0.0500
253000 -0.483696 0.332708 0.0500
253200 -0.500596 0.317226 0.0500
253400 -0.500754 0.314560 0.0500
253600 -0.556298 0.276723 0.0500
253800 -0.540607 0.283125 0.0500
254000 -0.542971 0.279742 0.0500
254200 -0.582118 0.261606 0.0500
254400 -0.544736 0.275397 0.0500
254600 -0.595849 0.255233 0.0500
254800 -0.584625 0.256212 0.0500
255000 -0.571586 0.258533 0.0500
255200 -0.630948 0.247214 0.0500
255400 -0.571915 0.255923 0.0500
255600 -0.617624 0.245230 0.0500
255800 -0.650992 0.244452 0.0500
256000 -0.590030 0.246961 0.0500
256200 -0.675067 0.244743 0.0500
256400 -0.631436 0.239914 0.0500
256600 -0.678041 0.242514 0.0500
256800 -0.681875 0.241369 0.0500
257000 -0.681872 0.239893 0.0500
257200 -0.707490 0.239454 0.0500
257400 -0.720767 0.237418 0.0500
257600 -0.726382 0.235535 0.0500
257800 -0.729192 0.233868 0.0500
258000 -0.744388 0.230828 0.0500
258200 -0.717869 0.232250 0.0500
258400 -0.761802 0.226410 0.0500
258600 -0.701684 0.231336 0.0500
258800 -0.739918 0.226584 0.0500
259000 -0.694526 0.229530 0.0500
259200 -0.703387 0.227543 0.0500
259400 -0.691723 0.227101 0.0500
259600 -0.679030 0.226685 0.0500
259800 -0.700487 0.223991 0.0500
260000 -0.656605 0.226409 0.0500
260200 -0.688064 0.222484 0.0500
260400 -0.642259 0.226332 0.0500
260600 -0.649129 0.223877 0.0500
260800 -0.637153 0.224778 0.0500
261000 -0.582247 0.242228 0.0500
261200 -0.595645 0.234995 0.0500
261400 -0.582579 0.239203 0.0500
261600 -0.545554 0.260374 0.0500
261800 -0.501435 0.299377 0.0500
262000 -0.467219 0.331008 0.0500
262200 -0.480000 0.315853 0.0500
262400 -0.424453 0.372745 0.0500
262600 -0.438624 0.352505 0.0500
262800 -0.391182 0.413258 0.0500
263000 -0.396890 0.400256 0.0500
263200 -0.417876 0.367709 0.0500
263400 -0.398450 0.390513 0.0500
263600 -0.353456 0.466646 0.0500
263800 -0.397807 0.384508 0.0500
264000 -0.431741 0.341926 0.0500
264200 -0.398333 0.377408 0.0500
264400 -0.412492 0.355772 0.0500
264600 -0.415806 0.348868 0.0500
264800 -0.439873 0.324571 0.0500
265000 -0.489826 0.292961 0.0500
265200 -0.493046 0.288798 0.0500
265400 -0.507049 0.277656 0.0500
265600 -0.535147 0.257395 0.0500
265800 -0.554345 0.245069 0.0500
266000 -0.576944 0.234077 0.0500
266200 -0.600899 0.225703 0.0500
266400 -0.613314 0.221779 0.0500
266600 -0.633879 0.217685 0.0500
266800 -0.648448 0.215625 0.0500
267000 -0.647658 0.214470 0.0500
267200 -0.693964 0.215442 0.0500
267400 -0.676581 0.212980 0.0500
267600 -0.689670 0.212801 0.0500
267800 -0.700864 0.212689 0.0500
268000 -0.724454 0.214120 0.0500
268200 -0.740800 0.214862 0.0500
268400 -0.734973 0.213024 0.0500
268600 -0.736177 0.212011 0.0500
268800 -0.719499 0.209184 0.0500
269000 -0.754455 0.212182 0.0500
269200 -0.716597 0.206995 0.0500
269400 -0.731038 0.207162 0.0500
269600 -0.722079 0.205249 0.0500
269800 -0.749685 0.207567 0.0500
270000 -0.733533 0.204277 0.0500
270200 -0.743492 0.204500 0.0500
270400 -0.749846 0.204429 0.0500
270600 -0.751572 0.203658 0.0500
270800 -0.727988 0.199794 0.0500
271000 -0.715323 0.198424 0.0500
271200 -0.759666 0.202532 0.0500
271400 -0.705239 0.197169 0.0500
271600 -0.706424 0.196109 0.0500
271800 -0.701760 0.195470 0.0500
272000 -0.697195 0.194935 0.0500
272200 -0.663387 0.199831 0.0500
272400 -0.637077 0.205705 0.0500
272600 -0.634913 0.205277 0.0500
272800 -0.584100 0.223359 0.0500
273000 -0.593418 0.218052 0.0500
273200 -0.547197 0.241299 0.0500
273400 -0.530467 0.251654 0.0500
273600 -0.533530 0.247791 0.0500
273800 -0.491797 0.278709 0.0500
274000 -0.500539 0.270049 0.0500
274200 -0.456820 0.300634 0.0500
274400 -0.476080 0.284503 0.0500
274600 -0.442799 0.307740 0.0500
274800 -0.488002 0.272639 0.0500
275000 -0.458778 0.290986 0.0500
275200 -0.456344 0.290662 0.0500
275400 -0.519422 0.247885 0.0500
275600 -0.486073 0.267309 0.0500
275800 -0.505870 0.253124 0.0500
276000 -0.510548 0.248676 0.0500
276200 -0.504643 0.250671 0.0500
276400 -0.547072 0.227209 0.0500
276600 -0.570686 0.217733 0.0500
276800 -0.561212 0.219513 0.0500
277000 -0.597647 0.208563 0.0500
277200 -0.580745 0.211549 0.0500
277400 -0.636841 0.198955 0.0500
277600 -0.615336 0.201875 0.0500
277800 -0.639767 0.196577 0.0500
278000 -0.679744 0.191247 0.0500
278200 -0.648819 0.193544 0.0500
278400 -0.704138 0.189154 0.0500
278600 -0.711180 0.188593 0.0500
278800 -0.744626 0.193247 0.0500
279000 -0.752060 0.194338 0.0500
279200 -0.755225 0.194310 0.0500
279400 -0.791819 0.204822 0.0500
279600 -0.783193 0.201246 0.0500
279800 -0.812555 0.207534 0.0500
280000 -0.808537 0.205689 0.0500
280200 -0.816347 0.206012 0.0500
280400 -0.813579 0.204478 0.0500
280600 -0.810139 0.202810 0.0500
280800 -0.805132 0.200815 0.0500
281000 -0.787737 0.196022 0.0500
281200 -0.783926 0.194160 0.0500
281400 -0.781297 0.192593 0.0500
281600 -0.771741 0.189490 0.0500
281800 -0.773323 0.188928 0.0500
282000 -0.743620 0.183037 0.0500
282200 -0.759782 0.184490 0.0500
282400 -0.764241 0.184477 0.0500
282600 -0.717959 0.180307 0.0500
282800 -0.744486 0.179960 0.0500
283000 -0.724969 0.178440 0.0500
283200 -0.684593 0.182656 0.0500
283400 -0.701705 0.178969 0.0500
283600 -0.672824 0.183426 0.0500
283800 -0.667432 0.183740 0.0500
284000 -0.624015 0.193933 0.0500
284200 -0.609699 0.197177 0.0500
284400 -0.617926 0.193770 0.0500
284600 -0.576295 0.206567 0.0500
284800 -0.560845 0.211857 0.0500
285000 -0.543235 0.219463 0.0500
285200 -0.511630 0.238404 0.0500
285400 -0.488501 0.254104 0.0500
285600 -0.454385 0.280907 0.0500
285800 -0.462996 0.271197 0.0500
286000 -0.467700 0.265400 0.0500
286200 -0.461056 0.269202 0.0500
286400 -0.431989 0.297764 0.0500
286600 -0.401001 0.342665 0.0500
286800 -0.363929 0.416521 0.0500
287000 -0.410395 0.321603 0.0500
287200 -0.329082 0.502352 0.0500
287400 -0.291220 0.621892 0.0500
287600 -0.278190 0.662694 0.0500
287800 -0.226007 0.896208 0.0500
288000 -0.215673 0.926469 0.0500
288200 -0.215336 0.906497 0.0500
288400 -0.154614 1.119018 0.0500
288600 -0.225987 0.828544 0.0500
288800 -0.134705 1.123291 0.0500
289000 -0.217624 0.840296 0.0500
289200 -0.157701 1.033156 0.0500
289400 -0.219092 0.806770 0.0500
289600 -0.208055 0.829878 0.0500
289800 -0.224119 0.757415 0.0500
290000 -0.267028 0.622918 0.0500
290200 -0.233210 0.705399 0.0500
290400 -0.243443 0.663002 0.0500
290600 -0.292378 0.544512 0.0500
290800 -0.260936 0.601865 0.0500
291000 -0.325384 0.470145 0.0500
291200 -0.282151 0.544717 0.0500
291400 -0.303864 0.497752 0.0500
291600 -0.301994 0.494745 0.0500
291800 -0.282183 0.524880 0.0500
292000 -0.292563 0.498670 0.0500
292200 -0.306235 0.469875 0.0500
292400 -0.271639 0.528564 0.0500
292600 -0.232434 0.639064 0.0500
292800 -0.227285 0.648505 0.0500
293000 -0.214815 0.689341 0.0500
293200 -0.181335 0.833654 0.0500
293400 -0.185921 0.794692 0.0500
293600 -0.151446 0.934261 0.0500
293800 -0.164870 0.855693 0.0500
294000 -0.130602 0.976522 0.0500
294200 -0.137030 0.928520 0.0500
294400 -0.129233 0.935582 0.0500
294600 -0.152445 0.832128 0.0500
294800 -0.151385 0.818285 0.0500
295000 -0.165880 0.755382 0.0500
295200 -0.181148 0.696902 0.0500
295400 -0.244166 0.538554 0.0500
295600 -0.269711 0.490911 0.0500
295800 -0.333786 0.416050 0.0500
296000 -0.311746 0.434548 0.0500
296200 -0.369739 0.366106 0.0500
296400 -0.346503 0.390659 0.0500
296600 -0.381062 0.345417 0.0500
296800 -0.365916 0.361113 0.0500
297000 -0.362361 0.362096 0.0500
297200 -0.341717 0.383189 0.0500
297400 -0.352820 0.366604 0.0500
297600 -0.310068 0.414522 0.0500
297800 -0.339491 0.375307 0.0500
298000 -0.300715 0.419349 0.0500
298200 -0.271422 0.459872 0.0500
298400 -0.264267 0.467272 0.0500
298600 -0.223303 0.553661 0.0500
298800 -0.202512 0.603106 0.0500
299000 -0.182932 0.652477 0.0500
299200 -0.157115 0.728672 0.0500
299400 -0.122590 0.859050 0.0500
299600 -0.119969 0.852429 0.0500
299800 -0.088714 0.979816 0.0500
300000 -0.120158 0.816462 0.0500
300200 -0.079734 0.979916 0.0500
300400 -0.105275 0.845229 0.0500
300600 -0.097726 0.859081 0.0500
300800 -0.110575 0.788992 0.0500
301000 -0.091441 0.851381 0.0500
301200 -0.113810 0.746769 0.0500
301400 -0.132217 0.680258 0.0500
301600 -0.177260 0.592608 0.0500
301800 -0.222633 0.514178 0.0500
302000 -0.220344 0.511273 0.0500
302200 -0.273207 0.429732 0.0500
302400 -0.295207 0.402054 0.0500
302600 -0.336963 0.362452 0.0500
302800 -0.362481 0.338759 0.0500
303000 -0.383026 0.318958 0.0500
303200 -0.416954 0.288624 0.0500
303400 -0.394341 0.304944 0.0500
303600 -0.439940 0.268729 0.0500
303800 -0.406284 0.291211 0.0500
304000 -0.394755 0.298715 0.0500
304200 -0.396698 0.294805 0.0500
304400 -0.382827 0.304705 0.0500
304600 -0.363664 0.320208 0.0500
304800 -0.350243 0.330742 0.0500
305000 -0.318735 0.361045 0.0500
305200 -0.327616 0.348216 0.0500
305400 -0.304947 0.370304 0.0500
305600 -0.274482 0.406215 0.0500
305800 -0.233938 0.468716 0.0500
306000 -0.220223 0.488724 0.0500
306200 -0.239961 0.447207 0.0500
306400 -0.170588 0.571946 0.0500
306600 -0.237305 0.444011 0.0500
306800 -0.197212 0.511217 0.0500
307000 -0.225051 0.454700 0.0500
307200 -0.239421 0.426929 0.0500
307400 -0.217639 0.457626 0.0500
307600 -0.257316 0.395616 0.0500
307800 -0.279519 0.370674 0.0500
308000 -0.295553 0.354926 0.0500
308200 -0.306794 0.343932 0.0500
308400 -0.359265 0.307392 0.0500
308600 -0.350391 0.310657 0.0500
308800 -0.406625 0.274830 0.0500
309000 -0.405689 0.273416 0.0500
309200 -0.437201 0.257178 0.0500
309400 -0.463984 0.246438 0.0500
309600 -0.431369 0.256493 0.0500
309800 -0.466494 0.242855 0.0500
310000 -0.438124 0.250805 0.0500
310200 -0.462866 0.241088 0.0500
310400 -0.467829 0.238220 0.0500
310600 -0.416693 0.257216 0.0500
310800 -0.468921 0.235587 0.0500
311000 -0.420082 0.252710 0.0500
311200 -0.393907 0.268244 0.0500
311400 -0.424894 0.247118 0.0500
311600 -0.372590 0.281873 0.0500
311800 -0.382554 0.271888 0.0500
312000 -0.348991 0.297873 0.0500
312200 -0.356562 0.289222 0.0500
312400 -0.338940 0.302147 0.0500
312600 -0.331650 0.306189 0.0500
312800 -0.321710 0.312624 0.0500
313000 -0.299623 0.330739 0.0500
313200 -0.283680 0.344178 0.0500
313400 -0.257804 0.372528 0.0500
313600 -0.249879 0.380436 0.0500
313800 -0.241518 0.389960 0.0500
314000 -0.237943 0.392119 0.0500
314200 -0.185855 0.499254 0.0500
314400 -0.219879 0.418141 0.0500
314600 -0.173093 0.519469 0.0500
314800 -0.182143 0.491222 0.0500
315000 -0.181698 0.486155 0.0500
315200 -0.181305 0.481081 0.0500
315400 -0.171288 0.498597 0.0500
315600 -0.172001 0.490627 0.0500
315800 -0.115923 0.664781 0.0500
316000 -0.125268 0.615844 0.0500
316200 -0.074751 0.853926 0.0500
316400 -0.083340 0.788919 0.0500
316600 -0.029235 1.049664 0.0500
316800 -0.048550 0.936883 0.0500
317000 -0.027696 1.005858 0.0500
317200 -0.028119 0.978831 0.0500
317400 -0.050502 0.865333 0.0500
317600 -0.027911 0.936780 0.0500
317800 -0.039315 0.871299 0.0500
318000 -0.049823 0.813292 0.0500
318200 -0.054431 0.780249 0.0500
318400 -0.055888 0.759911 0.0500
318600 -0.054992 0.748399 0.0500
318800 -0.056055 0.730782 0.0500
319000 -0.107925 0.584636 0.0500
319200 -0.093521 0.607425 0.0500
319400 -0.136238 0.517147 0.0500
319600 -0.149832 0.489457 0.0500
319800 -0.134262 0.507528 0.0500
320000 -0.190781 0.422926 0.0500
320200 -0.173704 0.440837 0.0500
320400 -0.205355 0.396048 0.0500
320600 -0.218997 0.376513 0.0500
320800 -0.247978 0.346189 0.0500
321000 -0.266481 0.330604 0.0500
321200 -0.308669 0.305239 0.0500
321400 -0.332226 0.289982 0.0500
321600 -0.336863 0.285252 0.0500
321800 -0.351307 0.275199 0.0500
322000 -0.335427 0.282110 0.0500
322200 -0.350248 0.271986 0.0500
322400 -0.323691 0.285109 0.0500
322600 -0.347262 0.269945 0.0500
322800 -0.335436 0.274452 0.0500
323000 -0.280474 0.308814 0.0500
323200 -0.308878 0.286967 0.0500
323400 -0.282649 0.302884 0.0500
323600 -0.278086 0.303970 0.0500
323800 -0.253670 0.322380 0.0500
324000 -0.181643 0.413389 0.0500
324200 -0.205367 0.374837 0.0500
324400 -0.204133 0.372979 0.0500
324600 -0.124045 0.504579 0.0500
324800 -0.160025 0.432506 0.0500
325000 -0.134877 0.471821 0.0500
325200 -0.093322 0.564630 0.0500
325400 -0.085303 0.579900 0.0500
325600 -0.043636 0.724091 0.0500
325800 -0.006468 0.891440 0.0500
326000 -0.034628 0.736798 0.0500
326200 -0.021738 0.781773 0.0500
326400 0.023547 0.993538 0.0500
326600 0.016527 0.935803 0.0500
326800 0.014683 0.905179 0.0500
327000 0.045442 1.018597 0.0500
327200 0.003027 0.816665 0.0500
327400 0.054478 1.013362 0.0500
327600 0.012064 0.822516 0.0500
327800 0.057946 0.986475 0.0500
328000 0.020825 0.823703 0.0500
328200 -0.027864 0.659180 0.0500
328400 -0.041025 0.618027 0.0500
328600 -0.070494 0.552950 0.0500
328800 -0.084861 0.521754 0.0500
329000 -0.062536 0.552359 0.0500
329200 -0.150456 0.424057 0.0500
329400 -0.125524 0.449313 0.0500
329600 -0.174175 0.390307 0.0500
329800 -0.159980 0.401291 0.0500
330000 -0.156611 0.400803 0.0500
330200 -0.197934 0.356868 0.0500
330400 -0.168141 0.382021 0.0500
330600 -0.199015 0.349855 0.0500
330800 -0.191065 0.353659 0.0500
331000 -0.187522 0.353652 0.0500
331200 -0.203718 0.336962 0.0500
331400 -0.145755 0.394410 0.0500
331600 -0.174214 0.357468 0.0500
331800 -0.163877 0.365034 0.0500
332000 -0.134420 0.400739 0.0500
332200 -0.149208 0.375766 0.0500
332400 -0.097512 0.459280 0.0500
332600 -0.114133 0.422813 0.0500
332800 -0.101252 0.442092 0.0500
333000 -0.040407 0.574897 0.0500
333200 -0.049542 0.543009 0.0500
333400 -0.014621 0.637490 0.0500
333600 0.025189 0.784927 0.0500
333800 0.030022 0.790497 0.0500
334000 0.078481 0.991276 0.0500
334200 0.046114 0.829289 0.0500
334400 0.035955 0.770709 0.0500
334600 0.043478 0.785733 0.0500
334800 0.082009 0.938707 0.0500
335000 0.076858 0.894014 0.0500
335200 0.047276 0.756428 0.0500
335400 0.036860 0.707264 0.0500
335600 0.078486 0.856129 0.0500
335800 0.045245 0.709560 0.0500
336000 0.061342 0.753359 0.0500
336200 0.057134 0.723526 0.0500
336400 -0.000482 0.578619 0.0500
336600 -0.021067 0.541340 0.0500
336800 0.000165 0.564008 0.0500
337000 -0.082835 0.450467 0.0500
337200 -0.042425 0.497284 0.0500
337400 -0.112647 0.402091 0.0500
337600 -0.100745 0.413634 0.0500
337800 -0.142189 0.361217 0.0500
338000 -0.153551 0.348216 0.0500
338200 -0.152608 0.345883 0.0500
338400 -0.175008 0.328738 0.0500
338600 -0.242364 0.303211 0.0500
338800 -0.220054 0.307680 0.0500
339000 -0.272182 0.289917 0.0500
339200 -0.252041 0.294004 0.0500
339400 -0.280465 0.283261 0.0500
339600 -0.284661 0.279916 0.0500
339800 -0.286414 0.277385 0.0500
340000 -0.296440 0.272362 0.0500
340200 -0.274225 0.277533 0.0500
340400 -0.292599 0.269865 0.0500
340600 -0.266590 0.276534 0.0500
340800 -0.278461 0.270540 0.0500
341000 -0.260810 0.274990 0.0500
341200 -0.246655 0.279185 0.0500
341400 -0.222780 0.289574 0.0500
341600 -0.228558 0.284292 0.0500
341800 -0.197167 0.300886 0.0500
342000 -0.204778 0.293828 0.0500
342200 -0.196554 0.296793 0.0500
342400 -0.170074 0.313962 0.0500
342600 -0.194524 0.293790 0.0500
342800 -0.209758 0.282897 0.0500
343000 -0.192602 0.290840 0.0500
343200 -0.222012 0.273333 0.0500
343400 -0.212193 0.275836 0.0500
343600 -0.168518 0.304468 0.0500
343800 -0.197019 0.280450 0.0500
344000 -0.203775 0.274679 0.0500
344200 -0.175217 0.292486 0.0500
344400 -0.171747 0.293423 0.0500
344600 -0.133983 0.337321 0.0500
344800 -0.104788 0.382763 0.0500
345000 -0.096781 0.392994 0.0500
345200 -0.080801 0.416616 0.0500
345400 -0.061021 0.445089 0.0500
345600 -0.067594 0.429456 0.0500
345800 -0.050739 0.451935 0.0500
346000 -0.052545 0.443886 0.0500
346200 -0.036546 0.464940 0.0500
346400 -0.065669 0.414465 0.0500
346600 -0.048997 0.435120 0.0500
346800 -0.056443 0.419080 0.0500
347000 -0.081437 0.380969 0.0500
347200 -0.066528 0.396764 0.0500
347400 -0.095492 0.357109 0.0500
347600 -0.089780 0.360455 0.0500
347800 -0.061805 0.393342 0.0500
348000 -0.096768 0.346533 0.0500
348200 -0.062504 0.385725 0.0500
348400 -0.045695 0.408979 0.0500
348600 -0.100588 0.335131 0.0500
348800 -0.100199 0.332649 0.0500
349000 -0.099201 0.330772 0.0500
349200 -0.135176 0.299868 0.0500
349400 -0.120870 0.307774 0.0500
349600 -0.171605 0.275787 0.0500
349800 -0.171419 0.273942 0.0500
350000 -0.198556 0.262700 0.0500
350200 -0.230293 0.255657 0.0500
350400 -0.234342 0.253717 0.0500
350600 -0.303707 0.254307 0.0500
350800 -0.286078 0.252057 0.0500
351000 -0.341771 0.251140 0.0500
351200 -0.331927 0.249867 0.0500
351400 -0.376700 0.245239 0.0500
351600 -0.362436 0.245311 0.0500
351800 -0.372366 0.242771 0.0500
352000 -0.393994 0.238477 0.0500
352200 -0.367588 0.240524 0.0500
352400 -0.379071 0.237679 0.0500
352600 -0.351259 0.239673 0.0500
352800 -0.358802 0.237303 0.0500
353000 -0.342263 0.238001 0.0500
353200 -0.315389 0.240662 0.0500
353400 -0.327064 0.237405 0.0500
353600 -0.270572 0.244367 0.0500
353800 -0.293298 0.239968 0.0500
354000 -0.272246 0.241304 0.0500
354200 -0.282293 0.238551 0.0500
354400 -0.278274 0.237618 0.0500
354600 -0.287941 0.235017 0.0500
354800 -0.256753 0.238169 0.0500
355000 -0.271521 0.234383 0.0500
355200 -0.269327 0.233298 0.0500
355400 -0.278501 0.230765 0.0500
355600 -0.292022 0.228274 0.0500
355800 -0.285481 0.227435 0.0500
356000 -0.316573 0.225324 0.0500
356200 -0.311034 0.223953 0.0500
356400 -0.332724 0.223613 0.0500
356600 -0.320469 0.221677 0.0500
356800 -0.319570 0.220404 0.0500
357000 -0.366471 0.224094 0.0500
357200 -0.348304 0.220457 0.0500
357400 -0.371805 0.222411 0.0500
357600 -0.371268 0.221082 0.0500
357800 -0.395384 0.223057 0.0500
358000 -0.390814 0.221243 0.0500
358200 -0.413866 0.222661 0.0500
358400 -0.419191 0.221969 0.0500
358600 -0.419582 0.220762 0.0500
358800 -0.441005 0.221927 0.0500
359000 -0.418411 0.218290 0.0500
359200 -0.439974 0.219448 0.0500
359400 -0.400451 0.214779 0.0500
359600 -0.429875 0.216070 0.0500
359800 -0.418212 0.213717 0.0500
360000 -0.406572 0.211797 0.0500
360200 -0.408118 0.210738 0.0500
360400 -0.401339 0.209332 0.0500
360600 -0.405751 0.208390 0.0500
360800 -0.367171 0.207923 0.0500
361000 -0.381298 0.206189 0.0500
361200 -0.362533 0.206123 0.0500
361400 -0.352176 0.205987 0.0500
361600 -0.360688 0.204137 0.0500
361800 -0.333295 0.206444 0.0500
362000 -0.339501 0.204409 0.0500
362200 -0.304629 0.210448 0.0500
362400 -0.302543 0.209867 0.0500
362600 -0.291661 0.211803 0.0500
362800 -0.278665 0.214840 0.0500
363000 -0.276044 0.214582 0.0500
363200 -0.234597 0.231260 0.0500
363400 -0.223255 0.235669 0.0500
363600 -0.224691 0.233520 0.0500
363800 -0.202269 0.244381 0.0500
364000 -0.189127 0.250664 0.0500
364200 -0.137849 0.285344 0.0500
364400 -0.125199 0.293945 0.0500
364600 -0.130963 0.286838 0.0500
364800 -0.108585 0.305243 0.0500
365000 -0.089469 0.324102 0.0500
365200 -0.052658 0.377901 0.0500
365400 -0.038316 0.403236 0.0500
365600 -0.046900 0.381521 0.0500
365800 0.029473 0.580879 0.0500
366000 0.018695 0.538547 0.0500
366200 0.068571 0.721923 0.0500
366400 0.135799 1.054942 0.0500
366600 0.101703 0.866027 0.0500
366800 0.152336 1.070570 0.0500
367000 0.142494 1.008597 0.0500
367200 0.125945 0.920947 0.0500
367400 0.152426 0.995787 0.0500
367600 0.117730 0.849992 0.0500
367800 0.129628 0.874715 0.0500
368000 0.092168 0.726514 0.0500
368200 0.084829 0.689424 0.0500
368400 0.117338 0.788308 0.0500
368600 0.066832 0.616891 0.0500
368800 0.068095 0.610519 0.0500
369000 0.067613 0.599903 0.0500
369200 0.022676 0.500587 0.0500
369400 0.079544 0.618419 0.0500
369600 0.056185 0.550803 0.0500
369800 0.048246 0.527426 0.0500
370000 0.036428 0.500104 0.0500
370200 0.072899 0.570225 0.0500
370400 0.112817 0.703034 0.0500
370600 0.123065 0.734803 0.0500
370800 0.100478 0.631053 0.0500
371000 0.171941 0.946459 0.0500
371200 0.142402 0.785083 0.0500
371400 0.193150 1.004901 0.0500
371600 0.204249 1.023348 0.0500
371800 0.190142 0.943172 0.0500
372000 0.225418 1.047624 0.0500
372200 0.190394 0.902802 0.0500
372400 0.231729 1.022362 0.0500
372600 0.168231 0.797623 0.0500
372800 0.194801 0.864591 0.0500
373000 0.161370 0.747819 0.0500
373200 0.155829 0.719007 0.0500
373400 0.138204 0.662508 0.0500
373600 0.131081 0.635108 0.0500
373800 0.111024 0.582965 0.0500
374000 0.127109 0.607623 0.0500
374200 0.099272 0.545274 0.0500
374400 0.062681 0.490288 0.0500
374600 0.052466 0.475208 0.0500
374800 0.057525 0.473750 0.0500
375000 0.041932 0.456444 0.0500
375200 0.022617 0.439576 0.0500
375400 0.023670 0.435329 0.0500
375600 0.007606 0.420154 0.0500
375800 0.016355 0.421613 0.0500
376000 -0.029157 0.377659 0.0500
376200 0.005524 0.406774 0.0500
376400 -0.035423 0.364321 0.0500
376600 -0.011625 0.385217 0.0500
376800 -0.014282 0.378975 0.0500
377000 -0.017852 0.371963 0.0500
377200 -0.004389 0.380837 0.0500
377400 0.015266 0.394037 0.0500
377600 0.016743 0.391360 0.0500
377800 0.044721 0.414822 0.0500
378000 0.043407 0.408959 0.0500
378200 0.087573 0.477316 0.0500
378400 0.107316 0.517162 0.0500
378600 0.096832 0.485771 0.0500
378800 0.145500 0.611770 0.0500
379000 0.183502 0.738951 0.0500
379200 0.230106 0.928011 0.0500
379400 0.226508 0.890809 0.0500
379600 0.280725 1.082388 0.0500
379800 0.262645 0.994257 0.0500
380000 0.296447 1.073447 0.0500
380200 0.253691 0.920765 0.0500
380400 0.276931 0.970581 0.0500
380600 0.251003 0.872169 0.0500
380800 0.274714 0.921975 0.0500
381000 0.265982 0.875345 0.0500
381200 0.263359 0.848972 0.0500
381400 0.237321 0.772246 0.0500
381600 0.241608 0.765680 0.0500
381800 0.235120 0.738659 0.0500
382000 0.209750 0.686033 0.0500
382200 0.229397 0.703753 0.0500
382400 0.181820 0.627273 0.0500
382600 0.193350 0.632632 0.0500
382800 0.183664 0.610150 0.0500
383000 0.176605 0.591746 0.0500
383200 0.169429 0.573790 0.0500
383400 0.166079 0.561262 0.0500
383600 0.193413 0.589473 0.0500
383800 0.161539 0.541033 0.0500
384000 0.156228 0.527747 0.0500
384200 0.173155 0.540226 0.0500
384400 0.174191 0.534133 0.0500
384600 0.177837 0.531511 0.0500
384800 0.175446 0.521396 0.0500
385000 0.143823 0.485433 0.0500
385200 0.149046 0.483414 0.0500
385400 0.139193 0.470432 0.0500
385600 0.150981 0.473479 0.0500
385800 0.102788 0.436660 0.0500
386000 0.128175 0.448340 0.0500
386200 0.095697 0.422763 0.0500
386400 0.106626 0.425536 0.0500
386600 0.085072 0.406868 0.0500
386800 0.086315 0.403491 0.0500
387000 0.083742 0.397728 0.0500
387200 0.071108 0.386347 0.0500
387400 0.073337 0.383778 0.0500
387600 0.063234 0.375102 0.0500
387800 0.061103 0.370659 0.0500
388000 0.046182 0.362724 0.0500
388200 0.073086 0.369988 0.0500
388400 0.030027 0.354949 0.0500
388600 0.022374 0.351560 0.0500
388800 0.025696 0.348509 0.0500
389000 -0.009406 0.343174 0.0500
389200 0.010505 0.342422 0.0500
389400 -0.014394 0.336498 0.0500
389600 -0.008083 0.334837 0.0500
389800 -0.001451 0.332965 0.0500
390000 0.016125 0.332112 0.0500
390200 -0.007308 0.326864 0.0500
390400 0.033011 0.330211 0.0500
390600 0.013053 0.323960 0.0500
390800 0.019091 0.322031 0.0500
391000 0.039034 0.324537 0.0500
391200 0.031126 0.319261 0.0500
391400 0.056446 0.329132 0.0500
391600 0.065799 0.334042 0.0500
391800 0.082043 0.348093 0.0500
392000 0.135828 0.415756 0.0500
392200 0.126693 0.399096 0.0500
392400 0.142786 0.417004 0.0500
392600 0.161125 0.440824 0.0500
392800 0.234443 0.622779 0.0500
393000 0.271898 0.762183 0.0500
393200 0.315959 0.961729 0.0500
393400 0.308765 0.904564 0.0500
393600 0.348535 1.054634 0.0500
393800 0.356165 1.052233 0.0500
394000 0.355306 1.021790 0.0500
394200 0.381757 1.069588 0.0500
394400 0.386105 1.051462 0.0500
394600 0.392797 1.039364 0.0500
394800 0.358430 0.938811 0.0500
395000 0.363792 0.927642 0.0500
395200 0.326512 0.835075 0.0500
395400 0.315779 0.795626 0.0500
395600 0.298217 0.741675 0.0500
395800 0.306322 0.745639 0.0500
396000 0.250946 0.612858 0.0500
396200 0.321139 0.758999 0.0500
396400 0.269884 0.636955 0.0500
396600 0.331327 0.761915 0.0500
396800 0.266471 0.614843 0.0500
397000 0.308918 0.689396 0.0500
397200 0.274743 0.611783 0.0500
397400 0.317862 0.690097 0.0500
397600 0.283978 0.609919 0.0500
397800 0.334285 0.713966 0.0500
398000 0.370261 0.823588 0.0500
398200 0.400475 0.931202 0.0500
398400 0.369844 0.789301 0.0500
398600 0.432702 1.029843 0.0500
398800 0.401295 0.878859 0.0500
399000 0.439322 1.010390 0.0500
399200 0.426080 0.935290 0.0500
399400 0.457045 1.025697 0.0500
399600 0.429237 0.904588 0.0500
399800 0.453569 0.967753 0.0500
400000 0.434565 0.881551 0.0500
400200 0.415550 0.807703 0.0500
400400 0.395411 0.745641 0.0500
400600 0.377135 0.699970 0.0500
400800 0.330539 0.631699 0.0500
401000 0.350720 0.644056 0.0500
401200 0.298926 0.584679 0.0500
401400 0.295285 0.573173 0.0500
401600 0.263240 0.543410 0.0500
401800 0.246237 0.525079 0.0500
402000 0.222094 0.499138 0.0500
402200 0.227945 0.498035 0.0500
402400 0.188238 0.451882 0.0500
402600 0.198913 0.458531 0.0500
402800 0.162063 0.414349 0.0500
403000 0.203135 0.454323 0.0500
403200 0.168678 0.412851 0.0500
403400 0.188764 0.429208 0.0500
403600 0.203061 0.440683 0.0500
403800 0.196694 0.428584 0.0500
404000 0.244787 0.481286 0.0500
404200 0.234872 0.463691 0.0500
404400 0.264737 0.494678 0.0500
404600 0.287845 0.519645 0.0500
404800 0.303093 0.535223 0.0500
405000 0.311711 0.541264 0.0500
405200 0.293196 0.507030 0.0500
405400 0.293141 0.500466 0.0500
405600 0.316902 0.529809 0.0500
405800 0.261964 0.457651 0.0500
406000 0.241242 0.438128 0.0500
406200 0.256591 0.443640 0.0500
406400 0.220578 0.416998 0.0500
406600 0.236704 0.421728 0.0500
406800 0.162983 0.382343 0.0500
407000 0.193524 0.392101 0.0500
407200 0.179020 0.381618 0.0500
407400 0.171799 0.375115 0.0500
407600 0.166219 0.369632 0.0500
407800 0.162352 0.364980 0.0500
408000 0.175642 0.366291 0.0500
408200 0.149477 0.355456 0.0500
408400 0.138215 0.350272 0.0500
408600 0.166517 0.353848 0.0500
408800 0.155721 0.347542 0.0500
409000 0.179737 0.353769 0.0500
409200 0.165603 0.344351 0.0500
409400 0.151103 0.338072 0.0500
409600 0.172156 0.341171 0.0500
409800 0.201259 0.358791 0.0500
410000 0.198080 0.352693 0.0500
410200 0.154922 0.329040 0.0500
410400 0.188971 0.340068 0.0500
410600 0.244474 0.397058 0.0500
410800 0.243659 0.392057 0.0500
411000 0.272439 0.427063 0.0500
411200 0.269326 0.417898 0.0500
411400 0.265846 0.408609 0.0500
411600 0.334015 0.536492 0.0500
411800 0.351285 0.570789 0.0500
412000 0.339865 0.535456 0.0500
412200 0.416073 0.743232 0.0500
412400 0.435567 0.802115 0.0500
412600 0.421152 0.732785 0.0500
412800 0.461531 0.884278 0.0500
413000 0.457808 0.848005 0.0500
413200 0.502514 1.030031 0.0500
413400 0.495612 0.975512 0.0500
413600 0.493124 0.941546 0.0500
413800 0.495649 0.929295 0.0500
414000 0.501300 0.929503 0.0500
414200 0.476163 0.817009 0.0500
414400 0.497068 0.875045 0.0500
414600 0.502156 0.875093 0.0500
414800 0.500626 0.850120 0.0500
415000 0.479833 0.764517 0.0500
415200 0.493492 0.791949 0.0500
415400 0.511208 0.842409 0.0500
415600 0.538501 0.945317 0.0500
415800 0.533989 0.902684 0.0500
416000 0.551730 0.960873 0.0500
416200 0.538202 0.879752 0.0500
416400 0.590020 1.070793 0.0500
416600 0.559245 0.929027 0.0500
416800 0.591781 1.027848 0.0500
417000 0.576318 0.948767 0.0500
417200 0.592752 0.981827 0.0500
417400 0.598506 0.976281 0.0500
417600 0.579864 0.894940 0.0500
417800 0.578294 0.870249 0.0500
418000 0.587654 0.878829 0.0500
418200 0.564519 0.798497 0.0500
418400 0.549306 0.751961 0.0500
418600 0.511781 0.688538 0.0500
418800 0.469712 0.650912 0.0500
419000 0.480506 0.644903 0.0500
419200 0.436276 0.622712 0.0500
419400 0.423925 0.609539 0.0500
419600 0.385670 0.577709 0.0500
419800 0.388309 0.571664 0.0500
420000 0.345747 0.513683 0.0500
420200 0.366121 0.534233 0.0500
420400 0.338367 0.490538 0.0500
420600 0.366580 0.522004 0.0500
420800 0.332161 0.470929 0.0500
421000 0.373015 0.518533 0.0500
421200 0.353417 0.487102 0.0500
421400 0.424574 0.567319 0.0500
421600 0.407276 0.541210 0.0500
421800 0.412494 0.539392 0.0500
422000 0.408441 0.527806 0.0500
422200 0.431238 0.545045 0.0500
422400 0.431374 0.537695 0.0500
422600 0.439342 0.539148 0.0500
422800 0.402053 0.497270 0.0500
423000 0.435036 0.521776 0.0500
423200 0.452495 0.536573 0.0500
423400 0.422411 0.496351 0.0500
423600 0.425975 0.493231 0.0500
423800 0.410530 0.475606 0.0500
424000 0.407508 0.468159 0.0500
424200 0.389819 0.455548 0.0500
424400 0.362284 0.444806 0.0500
424600 0.382962 0.443970 0.0500
424800 0.347223 0.432703 0.0500
425000 0.346454 0.427810 0.0500
425200 0.330807 0.419320 0.0500
425400 0.320900 0.411721 0.0500
425600 0.305093 0.401452 0.0500
425800 0.321904 0.403865 0.0500
426000 0.295886 0.389978 0.0500
426200 0.307997 0.390859 0.0500
426400 0.286012 0.378827 0.0500
426600 0.325715 0.391334 0.0500
426800 0.308509 0.380258 0.0500
427000 0.316225 0.379707 0.0500
427200 0.330655 0.382764 0.0500
427400 0.324347 0.376030 0.0500
427600 0.359543 0.393155 0.0500
427800 0.333543 0.373703 0.0500
428000 0.353035 0.381497 0.0500
428200 0.395239 0.414286 0.0500
428400 0.371695 0.388171 0.0500
428600 0.402397 0.414519 0.0500
428800 0.401074 0.408624 0.0500
429000 0.394969 0.397719 0.0500
429200 0.459359 0.501289 0.0500
429400 0.426456 0.431694 0.0500
429600 0.472361 0.520742 0.0500
429800 0.515745 0.621592 0.0500
430000 0.510109 0.597966 0.0500
430200 0.574712 0.768017 0.0500
430400 0.607009 0.878102 0.0500
430600 0.608687 0.865855 0.0500
430800 0.648373 1.020996 0.0500
431000 0.646710 0.988137 0.0500
431200 0.668483 1.044319 0.0500
431400 0.688328 1.076419 0.0500
431600 0.666386 0.985235 0.0500
431800 0.673431 0.981572 0.0500
432000 0.645999 0.880222 0.0500
432200 0.628506 0.814817 0.0500
432400 0.599561 0.734053 0.0500
432600 0.546632 0.637753 0.0500
432800 0.553155 0.636999 0.0500
433000 0.530537 0.594385 0.0500
433200 0.501052 0.540301 0.0500
433400 0.489492 0.514170 0.0500
433600 0.476766 0.486988 0.0500
433800 0.476008 0.479801 0.0500
434000 0.478066 0.477207 0.0500
434200 0.440021 0.419830 0.0500
434400 0.460002 0.440623 0.0500
434600 0.461051 0.437169 0.0500
434800 0.494293 0.486117 0.0500
435000 0.488458 0.469852 0.0500
435200 0.514080 0.512271 0.0500
435400 0.537794 0.554586 0.0500
435600 0.561848 0.598867 0.0500
435800 0.560926 0.587793 0.0500
436000 0.585594 0.637156 0.0500
436200 0.574195 0.599537 0.0500
436400 0.663112 0.872847 0.0500
436600 0.634308 0.753953 0.0500
436800 0.669573 0.864191 0.0500
437000 0.641572 0.749406 0.0500
437200 0.682183 0.881334 0.0500
437400 0.656772 0.769825 0.0500
437600 0.644969 0.719512 0.0500
437800 0.608635 0.624651 0.0500
438000 0.659210 0.742421 0.0500
438200 0.587201 0.575602 0.0500
438400 0.571316 0.546973 0.0500
438600 0.543412 0.508007 0.0500
438800 0.526867 0.483476 0.0500
439000 0.515169 0.465011 0.0500
439200 0.479995 0.425042 0.0500
439400 0.463577 0.406965 0.0500
439600 0.422211 0.378980 0.0500
439800 0.400664 0.367922 0.0500
440000 0.345004 0.354429 0.0500
440200 0.330491 0.350161 0.0500
440400 0.310075 0.347461 0.0500
440600 0.293665 0.346373 0.0500
440800 0.265315 0.347826 0.0500
441000 0.245738 0.345337 0.0500
441200 0.244329 0.342208 0.0500
441400 0.230651 0.337137 0.0500
441600 0.216035 0.330258 0.0500
441800 0.220647 0.328910 0.0500
442000 0.228593 0.328365 0.0500
442200 0.245354 0.329114 0.0500
442400 0.236005 0.324692 0.0500
442600 0.242172 0.323190 0.0500
442800 0.244100 0.320881 0.0500
443000 0.278945 0.323760 0.0500
443200 0.285414 0.322223 0.0500
443400 0.298272 0.322293 0.0500
443600 0.299211 0.319890 0.0500
443800 0.314399 0.321731 0.0500
444000 0.342346 0.330780 0.0500
444200 0.326806 0.321217 0.0500
444400 0.373171 0.341552 0.0500
444600 0.348076 0.325804 0.0500
444800 0.410010 0.357363 0.0500
445000 0.398006 0.347136 0.0500
445200 0.405546 0.348420 0.0500
445400 0.465885 0.393827 0.0500
445600 0.423154 0.354219 0.0500
445800 0.483922 0.407706 0.0500
446000 0.459250 0.377225 0.0500
446200 0.462815 0.377046 0.0500
446400 0.513425 0.436160 0.0500
446600 0.448752 0.359309 0.0500
446800 0.494199 0.402991 0.0500
447000 0.509779 0.420270 0.0500
447200 0.525043 0.438547 0.0500
447400 0.514649 0.418278 0.0500
447600 0.545276 0.461762 0.0500
447800 0.523536 0.422371 0.0500
448000 0.559129 0.476143 0.0500
448200 0.534271 0.429421 0.0500
448400 0.538785 0.431624 0.0500
448600 0.536339 0.423208 0.0500
448800 0.498160 0.374085 0.0500
449000 0.541247 0.423366 0.0500
449200 0.488388 0.360552 0.0500
449400 0.481561 0.353016 0.0500
449600 0.495765 0.359488 0.0500
449800 0.482287 0.347209 0.0500
450000 0.459557 0.335099 0.0500
450200 0.449153 0.330010 0.0500
450400 0.393396 0.323425 0.0500
450600 0.395962 0.320980 0.0500
450800 0.351676 0.312834 0.0500
451000 0.349602 0.310006 0.0500
451200 0.299080 0.303509 0.0500
451400 0.278061 0.302978 0.0500
451600 0.246880 0.305100 0.0500
451800 0.218859 0.304926 0.0500
452000 0.212196 0.302751 0.0500
452200 0.160086 0.308578 0.0500
452400 0.187395 0.299916 0.0500
452600 0.127845 0.317757 0.0500
452800 0.163886 0.300930 0.0500
453000 0.121977 0.315466 0.0500
453200 0.140455 0.305671 0.0500
453400 0.126667 0.308985 0.0500
453600 0.130774 0.304969 0.0500
453800 0.142510 0.297935 0.0500
454000 0.122194 0.303720 0.0500
454200 0.169119 0.287089 0.0500
454400 0.226451 0.292643 0.0500
454600 0.196780 0.284965 0.0500
454800 0.244883 0.291450 0.0500
455000 0.247017 0.289524 0.0500
455200 0.300566 0.292886 0.0500
455400 0.302770 0.291074 0.0500
455600 0.308289 0.289929 0.0500
455800 0.336644 0.295428 0.0500
456000 0.354287 0.299282 0.0500
456200 0.344951 0.293806 0.0500
456400 0.343192 0.291041 0.0500
456600 0.344741 0.289403 0.0500
456800 0.382762 0.301558 0.0500
457000 0.339700 0.284189 0.0500
457200 0.368052 0.291915 0.0500
457400 0.343165 0.281272 0.0500
457600 0.326549 0.275871 0.0500
457800 0.352958 0.280547 0.0500
458000 0.319066 0.271657 0.0500
458200 0.322390 0.269988 0.0500
458400 0.316069 0.267873 0.0500
458600 0.276322 0.272300 0.0500
458800 0.301870 0.265347 0.0500
459000 0.235976 0.277919 0.0500
459200 0.270127 0.268997 0.0500
459400 0.237987 0.274186 0.0500
459600 0.244444 0.271224 0.0500
459800 0.215268 0.272747 0.0500
460000 0.235757 0.269033 0.0500
460200 0.234848 0.267313 0.0500
460400 0.249438 0.263484 0.0500
460600 0.217205 0.265859 0.0500
460800 0.227523 0.262971 0.0500
461000 0.215238 0.262567 0.0500
461200 0.227723 0.259513 0.0500
461400 0.185186 0.264724 0.0500
461600 0.196411 0.260337 0.0500
461800 0.211973 0.256434 0.0500
462000 0.194507 0.257410 0.0500
462200 0.173037 0.262625 0.0500
462400 0.151906 0.272565 0.0500
462600 0.153792 0.269474 0.0500
462800 0.147784 0.271563 0.0500
463000 0.115610 0.291764 0.0500
463200 0.109031 0.293217 0.0500
463400 0.094216 0.296980 0.0500
463600 0.110339 0.288299 0.0500
463800 0.107416 0.287603 0.0500
464000 0.104334 0.286882 0.0500
464200 0.126701 0.273225 0.0500
464400 0.097664 0.285728 0.0500
464600 0.126757 0.269644 0.0500
464800 0.108085 0.277531 0.0500
465000 0.132047 0.263248 0.0500
465200 0.145556 0.254916 0.0500
465400 0.128697 0.261646 0.0500
465600 0.144629 0.252082 0.0500
465800 0.146456 0.249701 0.0500
466000 0.130611 0.255760 0.0500
466200 0.107777 0.266946 0.0500
466400 0.122779 0.256764 0.0500
466600 0.099673 0.267899 0.0500
466800 0.114888 0.257819 0.0500
467000 0.071991 0.277705 0.0500
467200 0.102557 0.261342 0.0500
467400 0.077768 0.271653 0.0500
467600 0.109034 0.254814 0.0500
467800 0.089953 0.262574 0.0500
468000 0.108233 0.251987 0.0500
468200 0.125701 0.242603 0.0500
468400 0.087833 0.259103 0.0500
468600 0.122393 0.241211 0.0500
468800 0.091533 0.254263 0.0500
469000 0.127632 0.236573 0.0500
469200 0.164662 0.230119 0.0500
469400 0.172012 0.229623 0.0500
469600 0.217742 0.240994 0.0500
469800 0.232818 0.243558 0.0500
470000 0.273780 0.248889 0.0500
470200 0.275523 0.247529 0.0500
470400 0.318362 0.254286 0.0500
470600 0.364830 0.275172 0.0500
470800 0.341911 0.260587 0.0500
471000 0.399168 0.293307 0.0500
471200 0.359955 0.267192 0.0500
471400 0.425505 0.304676 0.0500
471600 0.392207 0.283581 0.0500
471800 0.435528 0.305913 0.0500
472000 0.419028 0.294878 0.0500
472200 0.439565 0.303561 0.0500
472400 0.411171 0.286611 0.0500
472600 0.438402 0.298726 0.0500
472800 0.419849 0.286904 0.0500
473000 0.406328 0.278383 0.0500
473200 0.409699 0.277989 0.0500
473400 0.402956 0.272958 0.0500
473600 0.369687 0.257905 0.0500
473800 0.383209 0.261239 0.0500
474000 0.339372 0.246498 0.0500
474200 0.313508 0.241961 0.0500
474400 0.322241 0.241106 0.0500
474600 0.273671 0.239850 0.0500
474800 0.286185 0.237911 0.0500
475000 0.251755 0.237511 0.0500
475200 0.262461 0.236010 0.0500
475400 0.237019 0.234277 0.0500
475600 0.252271 0.233372 0.0500
475800 0.232625 0.231323 0.0500
476000 0.233748 0.230037 0.0500
476200 0.223600 0.227960 0.0500
476400 0.227895 0.226989 0.0500
476600 0.224887 0.225448 0.0500
476800 0.230653 0.224604 0.0500
477000 0.219984 0.222514 0.0500
477200 0.256951 0.224283 0.0500
477400 0.246734 0.222148 0.0500
477600 0.285720 0.225357 0.0500
477800 0.280579 0.223310 0.0500
478000 0.301423 0.225701 0.0500
478200 0.315621 0.227859 0.0500
478400 0.287345 0.220749 0.0500
478600 0.349362 0.237986 0.0500
478800 0.307953 0.222483 0.0500
479000 0.369523 0.245609 0.0500
479200 0.348000 0.233650 0.0500
479400 0.362404 0.239070 0.0500
479600 0.385767 0.250432 0.0500
479800 0.392062 0.252585 0.0500
480000 0.417694 0.267604 0.0500
480200 0.439166 0.281659 0.0500
480400 0.441724 0.281670 0.0500
480600 0.427279 0.268875 0.0500
480800 0.504017 0.344051 0.0500
481000 0.495247 0.329455 0.0500
481200 0.477154 0.306153 0.0500
481400 0.495837 0.325083 0.0500
481600 0.542111 0.398895 0.0500
481800 0.543335 0.397360 0.0500
482000 0.564828 0.440803 0.0500
482200 0.575276 0.461310 0.0500
482400 0.594485 0.506253 0.0500
482600 0.607922 0.537443 0.0500
482800 0.624775 0.580636 0.0500
483000 0.635490 0.606711 0.0500
483200 0.674966 0.755443 0.0500
483400 0.697912 0.855734 0.0500
483600 0.734354 1.019672 0.0500
483800 0.706650 0.863189 0.0500
484000 0.735117 0.978450 0.0500
484200 0.736546 0.960556 0.0500
484400 0.753434 1.004820 0.0500
484600 0.758137 0.996512 0.0500
484800 0.756198 0.964821 0.0500
485000 0.768653 0.983663 0.0500
485200 0.767335 0.955074 0.0500
485400 0.743253 0.858825 0.0500
485600 0.735665 0.819102 0.0500
485800 0.708247 0.733922 0.0500
486000 0.725192 0.761554 0.0500
486200 0.681792 0.652571 0.0500
486400 0.671860 0.622757 0.0500
486600 0.667891 0.605650 0.0500
486800 0.640164 0.549124 0.0500
487000 0.653371 0.563516 0.0500
487200 0.630304 0.518664 0.0500
487400 0.635084 0.519250 0.0500
487600 0.633018 0.509289 0.0500
487800 0.635147 0.505953 0.0500
488000 0.626140 0.486425 0.0500
488200 0.629348 0.484964 0.0500
488400 0.622157 0.469230 0.0500
488600 0.647966 0.502958 0.0500
488800 0.627478 0.465297 0.0500
489000 0.609580 0.438924 0.0500
489200 0.586692 0.411244 0.0500
489400 0.593995 0.414077 0.0500
489600 0.567438 0.384424 0.0500
489800 0.578849 0.391592 0.0500
490000 0.513153 0.325638 0.0500
490200 0.530171 0.338987 0.0500
490400 0.491872 0.302724 0.0500
490600 0.502944 0.309239 0.0500
490800 0.500984 0.305210 0.0500
491000 0.503665 0.305046 0.0500
491200 0.560973 0.361031 0.0500
491400 0.531289 0.326164 0.0500
491600 0.564044 0.358710 0.0500
491800 0.531198 0.321013 0.0500
492000 0.577651 0.368991 0.0500
492200 0.525692 0.311606 0.0500
492400 0.550767 0.333283 0.0500
492600 0.566183 0.347518 0.0500
492800 0.544593 0.321542 0.0500
493000 0.542775 0.317193 0.0500
493200 0.555487 0.327420 0.0500
493400 0.556247 0.325518 0.0500
493600 0.561437 0.328510 0.0500
493800 0.527339 0.295353 0.0500
494000 0.504587 0.281059 0.0500
494200 0.509939 0.281388 0.0500
494400 0.482029 0.270114 0.0500
494600 0.467297 0.265052 0.0500
494800 0.446187 0.258849 0.0500
495000 0.469840 0.262251 0.0500
495200 0.429881 0.251968 0.0500
495400 0.454632 0.255901 0.0500
495600 0.411464 0.244517 0.0500
495800 0.433276 0.248272 0.0500
496000 0.375578 0.232402 0.0500
496200 0.430514 0.245281 0.0500
496400 0.373330 0.229681 0.0500
496600 0.422307 0.240881 0.0500
496800 0.381882 0.229489 0.0500
497000 0.416796 0.236916 0.0500
497200 0.394747 0.229995 0.0500
497400 0.404583 0.231033 0.0500
497600 0.431168 0.237192 0.0500
497800 0.415881 0.231327 0.0500
498000 0.472545 0.249943 0.0500
498200 0.437007 0.235192 0.0500
498400 0.472935 0.247383 0.0500
498600 0.491315 0.254922 0.0500
498800 0.504272 0.261131 0.0500
499000 0.504115 0.259301 0.0500
499200 0.493789 0.251388 0.0500
499400 0.507452 0.258253 0.0500
499600 0.556577 0.306684 0.0500
499800 0.558928 0.307449 0.0500
500000 0.557043 0.302550 0.0500
500200 0.581689 0.336287 0.0500
500400 0.640932 0.447762 0.0500
500600 0.665497 0.505616 0.0500
500800 0.717856 0.670728 0.0500
501000 0.699371 0.595935 0.0500
501200 0.754061 0.792365 0.0500
501400 0.770037 0.846715 0.0500
501600 0.806747 0.997058 0.0500
501800 0.769690 0.811369 0.0500
502000 0.807263 0.959272 0.0500
502200 0.786377 0.846692 0.0500
502400 0.829319 1.011324 0.0500
502600 0.794985 0.847276 0.0500
502800 0.772276 0.748968 0.0500
503000 0.730674 0.629458 0.0500
503200 0.751000 0.666131 0.0500
503400 0.684103 0.515382 0.0500
503600 0.694243 0.529725 0.0500
503800 0.676680 0.487135 0.0500
504000 0.669967 0.468172 0.0500
504200 0.645417 0.420003 0.0500
504400 0.664353 0.447794 0.0500
504600 0.598763 0.347245 0.0500
504800 0.695487 0.505009 0.0500
505000 0.630667 0.384762 0.0500
505200 0.671534 0.446406 0.0500
505400 0.676678 0.451365 0.0500
505600 0.681720 0.456359 0.0500
505800 0.697497 0.485457 0.0500
506000 0.740840 0.592346 0.0500
506200 0.709777 0.502431 0.0500
506400 0.762821 0.649106 0.0500
506600 0.761844 0.635031 0.0500
506800 0.784686 0.715014 0.0500
507000 0.761497 0.613570 0.0500
507200 0.743788 0.553088 0.0500
507400 0.806660 0.793285 0.0500
507600 0.816557 0.829640 0.0500
507800 0.808539 0.770988 0.0500
508000 0.803613 0.732055 0.0500
508200 0.820281 0.801997 0.0500
508400 0.827282 0.822512 0.0500
508600 0.848673 0.918745 0.0500
508800 0.850561 0.907178 0.0500
509000 0.875914 1.006316 0.0500
509200 0.895079 1.054353 0.0500
509400 0.929514 1.118994 0.0500
509600 0.903772 1.028095 0.0500
509800 0.903137 0.999923 0.0500
510000 0.910266 0.992812 0.0500
510200 0.874688 0.879774 0.0500
510400 0.870315 0.848843 0.0500
510600 0.828802 0.716135 0.0500
510800 0.852438 0.770645 0.0500
511000 0.823735 0.677384 0.0500
511200 0.824875 0.668824 0.0500
511400 0.785855 0.570665 0.0500
511600 0.827135 0.656648 0.0500
511800 0.786574 0.557013 0.0500
512000 0.797058 0.568066 0.0500
512200 0.815006 0.599470 0.0500
512400 0.834692 0.644307 0.0500
512600 0.850071 0.682364 0.0500
512800 0.876723 0.765004 0.0500
513000 0.881332 0.767423 0.0500
513200 0.924079 0.924386 0.0500
513400 0.923420 0.900244 0.0500
513600 0.952681 0.997022 0.0500
513800 0.941136 0.928034 0.0500
514000 0.944901 0.920541 0.0500
514200 0.962923 0.967164 0.0500
514400 0.949136 0.893580 0.0500
514600 0.921162 0.787898 0.0500
514800 0.945976 0.847585 0.0500
515000 0.904594 0.721666 0.0500
515200 0.890628 0.683389 0.0500
515400 0.852197 0.611135 0.0500
515600 0.850442 0.598971 0.0500
515800 0.848409 0.586800 0.0500
516000 0.831930 0.554545 0.0500
516200 0.791715 0.506561 0.0500
516400 0.788413 0.497980 0.0500
516600 0.746679 0.476218 0.0500
516800 0.744437 0.469730 0.0500
517000 0.714843 0.449238 0.0500
517200 0.712438 0.442384 0.0500
517400 0.698172 0.425825 0.0500
517600 0.689209 0.413236 0.0500
517800 0.664752 0.387510 0.0500
518000 0.625529 0.354796 0.0500
518200 0.647404 0.367379 0.0500
518400 0.626060 0.349009 0.0500
518600 0.644708 0.359014 0.0500
518800 0.617879 0.337572 0.0500
519000 0.654228 0.360715 0.0500
519200 0.628856 0.339219 0.0500
519400 0.645137 0.347420 0.0500
519600 0.638672 0.339771 0.0500
519800 0.613705 0.322180 0.0500
520000 0.651285 0.344141 0.0500
520200 0.631184 0.326885 0.0500
520400 0.666167 0.353214 0.0500
520600 0.678242 0.364376 0.0500
520800 0.689171 0.375320 0.0500
521000 0.696931 0.382279 0.0500
521200 0.714670 0.402315 0.0500
521400 0.708234 0.389884 0.0500
521600 0.736464 0.420276 0.0500
521800 0.737705 0.417149 0.0500
522000 0.773935 0.450093 0.0500
522200 0.752931 0.423996 0.0500
522400 0.774991 0.441761 0.0500
522600 0.782840 0.445780 0.0500
522800 0.792369 0.452792 0.0500
523000 0.817523 0.487169 0.0500
523200 0.790760 0.440741 0.0500
523400 0.753153 0.402398 0.0500
523600 0.769234 0.410185 0.0500
523800 0.722106 0.375001 0.0500
524000 0.764639 0.399632 0.0500
524200 0.710492 0.361011 0.0500
524400 0.745916 0.380254 0.0500
524600 0.702447 0.349598 0.0500
524800 0.719857 0.358018 0.0500
525000 0.692777 0.337218 0.0500
525200 0.705368 0.342609 0.0500
525400 0.684913 0.326793 0.0500
525600 0.699228 0.332967 0.0500
525800 0.680127 0.318918 0.0500
526000 0.639110 0.305147 0.0500
526200 0.624021 0.302012 0.0500
526400 0.632105 0.300079 0.0500
526600 0.599618 0.295451 0.0500
526800 0.604445 0.293955 0.0500
527000 0.582581 0.286960 0.0500
527200 0.584205 0.285385 0.0500
527400 0.549353 0.268511 0.0500
527600 0.550303 0.267164 0.0500
527800 0.543841 0.262117 0.0500
528000 0.545060 0.260984 0.0500
528200 0.547765 0.260605 0.0500
528400 0.576241 0.272801 0.0500
528600 0.576554 0.271055 0.0500
528800 0.590281 0.274819 0.0500
529000 0.598904 0.275954 0.0500
529200 0.599590 0.274251 0.0500
529400 0.604612 0.273953 0.0500
529600 0.602869 0.271507 0.0500
529800 0.624246 0.276350 0.0500
530000 0.603216 0.268019 0.0500
530200 0.598948 0.264949 0.0500
530400 0.593490 0.261587 0.0500
530600 0.580267 0.256085 0.0500
530800 0.584743 0.255691 0.0500
531000 0.546457 0.244330 0.0500
531200 0.567819 0.248046 0.0500
531400 0.537771 0.239745 0.0500
531600 0.540765 0.238842 0.0500
531800 0.564938 0.243125 0.0500
532000 0.532783 0.234836 0.0500
532200 0.571869 0.242602 0.0500
532400 0.575909 0.242445 0.0500
532600 0.568699 0.238655 0.0500
532800 0.587502 0.243784 0.0500
533000 0.569765 0.236156 0.0500
533200 0.595899 0.244474 0.0500
533400 0.637692 0.266126 0.0500
533600 0.619438 0.253241 0.0500
533800 0.687152 0.305328 0.0500
534000 0.678491 0.294537 0.0500
534200 0.719985 0.333546 0.0500
534400 0.705129 0.316232 0.0500
534600 0.746084 0.353954 0.0500
534800 0.760082 0.365929 0.0500
535000 0.796291 0.415808 0.0500
535200 0.813732 0.446352 0.0500
535400 0.803531 0.420464 0.0500
535600 0.851546 0.529037 0.0500
535800 0.885265 0.609626 0.0500
536000 0.869591 0.560413 0.0500
536200 0.883158 0.586712 0.0500
536400 0.913459 0.663781 0.0500
536600 0.926207 0.695962 0.0500
536800 0.968802 0.872394 0.0500
537000 0.977728 0.897433 0.0500
537200 0.985352 0.914259 0.0500
537400 1.017313 1.036137 0.0500
537600 1.027227 1.045271 0.0500
537800 1.018853 0.988816 0.0500
538000 1.035129 1.018702 0.0500
538200 1.027564 0.968958 0.0500
538400 0.997351 0.851281 0.0500
538600 1.020051 0.904244 0.0500
538800 0.998534 0.819343 0.0500
539000 0.980881 0.755460 0.0500
539200 1.000315 0.793221 0.0500
539400 0.976651 0.717655 0.0500
539600 0.989032 0.734088 0.0500
539800 0.976363 0.691443 0.0500
540000 0.940708 0.621493 0.0500
540200 0.946648 0.619709 0.0500
540400 0.939809 0.601141 0.0500
540600 0.902798 0.554661 0.0500
540800 0.915577 0.559033 0.0500
541000 0.897959 0.535053 0.0500
541200 0.902088 0.531537 0.0500
541400 0.881189 0.505834 0.0500
541600 0.883771 0.501740 0.0500
541800 0.872888 0.485368 0.0500
542000 0.862519 0.469332 0.0500
542200 0.861716 0.462962 0.0500
542400 0.847366 0.442790 0.0500
542600 0.861812 0.452729 0.0500
542800 0.843182 0.428756 0.0500
543000 0.852380 0.433435 0.0500
543200 0.842683 0.419047 0.0500
543400 0.860255 0.432307 0.0500
543600 0.851752 0.419034 0.0500
543800 0.846054 0.409178 0.0500
544000 0.785917 0.359825 0.0500
544200 0.804924 0.369123 0.0500
544400 0.761847 0.340630 0.0500
544600 0.762468 0.338001 0.0500
544800 0.761796 0.334781 0.0500
545000 0.718016 0.310734 0.0500
545200 0.746980 0.322935 0.0500
545400 0.717020 0.305619 0.0500
545600 0.725631 0.307760 0.0500
545800 0.710594 0.297464 0.0500
546000 0.716659 0.298487 0.0500
546200 0.718518 0.297207 0.0500
546400 0.714667 0.292965 0.0500
546600 0.711888 0.289351 0.0500
546800 0.735499 0.299802 0.0500
547000 0.704570 0.281715 0.0500
547200 0.770035 0.319412 0.0500
547400 0.714256 0.283208 0.0500
547600 0.773463 0.318495 0.0500
547800 0.764248 0.308498 0.0500
548000 0.790017 0.328946 0.0500
548200 0.810340 0.348158 0.0500
548400 0.817631 0.353544 0.0500
548600 0.841707 0.380207 0.0500
548800 0.846158 0.382345 0.0500
549000 0.839441 0.370066 0.0500
549200 0.864913 0.401149 0.0500
549400 0.874084 0.410952 0.0500
549600 0.913405 0.477507 0.0500
549800 0.896298 0.439233 0.0500
550000 0.927158 0.496252 0.0500
550200 0.954598 0.557802 0.0500
550400 0.986464 0.648113 0.0500
550600 1.019032 0.767907 0.0500
550800 1.055223 0.927962 0.0500
551000 1.055682 0.908543 0.0500
551200 1.089888 1.039070 0.0500
551400 1.081024 0.977364 0.0500
551600 1.084323 0.966289 0.0500
551800 1.102132 1.007934 0.0500
552000 1.102460 0.983556 0.0500
552200 1.121744 1.021818 0.0500
552400 1.084742 0.882930 0.0500
552600 1.130839 1.008275 0.0500
552800 1.107607 0.911918 0.0500
553000 1.107686 0.891251 0.0500
553200 1.104691 0.863081 0.0500
553400 1.115319 0.874449 0.0500
553600 1.114618 0.853168 0.0500
553800 1.100820 0.799946 0.0500
554000 1.066741 0.732132 0.0500
554200 1.087655 0.746572 0.0500
554400 1.121696 0.819605 0.0500
554600 1.057729 0.691352 0.0500
554800 1.054814 0.677185 0.0500
555000 1.050222 0.662386 0.0500
555200 1.022530 0.630119 0.0500
555400 0.991114 0.583393 0.0500
555600 0.988637 0.571310 0.0500
555800 0.923309 0.462358 0.0500
556000 0.931822 0.470238 0.0500
556200 0.873833 0.387564 0.0500
556400 0.882204 0.393132 0.0500
556600 0.859437 0.365708 0.0500
556800 0.875860 0.378818 0.0500
557000 0.818132 0.327876 0.0500
557200 0.818189 0.325193 0.0500
557400 0.785018 0.302986 0.0500
557600 0.811661 0.316194 0.0500
557800 0.792228 0.302246 0.0500
558000 0.761721 0.286985 0.0500
558200 0.800550 0.302914 0.0500
558400 0.752186 0.280695 0.0500
558600 0.771536 0.284657 0.0500
558800 0.775660 0.284240 0.0500
559000 0.764009 0.278048 0.0500
559200 0.787676 0.286058 0.0500
559400 0.801844 0.292770 0.0500
559600 0.755622 0.270961 0.0500
559800 0.760484 0.270074 0.0500
560000 0.784928 0.277243 0.0500
560200 0.797763 0.283069 0.0500
560400 0.826135 0.305164 0.0500
560600 0.864349 0.346927 0.0500
560800 0.862843 0.341936 0.0500
561000 0.895315 0.385969 0.0500
561200 0.930210 0.444304 0.0500
561400 0.952182 0.481979 0.0500
561600 0.955959 0.483450 0.0500
561800 0.987946 0.538780 0.0500
562000 0.972507 0.502917 0.0500
562200 1.007693 0.560372 0.0500
562400 1.003670 0.545584 0.0500
562600 1.027033 0.576536 0.0500
562800 1.008433 0.538693 0.0500
563000 1.034146 0.572243 0.0500
563200 0.987788 0.494590 0.0500
563400 1.028662 0.550465 0.0500
563600 0.962997 0.452476 0.0500
563800 0.983948 0.473550 0.0500
564000 0.975451 0.457165 0.0500
564200 0.967279 0.442272 0.0500
564400 0.975607 0.447089 0.0500
564600 0.963486 0.428354 0.0500
564800 0.965039 0.425362 0.0500
565000 0.975834 0.433068 0.0500
565200 0.963994 0.415223 0.0500
565400 0.969423 0.416545 0.0500
565600 0.987236 0.434860 0.0500
565800 1.006690 0.462966 0.0500
566000 0.985014 0.422351 0.0500
566200 1.023560 0.488183 0.0500
566400 1.034102 0.506166 0.0500
566600 1.040156 0.513928 0.0500
566800 1.055126 0.543926 0.0500
567000 1.036014 0.491268 0.0500
567200 1.045450 0.506654 0.0500
567400 1.102860 0.673960 0.0500
567600 1.135982 0.816641 0.0500
567800 1.153961 0.895717 0.0500
568000 1.191161 1.054885 0.0500
568200 1.193241 1.034866 0.0500
568400 1.205033 1.048057 0.0500
568600 1.194833 0.987645 0.0500
568800 1.195169 0.964268 0.0500
569000 1.202076 0.962844 0.0500
569200 1.184761 0.886268 0.0500
569400 1.172427 0.829143 0.0500
569600 1.159792 0.774678 0.0500
569800 1.153472 0.741633 0.0500
570000 1.148379 0.713891 0.0500
570200 1.073770 0.541648 0.0500
570400 1.137300 0.668664 0.0500
570600 1.072588 0.528171 0.0500
570800 1.122478 0.617385 0.0500
571000 1.093510 0.550591 0.0500
571200 1.100773 0.555801 0.0500
571400 1.105620 0.557032 0.0500
571600 1.093518 0.528105 0.0500
571800 1.059096 0.475142 0.0500
572000 1.092286 0.514122 0.0500
572200 1.098547 0.517923 0.0500
572400 1.138419 0.607946 0.0500
572600 1.138113 0.597689 0.0500
572800 1.109461 0.518428 0.0500
573000 1.115247 0.523123 0.0500
573200 1.140622 0.583070 0.0500
573400 1.156388 0.629257 0.0500
573600 1.152689 0.605767 0.0500
573800 1.201965 0.814052 0.0500
574000 1.215452 0.864682 0.0500
574200 1.231144 0.923105 0.0500
574400 1.236654 0.927763 0.0500
574600 1.266315 1.034254 0.0500
574800 1.253331 0.956360 0.0500
575000 1.267591 0.988834 0.0500
575200 1.257418 0.926511 0.0500
575400 1.261727 0.920763 0.0500
575600 1.247510 0.849590 0.0500
575800 1.237421 0.798783 0.0500
576000 1.253043 0.833974 0.0500
576200 1.234699 0.759269 0.0500
576400 1.229031 0.729535 0.0500
576600 1.198650 0.649995 0.0500
576800 1.201303 0.644504 0.0500
577000 1.193527 0.619418 0.0500
577200 1.200573 0.622845 0.0500
577400 1.187769 0.590345 0.0500
577600 1.201908 0.606786 0.0500
577800 1.183430 0.566226 0.0500
578000 1.209497 0.605204 0.0500
578200 1.216912 0.613249 0.0500
578400 1.251894 0.723644 0.0500
578600 1.257940 0.737537 0.0500
578800 1.286156 0.868213 0.0500
579000 1.315097 0.999088 0.0500
579200 1.308546 0.943081 0.0500
579400 1.338462 1.047577 0.0500
579600 1.333612 1.002590 0.0500
579800 1.315492 0.908468 0.0500
580000 1.353849 1.026731 0.0500
580200 1.305833 0.836017 0.0500
580400 1.348820 0.969874 0.0500
580600 1.286646 0.743132 0.0500
580800 1.314500 0.819412 0.0500
581000 1.263093 0.652594 0.0500
581200 1.250715 0.613625 0.0500
581400 1.184309 0.526151 0.0500
581600 1.161135 0.503997 0.0500
581800 1.125017 0.471794 0.0500
582000 1.082284 0.447448 0.0500
582200 1.056720 0.435017 0.0500
582400 1.035802 0.420739 0.0500
582600 1.029541 0.412735 0.0500
582800 1.002486 0.392874 0.0500
583000 0.992337 0.384073 0.0500
583200 0.955332 0.371053 0.0500
583400 0.958136 0.367940 0.0500
583600 0.922079 0.359729 0.0500
583800 0.931612 0.358268 0.0500
584000 0.898541 0.345769 0.0500
584200 0.907028 0.346101 0.0500
584400 0.883975 0.332791 0.0500
584600 0.892111 0.334106 0.0500
584800 0.856115 0.311044 0.0500
585000 0.860693 0.311443 0.0500
585200 0.888186 0.325042 0.0500
585400 0.874946 0.315033 0.0500
585600 0.893034 0.322505 0.0500
585800 0.867425 0.306059 0.0500
586000 0.911016 0.327318 0.0500
586200 0.875693 0.306171 0.0500
586400 0.906184 0.320045 0.0500
586600 0.876152 0.301974 0.0500
586800 0.896058 0.309861 0.0500
587000 0.892040 0.305302 0.0500
587200 0.917019 0.316992 0.0500
587400 0.917083 0.314486 0.0500
587600 0.924910 0.316639 0.0500
587800 0.918000 0.310038 0.0500
588000 0.926266 0.312480 0.0500
588200 0.939741 0.318604 0.0500
588400 0.924918 0.306812 0.0500
588600 0.925660 0.304856 0.0500
588800 0.951504 0.319891 0.0500
589000 0.947257 0.314139 0.0500
589200 0.947629 0.311910 0.0500
589400 0.929781 0.298198 0.0500
589600 0.971262 0.327445 0.0500
589800 0.979516 0.333041 0.0500
590000 0.970934 0.321721 0.0500
590200 1.009458 0.362333 0.0500
590400 1.001291 0.349170 0.0500
590600 1.010123 0.356689 0.0500
590800 1.025663 0.372281 0.0500
591000 1.021625 0.363975 0.0500
591200 1.068289 0.409456 0.0500
591400 1.041562 0.380143 0.0500
591600 1.058592 0.393192 0.0500
591800 1.054320 0.385336 0.0500
592000 1.079163 0.403762 0.0500
592200 1.062861 0.385587 0.0500
592400 1.055081 0.375157 0.0500
592600 1.063733 0.378995 0.0500
592800 1.060542 0.372661 0.0500
593000 1.023618 0.339547 0.0500
593200 1.039875 0.349520 0.0500
593400 1.015012 0.327491 0.0500
593600 1.064353 0.365281 0.0500
593800 1.025794 0.330442 0.0500
594000 1.016682 0.321389 0.0500
594200 1.032249 0.329845 0.0500
594400 1.017192 0.316565 0.0500
594600 0.975381 0.294512 0.0500
594800 0.988229 0.296978 0.0500
595000 0.932127 0.281599 0.0500
595200 0.949578 0.282268 0.0500
595400 0.893877 0.276001 0.0500
595600 0.875075 0.274562 0.0500
595800 0.868653 0.272884 0.0500
596000 0.840713 0.271336 0.0500
596200 0.832972 0.269074 0.0500
596400 0.808720 0.264604 0.0500
596600 0.797256 0.261254 0.0500
596800 0.753512 0.258246 0.0500
597000 0.727993 0.259591 0.0500
597200 0.707946 0.259730 0.0500
597400 0.730523 0.256040 0.0500
597600 0.707530 0.256535 0.0500
597800 0.720150 0.253886 0.0500
598000 0.722256 0.252059 0.0500
598200 0.746183 0.248821 0.0500
598400 0.745171 0.247279 0.0500
598600 0.734889 0.246327 0.0500
598800 0.780850 0.248224 0.0500
599000 0.814199 0.256322 0.0500
599200 0.813606 0.254487 0.0500
599400 0.828950 0.256963 0.0500
599600 0.832983 0.256241 0.0500
599800 0.846501 0.257405 0.0500
