# step cv h sig
0 -1.455586 0.717018 0.0500
200 -1.501484 0.699903 0.0500
400 -1.459839 0.673852 0.0500
600 -1.477456 0.650085 0.0500
800 -1.507961 0.644647 0.0500
1000 -1.460660 0.617336 0.0500
1200 -1.470964 0.594124 0.0500
1400 -1.434064 0.609111 0.0500
1600 -1.438057 0.585017 0.0500
1800 -1.410292 0.612073 0.0500
2000 -1.368607 0.664535 0.0500
2200 -1.370382 0.639766 0.0500
2400 -1.344586 0.652488 0.0500
2600 -1.339265 0.637205 0.0500
2800 -1.276380 0.688008 0.0500
3000 -1.322179 0.622285 0.0500
3200 -1.275880 0.650854 0.0500
3400 -1.279417 0.625846 0.0500
3600 -1.245926 0.644374 0.0500
3800 -1.246991 0.622136 0.0500
4000 -1.282975 0.573369 0.0500
4200 -1.249469 0.585841 0.0500
4400 -1.245418 0.573664 0.0500
4600 -1.208551 0.619283 0.0500
4800 -1.291035 0.527362 0.0500
5000 -1.284575 0.512229 0.0500
5200 -1.255728 0.511700 0.0500
5400 -1.327512 0.517926 0.0500
5600 -1.318197 0.496134 0.0500
5800 -1.348958 0.512637 0.0500
6000 -1.353364 0.503341 0.0500
6200 -1.387575 0.516283 0.0500
6400 -1.397261 0.506998 0.0500
6600 -1.412300 0.498512 0.0500
6800 -1.425020 0.489234 0.0500
7000 -1.462087 0.499485 0.0500
7200 -1.512660 0.572708 0.0500
7400 -1.510947 0.552506 0.0500
7600 -1.536215 0.592308 0.0500
7800 -1.543481 0.590375 0.0500
8000 -1.556965 0.601176 0.0500
8200 -1.576253 0.621239 0.0500
8400 -1.585406 0.618435 0.0500
8600 -1.593909 0.613782 0.0500
8800 -1.599208 0.603557 0.0500
9000 -1.593195 0.575571 0.0500
9200 -1.587744 0.550779 0.0500
9400 -1.597799 0.550493 0.0500
9600 -1.596398 0.532987 0.0500
9800 -1.595980 0.517980 0.0500
10000 -1.591525 0.498361 0.0500
10200 -1.587304 0.480893 0.0500
10400 -1.572240 0.458010 0.0500
10600 -1.561661 0.444527 0.0500
10800 -1.556044 0.434363 0.0500
11000 -1.521476 0.435929 0.0500
11200 -1.515357 0.428693 0.0500
11400 -1.501867 0.424487 0.0500
11600 -1.461308 0.432667 0.0500
11800 -1.436259 0.437168 0.0500
12000 -1.436693 0.427208 0.0500
12200 -1.390183 0.445973 0.0500
12400 -1.405517 0.428181 0.0500
12600 -1.326381 0.444395 0.0500
12800 -1.359633 0.431043 0.0500
13000 -1.297903 0.435656 0.0500
13200 -1.333552 0.418181 0.0500
13400 -1.275104 0.438615 0.0500
13600 -1.278839 0.424789 0.0500
13800 -1.311968 0.398774 0.0500
14000 -1.236726 0.486171 0.0500
14200 -1.233061 0.483357 0.0500
14400 -1.250477 0.433190 0.0500
14600 -1.186372 0.595650 0.0500
14800 -1.230580 0.458466 0.0500
15000 -1.165078 0.623577 0.0500
15200 -1.175560 0.579413 0.0500
15400 -1.148592 0.621275 0.0500
15600 -1.150399 0.598329 0.0500
15800 -1.109795 0.650408 0.0500
16000 -1.133507 0.592995 0.0500
16200 -1.124672 0.588728 0.0500
16400 -1.148472 0.538442 0.0500
16600 -1.164476 0.505216 0.0500
16800 -1.170566 0.485792 0.0500
17000 -1.207141 0.436840 0.0500
17200 -1.204412 0.430033 0.0500
17400 -1.270148 0.370478 0.0500
17600 -1.289602 0.362698 0.0500
17800 -1.328638 0.374065 0.0500
18000 -1.388743 0.398907 0.0500
18200 -1.388816 0.390835 0.0500
18400 -1.410503 0.386232 0.0500
18600 -1.415618 0.379119 0.0500
18800 -1.472076 0.385276 0.0500
19000 -1.464867 0.375359 0.0500
19200 -1.502810 0.382500 0.0500
19400 -1.483526 0.368176 0.0500
19600 -1.520500 0.375651 0.0500
19800 -1.501886 0.361597 0.0500
20000 -1.523288 0.363368 0.0500
20200 -1.502938 0.349255 0.0500
20400 -1.522663 0.350515 0.0500
20600 -1.517438 0.342006 0.0500
20800 -1.479314 0.330704 0.0500
21000 -1.494880 0.325266 0.0500
21200 -1.464105 0.323809 0.0500
21400 -1.457012 0.321310 0.0500
21600 -1.414196 0.342573 0.0500
21800 -1.424190 0.330111 0.0500
22000 -1.409037 0.334403 0.0500
22200 -1.397289 0.335982 0.0500
22400 -1.380739 0.339218 0.0500
22600 -1.351606 0.343561 0.0500
22800 -1.352356 0.337402 0.0500
23000 -1.322526 0.335478 0.0500
23200 -1.349514 0.327246 0.0500
23400 -1.334324 0.323573 0.0500
23600 -1.361068 0.315579 0.0500
23800 -1.357910 0.310840 0.0500
24000 -1.361009 0.305605 0.0500
24200 -1.359833 0.300962 0.0500
24400 -1.387737 0.295346 0.0500
24600 -1.367417 0.291654 0.0500
24800 -1.407874 0.288260 0.0500
25000 -1.400576 0.283492 0.0500
25200 -1.409764 0.280146 0.0500
25400 -1.394666 0.275314 0.0500
25600 -1.400499 0.271627 0.0500
25800 -1.428872 0.272496 0.0500
26000 -1.411542 0.265456 0.0500
26200 -1.435869 0.267364 0.0500
26400 -1.433531 0.262997 0.0500
26600 -1.447069 0.264337 0.0500
26800 -1.458076 0.265960 0.0500
27000 -1.445930 0.256877 0.0500
27200 -1.457815 0.258877 0.0500
27400 -1.430932 0.246418 0.0500
27600 -1.485065 0.272258 0.0500
27800 -1.466512 0.254560 0.0500
28000 -1.467702 0.252000 0.0500
28200 -1.500421 0.277205 0.0500
28400 -1.482461 0.256294 0.0500
28600 -1.515405 0.287332 0.0500
28800 -1.489472 0.255683 0.0500
29000 -1.541503 0.315889 0.0500
29200 -1.535637 0.302294 0.0500
29400 -1.576368 0.368097 0.0500
29600 -1.595652 0.407917 0.0500
29800 -1.592262 0.390590 0.0500
30000 -1.625773 0.486277 0.0500
30200 -1.621180 0.458657 0.0500
30400 -1.660293 0.583628 0.0500
30600 -1.665890 0.583679 0.0500
30800 -1.665297 0.564710 0.0500
31000 -1.698559 0.631440 0.0500
31200 -1.668659 0.543132 0.0500
31400 -1.726958 0.650160 0.0500
31600 -1.689352 0.562823 0.0500
31800 -1.733758 0.626690 0.0500
32000 -1.692404 0.540126 0.0500
32200 -1.722669 0.575624 0.0500
32400 -1.677560 0.491623 0.0500
32600 -1.718155 0.541462 0.0500
32800 -1.652436 0.437894 0.0500
33000 -1.680047 0.463856 0.0500
33200 -1.641151 0.405248 0.0500
33400 -1.662831 0.423949 0.0500
33600 -1.617268 0.360984 0.0500
33800 -1.612966 0.349492 0.0500
34000 -1.586398 0.317421 0.0500
34200 -1.569563 0.299437 0.0500
34400 -1.562382 0.290020 0.0500
34600 -1.539560 0.271675 0.0500
34800 -1.547668 0.272808 0.0500
35000 -1.505728 0.245494 0.0500
35200 -1.510546 0.244926 0.0500
35400 -1.479417 0.229003 0.0500
35600 -1.453924 0.223033 0.0500
35800 -1.439460 0.221941 0.0500
36000 -1.384438 0.243992 0.0500
36200 -1.399507 0.232016 0.0500
36400 -1.344944 0.268720 0.0500
36600 -1.343370 0.266356 0.0500
36800 -1.292437 0.308387 0.0500
37000 -1.262489 0.335135 0.0500
37200 -1.208101 0.403486 0.0500
37400 -1.190955 0.418540 0.0500
37600 -1.139021 0.492903 0.0500
37800 -1.136973 0.484670 0.0500
38000 -1.121710 0.505809 0.0500
38200 -1.074460 0.614141 0.0500
38400 -1.088304 0.561335 0.0500
38600 -1.072075 0.584463 0.0500
38800 -1.102990 0.498358 0.0500
39000 -1.089306 0.514979 0.0500
39200 -1.098606 0.482048 0.0500
39400 -1.158921 0.402255 0.0500
39600 -1.197574 0.376079 0.0500
39800 -1.193078 0.371327 0.0500
40000 -1.249066 0.326616 0.0500
40200 -1.249598 0.320781 0.0500
40400 -1.306118 0.280362 0.0500
40600 -1.288002 0.286789 0.0500
40800 -1.361165 0.242710 0.0500
41000 -1.321794 0.261819 0.0500
41200 -1.387645 0.225712 0.0500
41400 -1.361280 0.234915 0.0500
41600 -1.361227 0.232125 0.0500
41800 -1.386645 0.218830 0.0500
42000 -1.357659 0.229001 0.0500
42200 -1.405412 0.210054 0.0500
42400 -1.345660 0.231979 0.0500
42600 -1.390198 0.209371 0.0500
42800 -1.372035 0.213186 0.0500
43000 -1.335529 0.232584 0.0500
43200 -1.322949 0.239457 0.0500
43400 -1.292832 0.262070 0.0500
43600 -1.282575 0.267886 0.0500
43800 -1.229575 0.319897 0.0500
44000 -1.227344 0.317064 0.0500
44200 -1.202094 0.337354 0.0500
44400 -1.208552 0.325499 0.0500
44600 -1.198280 0.329629 0.0500
44800 -1.183800 0.337324 0.0500
45000 -1.189352 0.326541 0.0500
45200 -1.187096 0.323096 0.0500
45400 -1.201748 0.305802 0.0500
45600 -1.210387 0.294740 0.0500
45800 -1.200601 0.297463 0.0500
46000 -1.224174 0.277619 0.0500
46200 -1.246411 0.263090 0.0500
46400 -1.263751 0.252885 0.0500
46600 -1.280918 0.243536 0.0500
46030 -1.455586 0.208151 0.0500
46230 -1.523645 0.243714 0.0500
46430 -1.475931 0.212189 0.0500
46630 -1.515539 0.233154 0.0500
46830 -1.529503 0.240608 0.0500
47030 -1.520885 0.231363 0.0500
47230 -1.535156 0.239228 0.0500
46030 -1.455586 0.199156 0.0500
46230 -1.515749 0.221473 0.0500
46430 -1.482216 0.202148 0.0500
46630 -1.496040 0.205739 0.0500
46830 -1.546046 0.239694 0.0500
47030 -1.500871 0.204329 0.0500
47230 -1.546041 0.235111 0.0500
47430 -1.520445 0.211672 0.0500
47630 -1.567852 0.253319 0.0500
47830 -1.536370 0.219076 0.0500
48030 -1.551001 0.229557 0.0500
48230 -1.573765 0.252317 0.0500
48430 -1.585209 0.264527 0.0500
48630 -1.608103 0.297296 0.0500
48830 -1.577256 0.247054 0.0500
49030 -1.657979 0.381892 0.0500
49230 -1.619859 0.306237 0.0500
49430 -1.684593 0.420140 0.0500
49630 -1.633786 0.321873 0.0500
49830 -1.716857 0.479827 0.0500
50030 -1.669627 0.372790 0.0500
50230 -1.746457 0.544344 0.0500
50430 -1.672514 0.367082 0.0500
50630 -1.756853 0.555919 0.0500
50830 -1.705874 0.413682 0.0500
51030 -1.779761 0.597537 0.0500
51230 -1.715525 0.419281 0.0500
51430 -1.788597 0.596866 0.0500
51630 -1.728902 0.432503 0.0500
51830 -1.773448 0.532917 0.0500
52030 -1.729720 0.416853 0.0500
52230 -1.783423 0.537942 0.0500
52430 -1.739340 0.419344 0.0500
52630 -1.772163 0.485580 0.0500
52830 -1.719081 0.371951 0.0500
53030 -1.790937 0.520395 0.0500
53230 -1.752037 0.411968 0.0500
53430 -1.788703 0.492465 0.0500
53630 -1.731154 0.364625 0.0500
53830 -1.783004 0.459718 0.0500
54030 -1.748224 0.375200 0.0500
54230 -1.749432 0.369917 0.0500
54430 -1.756624 0.375013 0.0500
54630 -1.696466 0.319079 0.0500
54830 -1.722430 0.323721 0.0500
55030 -1.643509 0.297063 0.0500
55230 -1.671300 0.302993 0.0500
55430 -1.614778 0.267012 0.0500
55630 -1.644434 0.285888 0.0500
55830 -1.578602 0.229982 0.0500
56030 -1.598054 0.243109 0.0500
56230 -1.543426 0.204148 0.0500
56430 -1.560712 0.210977 0.0500
56630 -1.500693 0.187788 0.0500
56830 -1.515697 0.188906 0.0500
57030 -1.491938 0.183436 0.0500
57230 -1.453650 0.184216 0.0500
57430 -1.462566 0.181235 0.0500
57630 -1.396193 0.194131 0.0500
57830 -1.403126 0.190332 0.0500
58030 -1.394067 0.190966 0.0500
58230 -1.345579 0.209363 0.0500
58430 -1.383305 0.190963 0.0500
58630 -1.280253 0.238891 0.0500
58830 -1.328815 0.213296 0.0500
59030 -1.261520 0.242708 0.0500
59230 -1.299198 0.223745 0.0500
59430 -1.239185 0.249981 0.0500
59630 -1.264132 0.233721 0.0500
59830 -1.259911 0.232832 0.0500
60030 -1.215812 0.259846 0.0500
60230 -1.229850 0.244964 0.0500
60430 -1.225366 0.245267 0.0500
60630 -1.199513 0.266882 0.0500
60830 -1.217277 0.245712 0.0500
61030 -1.199832 0.259790 0.0500
61230 -1.151498 0.329403 0.0500
61430 -1.158267 0.311707 0.0500
61630 -1.141118 0.338845 0.0500
61830 -1.082623 0.482391 0.0500
62030 -1.102996 0.414108 0.0500
62230 -1.074161 0.486775 0.0500
62430 -1.083198 0.448616 0.0500
62630 -1.072233 0.469813 0.0500
62830 -1.056880 0.505153 0.0500
63030 -1.071226 0.450198 0.0500
63230 -1.055609 0.485305 0.0500
63430 -1.089993 0.386108 0.0500
63630 -1.112349 0.340237 0.0500
63830 -1.079800 0.394970 0.0500
64030 -1.159602 0.278704 0.0500
64230 -1.170386 0.265137 0.0500
64430 -1.131348 0.299635 0.0500
64630 -1.214773 0.229646 0.0500
64830 -1.199184 0.235509 0.0500
65030 -1.260623 0.213282 0.0500
65230 -1.275235 0.210200 0.0500
65430 -1.278542 0.207825 0.0500
65630 -1.321646 0.201839 0.0500
65830 -1.318958 0.200250 0.0500
66030 -1.365946 0.187765 0.0500
66230 -1.338155 0.192630 0.0500
66430 -1.400562 0.179763 0.0500
66630 -1.372998 0.181673 0.0500
66830 -1.394458 0.177158 0.0500
67030 -1.390220 0.175957 0.0500
67230 -1.395895 0.173866 0.0500
67430 -1.417477 0.171688 0.0500
67630 -1.377945 0.173472 0.0500
67830 -1.426714 0.169403 0.0500
68030 -1.403568 0.167793 0.0500
68230 -1.421382 0.166381 0.0500
68430 -1.417391 0.164840 0.0500
68630 -1.394288 0.164553 0.0500
68830 -1.410116 0.162123 0.0500
69030 -1.394240 0.161888 0.0500
69230 -1.413274 0.159544 0.0500
69430 -1.438649 0.160710 0.0500
69630 -1.429942 0.158197 0.0500
69830 -1.466707 0.164041 0.0500
70030 -1.443963 0.157824 0.0500
70230 -1.463679 0.160706 0.0500
70430 -1.479203 0.163748 0.0500
70630 -1.462622 0.157864 0.0500
70830 -1.512457 0.174527 0.0500
71030 -1.493127 0.164683 0.0500
71230 -1.517186 0.173988 0.0500
71430 -1.488153 0.160302 0.0500
71630 -1.510217 0.167781 0.0500
71830 -1.531695 0.178055 0.0500
72030 -1.529786 0.175278 0.0500
72230 -1.557056 0.192749 0.0500
72430 -1.555551 0.189665 0.0500
72630 -1.587109 0.216660 0.0500
72830 -1.584246 0.211344 0.0500
73030 -1.616946 0.244738 0.0500
73230 -1.594162 0.216884 0.0500
73430 -1.616827 0.239136 0.0500
73630 -1.625732 0.245890 0.0500
73830 -1.636413 0.253747 0.0500
74030 -1.635686 0.249754 0.0500
74230 -1.644573 0.254860 0.0500
74430 -1.648773 0.255194 0.0500
74630 -1.642857 0.246784 0.0500
74830 -1.644928 0.245463 0.0500
75030 -1.642962 0.240717 0.0500
75230 -1.656015 0.248532 0.0500
75430 -1.649212 0.239929 0.0500
75630 -1.658255 0.244175 0.0500
75830 -1.627546 0.217475 0.0500
76030 -1.625783 0.213766 0.0500
76230 -1.602558 0.196130 0.0500
76430 -1.603000 0.194423 0.0500
76630 -1.587191 0.184216 0.0500
76830 -1.572323 0.176260 0.0500
77030 -1.548698 0.166946 0.0500
77230 -1.533922 0.161477 0.0500
77430 -1.526266 0.158253 0.0500
77630 -1.529691 0.157797 0.0500
77830 -1.486028 0.149292 0.0500
78030 -1.500932 0.149877 0.0500
78230 -1.444668 0.146587 0.0500
78430 -1.448824 0.145330 0.0500
78630 -1.425816 0.145920 0.0500
78830 -1.384932 0.154752 0.0500
79030 -1.366258 0.161902 0.0500
79230 -1.355962 0.166011 0.0500
79430 -1.324330 0.182187 0.0500
79630 -1.310309 0.187064 0.0500
79830 -1.273636 0.197105 0.0500
80030 -1.283100 0.192645 0.0500
80230 -1.236347 0.205745 0.0500
80430 -1.228192 0.207508 0.0500
80630 -1.235336 0.201897 0.0500
80830 -1.206147 0.217052 0.0500
81030 -1.204905 0.215563 0.0500
81230 -1.180968 0.233706 0.0500
81430 -1.161648 0.250804 0.0500
81630 -1.182990 0.226331 0.0500
81830 -1.134774 0.277451 0.0500
82030 -1.141401 0.265081 0.0500
82230 -1.152453 0.248675 0.0500
82430 -1.132192 0.270076 0.0500
82630 -1.163833 0.231210 0.0500
82830 -1.111739 0.295479 0.0500
83030 -1.092301 0.330442 0.0500
83230 -1.079755 0.356484 0.0500
83430 -1.045242 0.464204 0.0500
83630 -1.027248 0.521087 0.0500
83830 -1.038317 0.466801 0.0500
84030 -1.013333 0.545554 0.0500
84230 -1.016214 0.520630 0.0500
84430 -0.998802 0.563549 0.0500
84630 -1.034921 0.435030 0.0500
84830 -1.014706 0.487896 0.0500
85030 -1.034150 0.417879 0.0500
85230 -1.028064 0.426226 0.0500
85430 -1.049844 0.361444 0.0500
85630 -1.131025 0.247187 0.0500
85830 -1.103099 0.269805 0.0500
86030 -1.153699 0.225084 0.0500
86230 -1.200980 0.198123 0.0500
86430 -1.200758 0.196201 0.0500
86630 -1.272871 0.184241 0.0500
86830 -1.281251 0.182197 0.0500
87030 -1.309459 0.176996 0.0500
87230 -1.328009 0.170110 0.0500
87430 -1.346656 0.161654 0.0500
87630 -1.347006 0.160181 0.0500
87830 -1.361913 0.153304 0.0500
88030 -1.387172 0.145001 0.0500
88230 -1.393459 0.142776 0.0500
88430 -1.393382 0.141746 0.0500
88630 -1.419433 0.138712 0.0500
88830 -1.424031 0.137747 0.0500
89030 -1.410920 0.137025 0.0500
89230 -1.389012 0.138985 0.0500
89430 -1.371712 0.142946 0.0500
89630 -1.356455 0.148024 0.0500
89830 -1.315771 0.165582 0.0500
90030 -1.315214 0.164398 0.0500
90230 -1.292182 0.170422 0.0500
90430 -1.302606 0.166032 0.0500
90630 -1.283052 0.169708 0.0500
90830 -1.282686 0.168316 0.0500
91030 -1.268393 0.169877 0.0500
91230 -1.277370 0.166568 0.0500
91430 -1.272309 0.166177 0.0500
91630 -1.286810 0.161899 0.0500
91830 -1.261453 0.165886 0.0500
92030 -1.282127 0.160220 0.0500
92230 -1.290625 0.157379 0.0500
92430 -1.303290 0.153828 0.0500
92630 -1.312562 0.150813 0.0500
92830 -1.316520 0.148832 0.0500
93030 -1.330973 0.144512 0.0500
93230 -1.319249 0.146065 0.0500
93430 -1.331735 0.142231 0.0500
93630 -1.324905 0.142709 0.0500
93830 -1.315756 0.143673 0.0500
94030 -1.310681 0.143730 0.0500
94230 -1.310852 0.142636 0.0500
94430 -1.329332 0.137797 0.0500
94630 -1.312912 0.140207 0.0500
94830 -1.306979 0.140533 0.0500
95030 -1.301439 0.140841 0.0500
95230 -1.312831 0.137254 0.0500
95430 -1.328786 0.133373 0.0500
95630 -1.283898 0.143222 0.0500
95830 -1.315367 0.134071 0.0500
96030 -1.311697 0.133873 0.0500
96230 -1.354033 0.127732 0.0500
96430 -1.345125 0.127509 0.0500
96630 -1.345867 0.126616 0.0500
96830 -1.392802 0.126445 0.0500
97030 -1.378289 0.124541 0.0500
97230 -1.406229 0.126622 0.0500
97430 -1.389424 0.123758 0.0500
97630 -1.409560 0.125589 0.0500
97830 -1.425228 0.127760 0.0500
98030 -1.428482 0.127610 0.0500
98230 -1.458556 0.133752 0.0500
98430 -1.431736 0.126724 0.0500
98630 -1.469801 0.134914 0.0500
98830 -1.452636 0.129796 0.0500
99030 -1.485031 0.137268 0.0500
99230 -1.472226 0.132865 0.0500
99430 -1.509723 0.143217 0.0500
99630 -1.500251 0.139030 0.0500
99830 -1.527303 0.147691 0.0500
100030 -1.504430 0.138439 0.0500
100230 -1.517182 0.141792 0.0500
100430 -1.515264 0.140079 0.0500
100630 -1.527195 0.143554 0.0500
100830 -1.530719 0.143923 0.0500
101030 -1.503489 0.133513 0.0500
101230 -1.508049 0.133909 0.0500
101430 -1.472062 0.125490 0.0500
101630 -1.508879 0.132587 0.0500
101830 -1.449020 0.121651 0.0500
102030 -1.494591 0.127374 0.0500
102230 -1.457932 0.121113 0.0500
102430 -1.471367 0.121797 0.0500
102630 -1.451187 0.119113 0.0500
102830 -1.433306 0.117405 0.0500
103030 -1.473101 0.120063 0.0500
103230 -1.428133 0.116034 0.0500
103430 -1.472079 0.118697 0.0500
103630 -1.430631 0.114910 0.0500
103830 -1.466794 0.116728 0.0500
104030 -1.445847 0.114184 0.0500
104230 -1.448723 0.113679 0.0500
104430 -1.472785 0.115702 0.0500
104630 -1.429943 0.111994 0.0500
104830 -1.450022 0.111900 0.0500
105030 -1.415544 0.111247 0.0500
105230 -1.444872 0.110453 0.0500
105430 -1.433690 0.109546 0.0500
105630 -1.419917 0.109258 0.0500
105830 -1.444474 0.108665 0.0500
106030 -1.434055 0.107757 0.0500
106230 -1.436559 0.107191 0.0500
106430 -1.394755 0.109757 0.0500
106630 -1.383705 0.111036 0.0500
106830 -1.382308 0.110669 0.0500
107030 -1.358498 0.115290 0.0500
107230 -1.340232 0.119360 0.0500
107430 -1.327175 0.122345 0.0500
107630 -1.312087 0.126312 0.0500
107830 -1.288902 0.134204 0.0500
108030 -1.267666 0.143309 0.0500
108230 -1.257077 0.148027 0.0500
108430 -1.220096 0.170283 0.0500
108630 -1.202480 0.180925 0.0500
108830 -1.183210 0.193063 0.0500
109030 -1.140953 0.224897 0.0500
109230 -1.152871 0.212375 0.0500
109430 -1.120476 0.239077 0.0500
109630 -1.117861 0.238807 0.0500
109830 -1.149804 0.208266 0.0500
110030 -1.158119 0.200129 0.0500
110230 -1.158891 0.197560 0.0500
110430 -1.191902 0.176380 0.0500
110630 -1.176638 0.183066 0.0500
110830 -1.227936 0.156137 0.0500
111030 -1.212499 0.162080 0.0500
111230 -1.251810 0.143257 0.0500
111430 -1.267151 0.136127 0.0500
111630 -1.274500 0.132532 0.0500
111830 -1.331433 0.116990 0.0500
112030 -1.283874 0.128073 0.0500
112230 -1.348565 0.112694 0.0500
112430 -1.327393 0.115965 0.0500
112630 -1.368160 0.108423 0.0500
112830 -1.342928 0.111847 0.0500
113030 -1.341921 0.111387 0.0500
113230 -1.348099 0.109686 0.0500
113430 -1.332023 0.112019 0.0500
113630 -1.335494 0.110695 0.0500
113830 -1.332289 0.110693 0.0500
114030 -1.331374 0.110249 0.0500
114230 -1.326660 0.110609 0.0500
114430 -1.324300 0.110502 0.0500
114630 -1.296703 0.117670 0.0500
114830 -1.293678 0.118018 0.0500
115030 -1.261983 0.130874 0.0500
115230 -1.260888 0.130535 0.0500
115430 -1.231791 0.145102 0.0500
115630 -1.231113 0.144400 0.0500
115830 -1.214632 0.152635 0.0500
116030 -1.191542 0.165280 0.0500
116230 -1.236902 0.138407 0.0500
116430 -1.189116 0.164670 0.0500
116630 -1.209806 0.150900 0.0500
116830 -1.211626 0.148727 0.0500
117030 -1.200170 0.154127 0.0500
117230 -1.210189 0.147238 0.0500
117430 -1.204116 0.149494 0.0500
117630 -1.208408 0.145976 0.0500
117830 -1.176682 0.165247 0.0500
118030 -1.237855 0.130605 0.0500
118230 -1.221038 0.136854 0.0500
118430 -1.210585 0.140968 0.0500
118630 -1.218801 0.135956 0.0500
118830 -1.168461 0.167633 0.0500
119030 -1.212513 0.137213 0.0500
119230 -1.178213 0.157417 0.0500
119430 -1.153945 0.177696 0.0500
119630 -1.177125 0.155708 0.0500
119830 -1.118605 0.216583 0.0500
120030 -1.166006 0.162346 0.0500
120230 -1.149222 0.176632 0.0500
120430 -1.139772 0.185143 0.0500
120630 -1.147298 0.175355 0.0500
120830 -1.137758 0.184022 0.0500
121030 -1.164739 0.156702 0.0500
121230 -1.149221 0.168982 0.0500
121430 -1.116396 0.206784 0.0500
121630 -1.161421 0.155649 0.0500
121830 -1.127280 0.188893 0.0500
122030 -1.097888 0.230704 0.0500
122230 -1.132374 0.179231 0.0500
122430 -1.084272 0.251520 0.0500
122630 -1.078021 0.260957 0.0500
122830 -1.059839 0.299096 0.0500
123030 -1.028526 0.385510 0.0500
123230 -1.023896 0.393218 0.0500
123430 -1.013423 0.421028 0.0500
123630 -1.024405 0.375676 0.0500
123830 -0.980922 0.522977 0.0500
124030 -1.003546 0.428597 0.0500
124230 -0.985125 0.483944 0.0500
124430 -0.990034 0.454925 0.0500
124630 -0.988620 0.449224 0.0500
124830 -0.996611 0.413049 0.0500
125030 -0.977433 0.467911 0.0500
125230 -0.999746 0.386340 0.0500
125430 -0.998255 0.382969 0.0500
125630 -1.027538 0.307488 0.0500
125830 -1.069746 0.240081 0.0500
126030 -1.032502 0.290980 0.0500
126230 -1.076156 0.227069 0.0500
126430 -1.098364 0.200830 0.0500
126630 -1.079724 0.218362 0.0500
126830 -1.113584 0.182495 0.0500
127030 -1.089177 0.204200 0.0500
127230 -1.117921 0.175459 0.0500
127430 -1.147490 0.152813 0.0500
127630 -1.169422 0.140395 0.0500
127830 -1.184734 0.133671 0.0500
128030 -1.209229 0.126427 0.0500
128230 -1.238667 0.120353 0.0500
128430 -1.236534 0.119963 0.0500
128630 -1.258362 0.115758 0.0500
128830 -1.286953 0.110779 0.0500
129030 -1.300357 0.108330 0.0500
129230 -1.336387 0.104040 0.0500
129430 -1.326804 0.104290 0.0500
129630 -1.372034 0.101388 0.0500
129830 -1.352632 0.101487 0.0500
130030 -1.409785 0.101164 0.0500
130230 -1.398853 0.100172 0.0500
130430 -1.423842 0.101151 0.0500
130630 -1.433051 0.101568 0.0500
130830 -1.444937 0.102651 0.0500
131030 -1.449335 0.102837 0.0500
131230 -1.449824 0.102381 0.0500
131430 -1.488064 0.112317 0.0500
131630 -1.500558 0.116907 0.0500
131830 -1.537027 0.136285 0.0500
132030 -1.552380 0.145200 0.0500
132230 -1.568993 0.155382 0.0500
132430 -1.575291 0.158588 0.0500
132630 -1.571035 0.154315 0.0500
132830 -1.573362 0.154710 0.0500
133030 -1.591014 0.166552 0.0500
133230 -1.607452 0.178930 0.0500
133430 -1.609810 0.179401 0.0500
133630 -1.612211 0.179922 0.0500
133830 -1.626346 0.191751 0.0500
134030 -1.617236 0.181137 0.0500
134230 -1.611800 0.174604 0.0500
134430 -1.637482 0.197986 0.0500
134630 -1.634932 0.193319 0.0500
134830 -1.639282 0.195942 0.0500
135030 -1.628397 0.183065 0.0500
135230 -1.656498 0.211192 0.0500
135430 -1.652176 0.204048 0.0500
135630 -1.679510 0.233913 0.0500
135830 -1.666803 0.216130 0.0500
136030 -1.695842 0.248917 0.0500
136230 -1.676104 0.221938 0.0500
136430 -1.707588 0.258693 0.0500
136630 -1.700723 0.246217 0.0500
136830 -1.722602 0.273974 0.0500
137030 -1.718536 0.263975 0.0500
137230 -1.708577 0.246737 0.0500
137430 -1.715247 0.252524 0.0500
137630 -1.676487 0.206888 0.0500
137830 -1.704225 0.233086 0.0500
138030 -1.642571 0.177022 0.0500
138230 -1.694185 0.218047 0.0500
138430 -1.630743 0.167092 0.0500
138630 -1.677402 0.198721 0.0500
138830 -1.615536 0.156833 0.0500
139030 -1.649318 0.174590 0.0500
139230 -1.609568 0.151887 0.0500
139430 -1.638682 0.165326 0.0500
139630 -1.623258 0.155651 0.0500
139830 -1.619946 0.152863 0.0500
140030 -1.607010 0.146391 0.0500
140230 -1.588702 0.139538 0.0500
140430 -1.577792 0.135707 0.0500
140630 -1.566926 0.132104 0.0500
140830 -1.577885 0.133898 0.0500
141030 -1.547127 0.125426 0.0500
141230 -1.552075 0.125901 0.0500
141430 -1.526481 0.118137 0.0500
141630 -1.539176 0.120994 0.0500
141830 -1.515238 0.113557 0.0500
142030 -1.507825 0.110871 0.0500
142230 -1.495420 0.107105 0.0500
142430 -1.480344 0.103308 0.0500
142630 -1.483090 0.103289 0.0500
142830 -1.475716 0.101399 0.0500
143030 -1.475805 0.100887 0.0500
143230 -1.482756 0.101627 0.0500
143430 -1.467615 0.098639 0.0500
143630 -1.456394 0.096939 0.0500
143830 -1.445188 0.095741 0.0500
144030 -1.431342 0.094963 0.0500
144230 -1.412141 0.094900 0.0500
144430 -1.378841 0.096591 0.0500
144630 -1.360317 0.097819 0.0500
144830 -1.348069 0.098652 0.0500
145030 -1.333649 0.099961 0.0500
145230 -1.351165 0.097333 0.0500
145430 -1.313543 0.102110 0.0500
145630 -1.324997 0.099732 0.0500
145830 -1.315391 0.100755 0.0500
146030 -1.308289 0.101483 0.0500
146230 -1.304916 0.101581 0.0500
146430 -1.296142 0.102785 0.0500
146630 -1.319828 0.098049 0.0500
146830 -1.304760 0.100075 0.0500
147030 -1.315175 0.097774 0.0500
147230 -1.289376 0.102288 0.0500
147430 -1.290762 0.101440 0.0500
147630 -1.316010 0.096271 0.0500
147830 -1.300341 0.098450 0.0500
148030 -1.282947 0.101832 0.0500
148230 -1.297317 0.098067 0.0500
148430 -1.267551 0.104900 0.0500
148630 -1.283350 0.100198 0.0500
148830 -1.244027 0.110718 0.0500
149030 -1.251778 0.107798 0.0500
149230 -1.258616 0.105232 0.0500
149430 -1.228672 0.113600 0.0500
149630 -1.249352 0.106769 0.0500
149830 -1.215069 0.116722 0.0500
150030 -1.227245 0.112162 0.0500
150230 -1.236724 0.108691 0.0500
150430 -1.204330 0.118534 0.0500
150630 -1.242079 0.106074 0.0500
150830 -1.221679 0.111440 0.0500
151030 -1.247447 0.103554 0.0500
151230 -1.240958 0.104688 0.0500
151430 -1.265050 0.098460 0.0500
151630 -1.261421 0.098720 0.0500
151830 -1.244757 0.102167 0.0500
152030 -1.248228 0.100751 0.0500
152230 -1.224700 0.106958 0.0500
152430 -1.234412 0.103399 0.0500
152630 -1.226157 0.105351 0.0500
152830 -1.231570 0.103127 0.0500
153030 -1.240313 0.100173 0.0500
153230 -1.248305 0.097736 0.0500
153430 -1.244399 0.098151 0.0500
153630 -1.247654 0.096905 0.0500
153830 -1.254749 0.094950 0.0500
154030 -1.241785 0.097352 0.0500
154230 -1.234509 0.098817 0.0500
154430 -1.224983 0.101276 0.0500
154630 -1.222109 0.101736 0.0500
154830 -1.216644 0.103203 0.0500
155030 -1.203677 0.108103 0.0500
155230 -1.199235 0.109603 0.0500
155430 -1.206388 0.105697 0.0500
155630 -1.181205 0.118228 0.0500
155830 -1.160079 0.131749 0.0500
156030 -1.151547 0.137391 0.0500
156230 -1.146903 0.140150 0.0500
156430 -1.112953 0.170338 0.0500
156630 -1.095616 0.187286 0.0500
156830 -1.090124 0.191676 0.0500
157030 -1.084072 0.196814 0.0500
157230 -1.094448 0.183147 0.0500
157430 -1.078307 0.199968 0.0500
157630 -1.066365 0.213357 0.0500
157830 -1.088790 0.183935 0.0500
158030 -1.087372 0.183731 0.0500
158230 -1.096815 0.172373 0.0500
158430 -1.116885 0.153422 0.0500
158630 -1.095696 0.170702 0.0500
158830 -1.153225 0.127176 0.0500
159030 -1.161803 0.121636 0.0500
159230 -1.175012 0.114262 0.0500
159430 -1.211356 0.099540 0.0500
159630 -1.213695 0.098345 0.0500
159830 -1.245317 0.091198 0.0500
160030 -1.312539 0.088546 0.0500
160230 -1.302557 0.087861 0.0500
160430 -1.336372 0.088925 0.0500
160630 -1.343784 0.088957 0.0500
160830 -1.367545 0.089993 0.0500
161030 -1.414034 0.091738 0.0500
161230 -1.412226 0.091234 0.0500
161430 -1.451730 0.093498 0.0500
161630 -1.452633 0.093154 0.0500
161830 -1.480456 0.097476 0.0500
162030 -1.489363 0.099212 0.0500
162230 -1.483446 0.097203 0.0500
162430 -1.514264 0.106121 0.0500
162630 -1.489436 0.097768 0.0500
162830 -1.521524 0.107731 0.0500
163030 -1.505943 0.101663 0.0500
163230 -1.521899 0.106745 0.0500
163430 -1.503136 0.099726 0.0500
163630 -1.534197 0.110360 0.0500
163830 -1.520759 0.104660 0.0500
164030 -1.534095 0.109129 0.0500
164230 -1.542325 0.111725 0.0500
164430 -1.534307 0.107988 0.0500
164630 -1.536356 0.108172 0.0500
164830 -1.545539 0.111128 0.0500
165030 -1.558458 0.115611 0.0500
165230 -1.569206 0.119271 0.0500
165430 -1.567390 0.117804 0.0500
165630 -1.579116 0.121959 0.0500
165830 -1.582059 0.122466 0.0500
166030 -1.606761 0.133780 0.0500
166230 -1.622226 0.142165 0.0500
166430 -1.644108 0.157017 0.0500
166630 -1.651713 0.162016 0.0500
166830 -1.668665 0.176104 0.0500
167030 -1.671621 0.177425 0.0500
167230 -1.675898 0.180135 0.0500
167430 -1.703527 0.211609 0.0500
167630 -1.729122 0.251682 0.0500
167830 -1.739003 0.268901 0.0500
168030 -1.764003 0.330105 0.0500
168230 -1.784265 0.391575 0.0500
168430 -1.802693 0.453094 0.0500
168630 -1.821326 0.514892 0.0500
168830 -1.832192 0.541378 0.0500
169030 -1.852634 0.592980 0.0500
169230 -1.826107 0.491914 0.0500
169430 -1.858200 0.578677 0.0500
169630 -1.850067 0.539077 0.0500
169830 -1.867513 0.571167 0.0500
170030 -1.883487 0.593323 0.0500
170230 -1.860851 0.523249 0.0500
170430 -1.868972 0.528039 0.0500
170630 -1.863506 0.501750 0.0500
170830 -1.887121 0.543199 0.0500
171030 -1.881519 0.515279 0.0500
171230 -1.891597 0.525127 0.0500
171430 -1.866019 0.458977 0.0500
171630 -1.878908 0.472428 0.0500
171830 -1.827356 0.388404 0.0500
172030 -1.851551 0.409824 0.0500
172230 -1.809909 0.353962 0.0500
172430 -1.842553 0.384606 0.0500
172630 -1.777261 0.300244 0.0500
172830 -1.813693 0.342134 0.0500
173030 -1.760349 0.268443 0.0500
173230 -1.773535 0.282849 0.0500
173430 -1.736756 0.231145 0.0500
173630 -1.730457 0.221156 0.0500
173830 -1.705380 0.193533 0.0500
174030 -1.704517 0.190854 0.0500
174230 -1.671375 0.163687 0.0500
174430 -1.682503 0.170079 0.0500
174630 -1.642837 0.143985 0.0500
174830 -1.649080 0.146328 0.0500
175030 -1.620819 0.131399 0.0500
175230 -1.624535 0.132122 0.0500
175430 -1.598994 0.121538 0.0500
175630 -1.606804 0.123447 0.0500
175830 -1.560639 0.109300 0.0500
176030 -1.586969 0.115825 0.0500
176230 -1.532760 0.100967 0.0500
176430 -1.567517 0.109446 0.0500
176630 -1.525058 0.098143 0.0500
176830 -1.559944 0.106450 0.0500
177030 -1.515422 0.095132 0.0500
177230 -1.530430 0.098023 0.0500
177430 -1.531188 0.097711 0.0500
177630 -1.524459 0.095672 0.0500
177830 -1.544947 0.100189 0.0500
178030 -1.530466 0.096104 0.0500
178230 -1.554549 0.101782 0.0500
178430 -1.511731 0.091477 0.0500
178630 -1.542775 0.097762 0.0500
178830 -1.503157 0.089430 0.0500
179030 -1.532567 0.094422 0.0500
179230 -1.552185 0.099046 0.0500
179430 -1.553387 0.098882 0.0500
179630 -1.557931 0.099691 0.0500
179830 -1.559300 0.099584 0.0500
180030 -1.547201 0.095725 0.0500
180230 -1.542069 0.093972 0.0500
180430 -1.552368 0.096175 0.0500
180630 -1.546314 0.094109 0.0500
180830 -1.581777 0.104831 0.0500
181030 -1.581596 0.104200 0.0500
181230 -1.624426 0.123954 0.0500
181430 -1.597001 0.109360 0.0500
181630 -1.624290 0.122496 0.0500
181830 -1.633439 0.127155 0.0500
182030 -1.660729 0.144871 0.0500
182230 -1.676679 0.156217 0.0500
182430 -1.689715 0.166112 0.0500
182630 -1.685598 0.161098 0.0500
182830 -1.690840 0.164349 0.0500
183030 -1.718787 0.191490 0.0500
183230 -1.739903 0.216541 0.0500
183430 -1.749624 0.228016 0.0500
183630 -1.758140 0.238099 0.0500
183830 -1.761334 0.240078 0.0500
184030 -1.770391 0.251190 0.0500
184230 -1.782914 0.267843 0.0500
184430 -1.798801 0.289380 0.0500
184630 -1.790008 0.271445 0.0500
184830 -1.797713 0.279545 0.0500
185030 -1.781353 0.251124 0.0500
185230 -1.802398 0.279403 0.0500
185430 -1.791080 0.258545 0.0500
185630 -1.797799 0.264973 0.0500
185830 -1.797392 0.260795 0.0500
186030 -1.806395 0.270704 0.0500
186230 -1.803281 0.262328 0.0500
186430 -1.823346 0.290421 0.0500
186630 -1.808609 0.262949 0.0500
186830 -1.813882 0.267285 0.0500
187030 -1.777615 0.218298 0.0500
187230 -1.772652 0.210988 0.0500
187430 -1.753526 0.192576 0.0500
187630 -1.759361 0.195200 0.0500
187830 -1.727367 0.172008 0.0500
188030 -1.722070 0.167547 0.0500
188230 -1.701769 0.155636 0.0500
188430 -1.703885 0.155447 0.0500
188630 -1.703748 0.154143 0.0500
188830 -1.677765 0.140745 0.0500
189030 -1.667961 0.135306 0.0500
189230 -1.655611 0.128914 0.0500
189430 -1.652576 0.126750 0.0500
189630 -1.646478 0.123339 0.0500
189830 -1.638857 0.119431 0.0500
190030 -1.640588 0.119399 0.0500
190230 -1.617117 0.109924 0.0500
190430 -1.618781 0.109875 0.0500
190630 -1.584004 0.099092 0.0500
190830 -1.571513 0.095692 0.0500
191030 -1.546006 0.090342 0.0500
191230 -1.550096 0.090615 0.0500
191430 -1.531175 0.087376 0.0500
191630 -1.498889 0.084653 0.0500
191830 -1.467796 0.084964 0.0500
192030 -1.453628 0.085497 0.0500
192230 -1.438544 0.086222 0.0500
192430 -1.405079 0.087910 0.0500
192630 -1.410209 0.087281 0.0500
192830 -1.386709 0.087678 0.0500
193030 -1.385039 0.087310 0.0500
193230 -1.353876 0.086880 0.0500
193430 -1.355408 0.086514 0.0500
193630 -1.346639 0.086010 0.0500
193830 -1.319125 0.085426 0.0500
194030 -1.313812 0.085081 0.0500
194230 -1.300234 0.084958 0.0500
194430 -1.321659 0.084347 0.0500
194630 -1.311706 0.084014 0.0500
194830 -1.303985 0.083792 0.0500
195030 -1.324105 0.083315 0.0500
195230 -1.322745 0.082945 0.0500
195430 -1.343070 0.083121 0.0500
195630 -1.335679 0.082511 0.0500
195830 -1.375096 0.083991 0.0500
196030 -1.364095 0.083090 0.0500
196230 -1.389976 0.083910 0.0500
196430 -1.383272 0.083295 0.0500
196630 -1.415158 0.083740 0.0500
196830 -1.418308 0.083395 0.0500
197030 -1.426248 0.083030 0.0500
197230 -1.449280 0.082443 0.0500
197430 -1.441366 0.082199 0.0500
197630 -1.449020 0.081756 0.0500
197830 -1.430263 0.081670 0.0500
198030 -1.440012 0.081198 0.0500
198230 -1.441641 0.080840 0.0500
198430 -1.430079 0.080672 0.0500
198630 -1.423306 0.080451 0.0500
198830 -1.409388 0.080358 0.0500
199030 -1.406092 0.080080 0.0500
199230 -1.394298 0.079926 0.0500
199430 -1.369465 0.079850 0.0500
199630 -1.362336 0.079575 0.0500
199830 -1.343879 0.079467 0.0500
200030 -1.334630 0.079354 0.0500
200230 -1.328522 0.079229 0.0500
200430 -1.355946 0.078423 0.0500
200630 -1.337452 0.078346 0.0500
200830 -1.332547 0.078175 0.0500
201030 -1.314996 0.078748 0.0500
201230 -1.324779 0.077869 0.0500
201430 -1.331885 0.077281 0.0500
201630 -1.336898 0.076845 0.0500
201830 -1.321842 0.077112 0.0500
202030 -1.325408 0.076625 0.0500
202230 -1.334435 0.076012 0.0500
202430 -1.320508 0.076296 0.0500
202630 -1.370136 0.075997 0.0500
202830 -1.342655 0.075089 0.0500
203030 -1.365031 0.075243 0.0500
203230 -1.377164 0.075485 0.0500
203430 -1.338814 0.074366 0.0500
203630 -1.371396 0.074696 0.0500
203830 -1.349275 0.073773 0.0500
204030 -1.412907 0.076536 0.0500
204230 -1.373093 0.074027 0.0500
204430 -1.404946 0.075558 0.0500
204630 -1.394730 0.074660 0.0500
204830 -1.424849 0.076173 0.0500
205030 -1.423905 0.075821 0.0500
205230 -1.443410 0.076680 0.0500
205430 -1.466185 0.077865 0.0500
205630 -1.445518 0.076226 0.0500
205830 -1.480389 0.078434 0.0500
206030 -1.465753 0.076947 0.0500
206230 -1.499990 0.079943 0.0500
206430 -1.499000 0.079492 0.0500
206630 -1.494903 0.078682 0.0500
206830 -1.508602 0.080140 0.0500
207030 -1.467410 0.075766 0.0500
207230 -1.510305 0.079846 0.0500
207430 -1.467809 0.075280 0.0500
207630 -1.497423 0.077528 0.0500
207830 -1.468372 0.074769 0.0500
208030 -1.468993 0.074516 0.0500
208230 -1.476365 0.074686 0.0500
208430 -1.444500 0.073161 0.0500
208630 -1.466144 0.073556 0.0500
208830 -1.419323 0.072480 0.0500
209030 -1.451370 0.072542 0.0500
209230 -1.413261 0.071994 0.0500
209430 -1.417660 0.071728 0.0500
209630 -1.411211 0.071467 0.0500
209830 -1.417157 0.071204 0.0500
210030 -1.425946 0.070972 0.0500
210230 -1.402872 0.070738 0.0500
210430 -1.427114 0.070493 0.0500
210630 -1.381493 0.070501 0.0500
210830 -1.397011 0.070065 0.0500
211030 -1.352832 0.070860 0.0500
211230 -1.388520 0.069706 0.0500
211430 -1.363922 0.069950 0.0500
211630 -1.396066 0.069198 0.0500
211830 -1.363779 0.069504 0.0500
212030 -1.398499 0.068756 0.0500
212230 -1.383842 0.068583 0.0500
212430 -1.409299 0.068377 0.0500
212630 -1.366691 0.068564 0.0500
212830 -1.389486 0.067855 0.0500
213030 -1.374603 0.067850 0.0500
213230 -1.382855 0.067452 0.0500
213430 -1.375494 0.067360 0.0500
213630 -1.356469 0.067960 0.0500
213830 -1.405699 0.066951 0.0500
214030 -1.368679 0.066939 0.0500
214230 -1.398933 0.066405 0.0500
214430 -1.371530 0.066412 0.0500
214630 -1.373159 0.066131 0.0500
214830 -1.431651 0.067267 0.0500
215030 -1.364559 0.066170 0.0500
215230 -1.401625 0.065490 0.0500
215430 -1.386790 0.065118 0.0500
215630 -1.409103 0.065305 0.0500
215830 -1.415661 0.065382 0.0500
216030 -1.413445 0.065055 0.0500
216230 -1.452119 0.067919 0.0500
216430 -1.429811 0.065637 0.0500
216630 -1.442701 0.066506 0.0500
216830 -1.425715 0.064921 0.0500
217030 -1.463321 0.068425 0.0500
217230 -1.448760 0.066462 0.0500
217430 -1.454056 0.066818 0.0500
217630 -1.434863 0.064758 0.0500
217830 -1.446265 0.065544 0.0500
218030 -1.457717 0.066602 0.0500
218230 -1.450142 0.065504 0.0500
218430 -1.480846 0.069614 0.0500
218630 -1.446404 0.064719 0.0500
218830 -1.498219 0.072599 0.0500
219030 -1.472514 0.067572 0.0500
219230 -1.491693 0.070745 0.0500
219430 -1.484825 0.069171 0.0500
219630 -1.500878 0.072190 0.0500
219830 -1.515704 0.075488 0.0500
220030 -1.515582 0.075165 0.0500
220230 -1.544070 0.082858 0.0500
220430 -1.550270 0.084370 0.0500
220630 -1.561089 0.087321 0.0500
220830 -1.555547 0.085230 0.0500
221030 -1.570457 0.089496 0.0500
221230 -1.567780 0.088239 0.0500
221430 -1.574160 0.089867 0.0500
221630 -1.560594 0.085247 0.0500
221830 -1.586668 0.093251 0.0500
222030 -1.591446 0.094481 0.0500
222230 -1.613300 0.102427 0.0500
222430 -1.611657 0.101215 0.0500
222630 -1.613977 0.101640 0.0500
222830 -1.620029 0.103658 0.0500
223030 -1.617633 0.102091 0.0500
223230 -1.620002 0.102558 0.0500
223430 -1.645302 0.113908 0.0500
223630 -1.636689 0.108988 0.0500
223830 -1.673342 0.127931 0.0500
224030 -1.643712 0.111204 0.0500
224230 -1.686012 0.133984 0.0500
224430 -1.657550 0.116988 0.0500
224630 -1.673379 0.124952 0.0500
224830 -1.635995 0.105370 0.0500
225030 -1.642244 0.107566 0.0500
225230 -1.636172 0.104304 0.0500
225430 -1.613721 0.095348 0.0500
225630 -1.619722 0.096908 0.0500
225830 -1.626150 0.098764 0.0500
226030 -1.637181 0.102727 0.0500
226230 -1.615483 0.094067 0.0500
226430 -1.617295 0.094200 0.0500
226630 -1.594866 0.087544 0.0500
226830 -1.603679 0.089340 0.0500
227030 -1.567630 0.081353 0.0500
227230 -1.554864 0.078772 0.0500
227430 -1.562181 0.079731 0.0500
227630 -1.558920 0.078837 0.0500
227830 -1.574837 0.081379 0.0500
228030 -1.541996 0.075389 0.0500
228230 -1.563483 0.078713 0.0500
228430 -1.533686 0.073499 0.0500
228630 -1.548379 0.075582 0.0500
228830 -1.529972 0.072379 0.0500
229030 -1.521773 0.070887 0.0500
229230 -1.512771 0.069358 0.0500
229430 -1.491870 0.066523 0.0500
229630 -1.497684 0.066961 0.0500
229830 -1.475056 0.064438 0.0500
230030 -1.497133 0.066466 0.0500
230230 -1.473227 0.063878 0.0500
230430 -1.478499 0.064110 0.0500
230630 -1.462661 0.062726 0.0500
230830 -1.413562 0.061535 0.0500
231030 -1.440583 0.061435 0.0500
231230 -1.400997 0.061548 0.0500
231430 -1.403333 0.061266 0.0500
231630 -1.383397 0.062124 0.0500
231830 -1.366372 0.063381 0.0500
232030 -1.371579 0.062675 0.0500
232230 -1.341767 0.066111 0.0500
232430 -1.336353 0.066749 0.0500
232630 -1.293121 0.075306 0.0500
232830 -1.298194 0.073864 0.0500
233030 -1.276582 0.078618 0.0500
233230 -1.278787 0.077775 0.0500
233430 -1.245938 0.085753 0.0500
233630 -1.235769 0.088238 0.0500
233830 -1.255422 0.082530 0.0500
234030 -1.233830 0.088068 0.0500
234230 -1.247451 0.083874 0.0500
234430 -1.207021 0.096517 0.0500
234630 -1.224782 0.089711 0.0500
234830 -1.188697 0.103567 0.0500
235030 -1.196445 0.099505 0.0500
235230 -1.180770 0.106372 0.0500
235430 -1.163423 0.115248 0.0500
235630 -1.181246 0.104969 0.0500
235830 -1.169318 0.110641 0.0500
236030 -1.164189 0.112905 0.0500
236230 -1.140965 0.127054 0.0500
236430 -1.119498 0.142685 0.0500
236630 -1.101287 0.158306 0.0500
236830 -1.099574 0.158743 0.0500
237030 -1.067417 0.196631 0.0500
237230 -1.055745 0.212795 0.0500
237430 -1.023770 0.275351 0.0500
237630 -1.019059 0.283260 0.0500
237830 -1.022461 0.270730 0.0500
238030 -0.977069 0.412501 0.0500
238230 -0.980143 0.392099 0.0500
238430 -0.993105 0.339094 0.0500
238630 -0.969112 0.420282 0.0500
238830 -0.986013 0.349685 0.0500
239030 -0.953159 0.469101 0.0500
239230 -0.969102 0.395280 0.0500
239430 -1.011309 0.265816 0.0500
239630 -1.012721 0.259310 0.0500
239830 -0.993236 0.301861 0.0500
240030 -0.961269 0.405156 0.0500
240230 -0.981625 0.325219 0.0500
240430 -1.014920 0.241878 0.0500
240630 -1.018515 0.232948 0.0500
240830 -0.953436 0.417515 0.0500
241030 -0.960076 0.382164 0.0500
241230 -0.982531 0.300084 0.0500
241430 -0.926736 0.509516 0.0500
241630 -0.950578 0.397880 0.0500
241830 -0.929049 0.477737 0.0500
242030 -0.967304 0.324343 0.0500
242230 -0.941728 0.409068 0.0500
242430 -0.943075 0.395391 0.0500
242630 -0.941460 0.393532 0.0500
242830 -0.913424 0.497365 0.0500
243030 -0.968167 0.295687 0.0500
243230 -0.913285 0.481353 0.0500
243430 -0.930772 0.402569 0.0500
243630 -0.972687 0.273005 0.0500
243830 -0.940510 0.356392 0.0500
244030 -0.943318 0.340874 0.0500
244230 -0.989678 0.233957 0.0500
244430 -1.028518 0.195646 0.0500
244630 -1.058864 0.174907 0.0500
244830 -1.054405 0.176084 0.0500
245030 -1.084530 0.155910 0.0500
245230 -1.083471 0.155325 0.0500
245430 -1.139460 0.121599 0.0500
245630 -1.160496 0.110220 0.0500
245830 -1.189372 0.097349 0.0500
246030 -1.245911 0.081502 0.0500
246230 -1.277912 0.075199 0.0500
246430 -1.287715 0.073167 0.0500
246630 -1.319344 0.067629 0.0500
246830 -1.334911 0.065199 0.0500
247030 -1.391723 0.060456 0.0500
247230 -1.395088 0.060165 0.0500
247430 -1.397952 0.059906 0.0500
247630 -1.410996 0.059564 0.0500
247830 -1.408739 0.059389 0.0500
248030 -1.401631 0.059290 0.0500
248230 -1.411735 0.059025 0.0500
248430 -1.423310 0.058986 0.0500
248630 -1.414180 0.058680 0.0500
248830 -1.440410 0.059317 0.0500
249030 -1.421704 0.058433 0.0500
249230 -1.455662 0.060052 0.0500
249430 -1.425132 0.058186 0.0500
249630 -1.437356 0.058468 0.0500
249830 -1.409209 0.057758 0.0500
250030 -1.440058 0.058293 0.0500
250230 -1.439720 0.058099 0.0500
250430 -1.437858 0.057825 0.0500
250630 -1.446934 0.058219 0.0500
250830 -1.449868 0.058268 0.0500
251030 -1.478321 0.061181 0.0500
251230 -1.432665 0.056972 0.0500
251430 -1.447103 0.057574 0.0500
251630 -1.446991 0.057396 0.0500
251830 -1.446086 0.057164 0.0500
252030 -1.471860 0.059559 0.0500
252230 -1.450243 0.057141 0.0500
252430 -1.479137 0.060216 0.0500
252630 -1.491652 0.061987 0.0500
252830 -1.503508 0.063888 0.0500
253030 -1.504614 0.063884 0.0500
253230 -1.531742 0.069142 0.0500
253430 -1.530919 0.068723 0.0500
253630 -1.521639 0.066563 0.0500
253830 -1.516234 0.065262 0.0500
254030 -1.537009 0.069332 0.0500
254230 -1.540892 0.069926 0.0500
254430 -1.583525 0.079794 0.0500
254630 -1.588446 0.080809 0.0500
254830 -1.634585 0.097473 0.0500
255030 -1.624906 0.092639 0.0500
255230 -1.626555 0.092903 0.0500
255430 -1.643583 0.100563 0.0500
255630 -1.650969 0.104036 0.0500
255830 -1.678069 0.120410 0.0500
256030 -1.689990 0.128005 0.0500
256230 -1.697402 0.132540 0.0500
256430 -1.730806 0.157748 0.0500
256630 -1.715075 0.143915 0.0500
256830 -1.760249 0.182462 0.0500
257030 -1.735656 0.158146 0.0500
257230 -1.775108 0.195893 0.0500
257430 -1.748176 0.166312 0.0500
257630 -1.816440 0.253800 0.0500
257830 -1.779608 0.196018 0.0500
258030 -1.849627 0.318564 0.0500
258230 -1.815330 0.243457 0.0500
258430 -1.864175 0.348715 0.0500
258630 -1.827875 0.259444 0.0500
258830 -1.841978 0.284038 0.0500
259030 -1.846226 0.289225 0.0500
259230 -1.854466 0.304288 0.0500
259430 -1.855707 0.302626 0.0500
259630 -1.861649 0.313141 0.0500
259830 -1.897337 0.426566 0.0500
260030 -1.893805 0.403957 0.0500
260230 -1.903798 0.433677 0.0500
260430 -1.926494 0.514750 0.0500
260630 -1.946240 0.574619 0.0500
260830 -1.948248 0.564546 0.0500
261030 -1.933287 0.498644 0.0500
261230 -1.949971 0.540606 0.0500
261430 -1.955045 0.541172 0.0500
261630 -1.952994 0.520355 0.0500
261830 -1.952727 0.505874 0.0500
262030 -1.947234 0.477688 0.0500
262230 -1.972591 0.536348 0.0500
262430 -1.961714 0.492450 0.0500
262630 -1.967321 0.494879 0.0500
262830 -1.929410 0.395636 0.0500
263030 -1.955879 0.445947 0.0500
263230 -1.922580 0.367489 0.0500
263430 -1.932961 0.379721 0.0500
263630 -1.882240 0.293107 0.0500
263830 -1.900234 0.314164 0.0500
264030 -1.847187 0.243628 0.0500
264230 -1.866696 0.262175 0.0500
264430 -1.835628 0.226528 0.0500
264630 -1.835974 0.224225 0.0500
264830 -1.792797 0.187545 0.0500
265030 -1.777515 0.175319 0.0500
265230 -1.767576 0.167385 0.0500
265430 -1.733514 0.146124 0.0500
265630 -1.715041 0.134833 0.0500
265830 -1.668213 0.108721 0.0500
266030 -1.660131 0.104090 0.0500
266230 -1.626536 0.089402 0.0500
266430 -1.634508 0.091923 0.0500
266630 -1.587863 0.078008 0.0500
266830 -1.595151 0.079326 0.0500
267030 -1.556325 0.071295 0.0500
267230 -1.567901 0.073171 0.0500
267430 -1.539613 0.067797 0.0500
267630 -1.564308 0.072007 0.0500
267830 -1.516486 0.063485 0.0500
268030 -1.534247 0.066216 0.0500
268230 -1.491730 0.059580 0.0500
268430 -1.495194 0.059836 0.0500
268630 -1.472751 0.057191 0.0500
268830 -1.460152 0.056058 0.0500
269030 -1.466785 0.056365 0.0500
269230 -1.443256 0.054997 0.0500
269430 -1.440583 0.054785 0.0500
269630 -1.410796 0.055165 0.0500
269830 -1.381250 0.057422 0.0500
270030 -1.362525 0.059523 0.0500
270230 -1.363197 0.059252 0.0500
270430 -1.331373 0.063965 0.0500
270630 -1.313700 0.066955 0.0500
270830 -1.295326 0.070275 0.0500
271030 -1.258310 0.077482 0.0500
271230 -1.263746 0.076056 0.0500
271430 -1.230995 0.083058 0.0500
271630 -1.226488 0.083862 0.0500
271830 -1.231796 0.082152 0.0500
272030 -1.213950 0.086683 0.0500
272230 -1.193407 0.093331 0.0500
272430 -1.189441 0.094433 0.0500
272630 -1.183489 0.096416 0.0500
272830 -1.206016 0.087606 0.0500
273030 -1.172276 0.100567 0.0500
273230 -1.182415 0.095522 0.0500
273430 -1.185227 0.093890 0.0500
273630 -1.150550 0.110322 0.0500
273830 -1.173994 0.097809 0.0500
274030 -1.154529 0.107018 0.0500
274230 -1.141426 0.113838 0.0500
274430 -1.151415 0.107512 0.0500
274630 -1.113704 0.130083 0.0500
274830 -1.163590 0.100247 0.0500
275030 -1.138734 0.112969 0.0500
275230 -1.126212 0.119959 0.0500
275430 -1.142862 0.109299 0.0500
275630 -1.121305 0.121738 0.0500
275830 -1.155943 0.101345 0.0500
276030 -1.152842 0.102326 0.0500
276230 -1.151327 0.102542 0.0500
276430 -1.163756 0.096261 0.0500
276630 -1.128073 0.114655 0.0500
276830 -1.131274 0.112007 0.0500
277030 -1.131277 0.111363 0.0500
277230 -1.116973 0.119919 0.0500
277430 -1.129473 0.111156 0.0500
277630 -1.130707 0.109787 0.0500
277830 -1.129606 0.109824 0.0500
278030 -1.136248 0.105409 0.0500
278230 -1.166105 0.091563 0.0500
278430 -1.177442 0.087551 0.0500
278630 -1.153881 0.095468 0.0500
278830 -1.170265 0.088923 0.0500
279030 -1.168384 0.089127 0.0500
279230 -1.157346 0.092741 0.0500
279430 -1.219625 0.078026 0.0500
279630 -1.224551 0.077146 0.0500
279830 -1.241629 0.075060 0.0500
280030 -1.257396 0.073158 0.0500
280230 -1.253934 0.073247 0.0500
280430 -1.322776 0.064018 0.0500
280630 -1.293038 0.068132 0.0500
280830 -1.359106 0.058808 0.0500
281030 -1.292679 0.067859 0.0500
281230 -1.371654 0.057199 0.0500
281430 -1.329941 0.062148 0.0500
281630 -1.378653 0.056253 0.0500
281830 -1.378975 0.056063 0.0500
282030 -1.361827 0.057606 0.0500
282230 -1.382515 0.055452 0.0500
282430 -1.339046 0.060167 0.0500
282630 -1.388878 0.054717 0.0500
282830 -1.325605 0.061865 0.0500
283030 -1.350992 0.058114 0.0500
283230 -1.330523 0.060760 0.0500
283430 -1.319140 0.062329 0.0500
283630 -1.317485 0.062393 0.0500
283830 -1.287101 0.067128 0.0500
284030 -1.323753 0.061052 0.0500
284230 -1.280478 0.067783 0.0500
284430 -1.288419 0.066298 0.0500
284630 -1.289043 0.065973 0.0500
284830 -1.277186 0.067606 0.0500
285030 -1.280510 0.066860 0.0500
285230 -1.257787 0.070036 0.0500
285430 -1.289410 0.065058 0.0500
285630 -1.267665 0.068134 0.0500
285830 -1.318285 0.060475 0.0500
286030 -1.299578 0.062939 0.0500
286230 -1.335364 0.058016 0.0500
286430 -1.298546 0.062746 0.0500
286630 -1.317591 0.059850 0.0500
286830 -1.298356 0.062394 0.0500
287030 -1.286419 0.064034 0.0500
287230 -1.294759 0.062536 0.0500
287430 -1.264006 0.067236 0.0500
287630 -1.289726 0.062915 0.0500
287830 -1.257635 0.067867 0.0500
288030 -1.302618 0.060688 0.0500
288230 -1.252998 0.068269 0.0500
288430 -1.316678 0.058620 0.0500
288630 -1.267499 0.065512 0.0500
288830 -1.270147 0.064861 0.0500
289030 -1.291094 0.061443 0.0500
289230 -1.239635 0.069722 0.0500
289430 -1.301318 0.059759 0.0500
289630 -1.236466 0.069958 0.0500
289830 -1.279842 0.062428 0.0500
290030 -1.266059 0.064378 0.0500
290230 -1.251329 0.066655 0.0500
290430 -1.288056 0.060702 0.0500
290630 -1.239499 0.068431 0.0500
290830 -1.288346 0.060343 0.0500
291030 -1.229074 0.070105 0.0500
291230 -1.289639 0.059885 0.0500
291430 -1.236667 0.068239 0.0500
291630 -1.254829 0.064700 0.0500
291830 -1.269442 0.062153 0.0500
292030 -1.239946 0.066980 0.0500
292230 -1.296997 0.058317 0.0500
292430 -1.243410 0.065987 0.0500
292630 -1.274915 0.060663 0.0500
292830 -1.290264 0.058578 0.0500
293030 -1.284845 0.059026 0.0500
293230 -1.335676 0.054820 0.0500
293430 -1.285841 0.058629 0.0500
293630 -1.357440 0.053769 0.0500
293830 -1.350452 0.053845 0.0500
294030 -1.376645 0.052997 0.0500
294230 -1.395613 0.052583 0.0500
294430 -1.376557 0.052722 0.0500
294630 -1.418976 0.052465 0.0500
294830 -1.389817 0.052242 0.0500
295030 -1.429748 0.052543 0.0500
295230 -1.394568 0.051942 0.0500
295430 -1.389647 0.051865 0.0500
295630 -1.394560 0.051667 0.0500
295830 -1.369804 0.052076 0.0500
296030 -1.397606 0.051389 0.0500
296230 -1.346331 0.052842 0.0500
296430 -1.393715 0.051192 0.0500
296630 -1.353905 0.052223 0.0500
296830 -1.349882 0.052282 0.0500
297030 -1.328615 0.053474 0.0500
297230 -1.312410 0.054708 0.0500
297430 -1.319795 0.053885 0.0500
297630 -1.289308 0.057056 0.0500
297830 -1.283288 0.057722 0.0500
298030 -1.265525 0.060368 0.0500
298230 -1.282325 0.057521 0.0500
298430 -1.266459 0.059852 0.0500
298630 -1.251989 0.062346 0.0500
298830 -1.256679 0.061241 0.0500
299030 -1.238338 0.064817 0.0500
299230 -1.236571 0.064996 0.0500
299430 -1.200280 0.074198 0.0500
299630 -1.198927 0.074321 0.0500
299830 -1.201978 0.073136 0.0500
300030 -1.180382 0.079863 0.0500
300230 -1.171449 0.082941 0.0500
300430 -1.191553 0.075447 0.0500
300630 -1.165866 0.084615 0.0500
300830 -1.203301 0.071456 0.0500
301030 -1.197144 0.072924 0.0500
301230 -1.185199 0.076374 0.0500
301430 -1.208129 0.069417 0.0500
301630 -1.208848 0.068989 0.0500
301830 -1.214927 0.067284 0.0500
302030 -1.229357 0.063972 0.0500
302230 -1.230270 0.063584 0.0500
302430 -1.253816 0.059373 0.0500
302630 -1.237078 0.061929 0.0500
302830 -1.250711 0.059478 0.0500
303030 -1.246803 0.059903 0.0500
303230 -1.268901 0.056683 0.0500
303430 -1.267133 0.056728 0.0500
303630 -1.264518 0.056883 0.0500
303830 -1.269530 0.056117 0.0500
304030 -1.253840 0.058000 0.0500
304230 -1.248187 0.058690 0.0500
304430 -1.267239 0.055905 0.0500
304630 -1.224820 0.062786 0.0500
304830 -1.268412 0.055488 0.0500
305030 -1.285013 0.053763 0.0500
305230 -1.277489 0.054260 0.0500
305430 -1.303044 0.052321 0.0500
305630 -1.311816 0.051787 0.0500
305830 -1.336279 0.050950 0.0500
306030 -1.361680 0.050468 0.0500
306230 -1.371057 0.050278 0.0500
306430 -1.376651 0.050134 0.0500
306630 -1.389888 0.050060 0.0500
306830 -1.391306 0.049947 0.0500
307030 -1.400548 0.049969 0.0500
307230 -1.441094 0.051925 0.0500
307430 -1.435337 0.051337 0.0500
307630 -1.453433 0.052798 0.0500
307830 -1.470960 0.054692 0.0500
308030 -1.474383 0.054989 0.0500
308230 -1.504131 0.059435 0.0500
308430 -1.508849 0.060083 0.0500
308630 -1.531335 0.064122 0.0500
308830 -1.527523 0.063171 0.0500
309030 -1.548481 0.067127 0.0500
309230 -1.547919 0.066782 0.0500
309430 -1.584188 0.074415 0.0500
309630 -1.593254 0.076386 0.0500
309830 -1.645191 0.094503 0.0500
310030 -1.629301 0.087286 0.0500
310230 -1.667433 0.104842 0.0500
310430 -1.643500 0.092428 0.0500
310630 -1.687507 0.115192 0.0500
310830 -1.682544 0.111648 0.0500
311030 -1.726584 0.137323 0.0500
311230 -1.707683 0.125012 0.0500
311430 -1.756746 0.154668 0.0500
311630 -1.721613 0.131707 0.0500
311830 -1.759156 0.154254 0.0500
312030 -1.722468 0.130528 0.0500
312230 -1.762569 0.154593 0.0500
312430 -1.749154 0.144556 0.0500
312630 -1.765750 0.154489 0.0500
312830 -1.759921 0.149293 0.0500
313030 -1.770162 0.155233 0.0500
313230 -1.752810 0.142518 0.0500
313430 -1.759902 0.145927 0.0500
313630 -1.747078 0.137103 0.0500
313830 -1.760916 0.144513 0.0500
314030 -1.746266 0.134727 0.0500
314230 -1.753742 0.138041 0.0500
314430 -1.736974 0.128150 0.0500
314630 -1.729980 0.124089 0.0500
314830 -1.710396 0.115268 0.0500
315030 -1.713640 0.115852 0.0500
315230 -1.688436 0.105680 0.0500
315430 -1.692966 0.106787 0.0500
315630 -1.668490 0.097256 0.0500
315830 -1.668429 0.096750 0.0500
316030 -1.643387 0.087702 0.0500
316230 -1.647739 0.088720 0.0500
316430 -1.624947 0.081490 0.0500
316630 -1.627319 0.081795 0.0500
316830 -1.613118 0.077848 0.0500
317030 -1.606959 0.076150 0.0500
317230 -1.599667 0.074339 0.0500
317430 -1.601427 0.074409 0.0500
317630 -1.585433 0.071165 0.0500
317830 -1.585548 0.070925 0.0500
318030 -1.565730 0.067501 0.0500
318230 -1.550239 0.064918 0.0500
318430 -1.545049 0.063917 0.0500
318630 -1.542526 0.063328 0.0500
318830 -1.542123 0.063062 0.0500
319030 -1.530901 0.061193 0.0500
319230 -1.525493 0.060216 0.0500
319430 -1.509614 0.057825 0.0500
319630 -1.515480 0.058448 0.0500
319830 -1.474003 0.053378 0.0500
320030 -1.511308 0.057588 0.0500
320230 -1.438389 0.050441 0.0500
320430 -1.479237 0.053527 0.0500
320630 -1.447591 0.050744 0.0500
320830 -1.482287 0.053588 0.0500
321030 -1.468121 0.052055 0.0500
321230 -1.483708 0.053457 0.0500
321430 -1.477718 0.052683 0.0500
321630 -1.473251 0.052107 0.0500
321830 -1.490574 0.053811 0.0500
322030 -1.474831 0.051981 0.0500
322230 -1.497316 0.054363 0.0500
322430 -1.499794 0.054536 0.0500
322630 -1.521302 0.057549 0.0500
322830 -1.500641 0.054348 0.0500
323030 -1.526036 0.058006 0.0500
323230 -1.502322 0.054275 0.0500
323430 -1.506345 0.054669 0.0500
323630 -1.474978 0.051041 0.0500
323830 -1.483908 0.051720 0.0500
324030 -1.461906 0.049844 0.0500
324230 -1.437708 0.048711 0.0500
324430 -1.464804 0.049790 0.0500
324630 -1.433193 0.048392 0.0500
324830 -1.477591 0.050569 0.0500
325030 -1.428474 0.048130 0.0500
325230 -1.450618 0.048567 0.0500
325430 -1.432666 0.047949 0.0500
325630 -1.441178 0.048005 0.0500
325830 -1.459723 0.048689 0.0500
326030 -1.450076 0.048077 0.0500
326230 -1.454114 0.048142 0.0500
326430 -1.459333 0.048307 0.0500
326630 -1.520519 0.055720 0.0500
326830 -1.510597 0.053861 0.0500
327030 -1.531872 0.057519 0.0500
327230 -1.529254 0.056853 0.0500
327430 -1.548961 0.060564 0.0500
327630 -1.551910 0.060975 0.0500
327830 -1.570382 0.064621 0.0500
328030 -1.582755 0.067089 0.0500
328230 -1.585413 0.067452 0.0500
328430 -1.601713 0.071108 0.0500
328630 -1.599538 0.070302 0.0500
328830 -1.612339 0.073432 0.0500
329030 -1.621060 0.075717 0.0500
329230 -1.620685 0.075309 0.0500
329430 -1.635046 0.079716 0.0500
329630 -1.634491 0.079197 0.0500
329830 -1.652046 0.085420 0.0500
330030 -1.659823 0.088190 0.0500
330230 -1.675469 0.094416 0.0500
330430 -1.674250 0.093434 0.0500
330630 -1.669945 0.091159 0.0500
330830 -1.689673 0.099278 0.0500
331030 -1.701338 0.104005 0.0500
331230 -1.708752 0.106857 0.0500
331430 -1.724800 0.114074 0.0500
331630 -1.737100 0.120048 0.0500
331830 -1.780463 0.151165 0.0500
332030 -1.795188 0.164166 0.0500
332230 -1.799298 0.166983 0.0500
332430 -1.817747 0.185554 0.0500
332630 -1.815841 0.181661 0.0500
332830 -1.831651 0.198231 0.0500
333030 -1.829114 0.193221 0.0500
333230 -1.833803 0.196851 0.0500
333430 -1.818993 0.178197 0.0500
333630 -1.832782 0.191965 0.0500
333830 -1.821648 0.177692 0.0500
334030 -1.846918 0.205921 0.0500
334230 -1.805133 0.158781 0.0500
334430 -1.815902 0.167375 0.0500
334630 -1.784232 0.140183 0.0500
334830 -1.792681 0.145175 0.0500
335030 -1.766996 0.127801 0.0500
335230 -1.757156 0.121998 0.0500
335430 -1.729727 0.109968 0.0500
335630 -1.722424 0.106730 0.0500
335830 -1.705568 0.100345 0.0500
336030 -1.699536 0.097782 0.0500
336230 -1.675497 0.089163 0.0500
336430 -1.684879 0.091921 0.0500
336630 -1.654681 0.081615 0.0500
336830 -1.644965 0.078362 0.0500
337030 -1.607660 0.068968 0.0500
337230 -1.605073 0.068215 0.0500
337430 -1.598877 0.066814 0.0500
337630 -1.583877 0.064023 0.0500
337830 -1.598281 0.066268 0.0500
338030 -1.557675 0.059579 0.0500
338230 -1.573941 0.061872 0.0500
338430 -1.535196 0.055866 0.0500
338630 -1.532220 0.055269 0.0500
338830 -1.509488 0.052009 0.0500
339030 -1.488902 0.049621 0.0500
339230 -1.479912 0.048733 0.0500
339430 -1.469962 0.047939 0.0500
339630 -1.435346 0.046840 0.0500
339830 -1.425594 0.046789 0.0500
340030 -1.416850 0.046836 0.0500
340230 -1.418602 0.046684 0.0500
340430 -1.404654 0.046972 0.0500
340630 -1.373492 0.048207 0.0500
340830 -1.388134 0.047417 0.0500
341030 -1.334393 0.049819 0.0500
341230 -1.358329 0.048585 0.0500
341430 -1.340193 0.049304 0.0500
341630 -1.342077 0.049091 0.0500
341830 -1.345402 0.048814 0.0500
342030 -1.333702 0.049247 0.0500
342230 -1.357600 0.048040 0.0500
342430 -1.332811 0.049059 0.0500
342630 -1.345340 0.048341 0.0500
342830 -1.328830 0.049027 0.0500
343030 -1.321502 0.049316 0.0500
343230 -1.316482 0.049501 0.0500
343430 -1.305731 0.050126 0.0500
343630 -1.311672 0.049568 0.0500
343830 -1.291248 0.051126 0.0500
344030 -1.323851 0.048590 0.0500
344230 -1.326560 0.048329 0.0500
344430 -1.341097 0.047574 0.0500
344630 -1.323994 0.048230 0.0500
344830 -1.335088 0.047584 0.0500
345030 -1.336548 0.047407 0.0500
345230 -1.305324 0.049141 0.0500
345430 -1.318556 0.048082 0.0500
345630 -1.301202 0.049251 0.0500
345830 -1.324737 0.047507 0.0500
346030 -1.309377 0.048350 0.0500
346230 -1.253785 0.055342 0.0500
346430 -1.273855 0.051926 0.0500
346630 -1.252390 0.055308 0.0500
346830 -1.245340 0.056525 0.0500
347030 -1.254179 0.054665 0.0500
347230 -1.233070 0.058874 0.0500
347430 -1.237357 0.057725 0.0500
347630 -1.231677 0.058848 0.0500
347830 -1.220507 0.061466 0.0500
348030 -1.201614 0.066851 0.0500
348230 -1.194708 0.068961 0.0500
348430 -1.206071 0.064981 0.0500
348630 -1.196376 0.067915 0.0500
348830 -1.130684 0.101326 0.0500
349030 -1.139502 0.094835 0.0500
349230 -1.111182 0.115208 0.0500
349430 -1.098206 0.125501 0.0500
349630 -1.068804 0.150996 0.0500
349830 -1.075719 0.143670 0.0500
350030 -1.062667 0.154144 0.0500
350230 -1.054039 0.160391 0.0500
350430 -1.053983 0.159123 0.0500
350630 -1.061891 0.151135 0.0500
350830 -1.051550 0.158676 0.0500
351030 -1.062688 0.148113 0.0500
351230 -1.061509 0.147962 0.0500
351430 -1.074338 0.136491 0.0500
351630 -1.041813 0.162382 0.0500
351830 -1.060849 0.145259 0.0500
352030 -1.055069 0.148835 0.0500
352230 -1.069165 0.136631 0.0500
352430 -1.090647 0.120120 0.0500
352630 -1.070089 0.134213 0.0500
352830 -1.079045 0.126706 0.0500
353030 -1.085705 0.121222 0.0500
353230 -1.108054 0.106255 0.0500
353430 -1.097595 0.112057 0.0500
353630 -1.088219 0.117505 0.0500
353830 -1.136687 0.089603 0.0500
354030 -1.123071 0.095889 0.0500
354230 -1.133192 0.090411 0.0500
354430 -1.163015 0.077370 0.0500
354630 -1.148230 0.082951 0.0500
354830 -1.183620 0.069708 0.0500
355030 -1.157799 0.078485 0.0500
355230 -1.155161 0.079205 0.0500
355430 -1.157122 0.078115 0.0500
355630 -1.170746 0.072857 0.0500
355830 -1.174215 0.071429 0.0500
356030 -1.149298 0.080407 0.0500
356230 -1.162908 0.074777 0.0500
356430 -1.183381 0.067848 0.0500
356630 -1.156036 0.076836 0.0500
356830 -1.163566 0.073727 0.0500
357030 -1.164627 0.073073 0.0500
357230 -1.149581 0.078562 0.0500
357430 -1.157111 0.075251 0.0500
357630 -1.135081 0.084490 0.0500
357830 -1.111283 0.097233 0.0500
358030 -1.141470 0.080788 0.0500
358230 -1.127834 0.087027 0.0500
358430 -1.095119 0.106707 0.0500
358630 -1.132020 0.084171 0.0500
358830 -1.123097 0.088363 0.0500
359030 -1.102519 0.100286 0.0500
359230 -1.117256 0.090743 0.0500
359430 -1.104878 0.097788 0.0500
359630 -1.095853 0.103358 0.0500
359830 -1.116152 0.090061 0.0500
360030 -1.064204 0.127837 0.0500
360230 -1.082074 0.111970 0.0500
360430 -1.099376 0.098908 0.0500
360630 -1.071121 0.119749 0.0500
360830 -1.066990 0.122583 0.0500
361030 -1.056993 0.130872 0.0500
361230 -1.090609 0.102683 0.0500
361430 -1.055877 0.130499 0.0500
361630 -1.044328 0.140947 0.0500
361830 -1.058744 0.126091 0.0500
362030 -1.046824 0.136559 0.0500
362230 -1.061217 0.122250 0.0500
362430 -1.057493 0.124762 0.0500
362630 -1.045163 0.135594 0.0500
362830 -1.100450 0.092975 0.0500
363030 -1.106681 0.089310 0.0500
363230 -1.093080 0.096256 0.0500
363430 -1.160083 0.069547 0.0500
363630 -1.149317 0.072181 0.0500
363830 -1.143561 0.073609 0.0500
364030 -1.194478 0.061681 0.0500
364230 -1.165662 0.067288 0.0500
364430 -1.219898 0.057213 0.0500
364630 -1.216496 0.057560 0.0500
364830 -1.239355 0.054134 0.0500
365030 -1.278735 0.049586 0.0500
365230 -1.262018 0.051118 0.0500
365430 -1.339821 0.046308 0.0500
365630 -1.311783 0.047065 0.0500
365830 -1.367457 0.045807 0.0500
366030 -1.355116 0.045801 0.0500
366230 -1.390251 0.045483 0.0500
366430 -1.388696 0.045382 0.0500
366630 -1.410488 0.045266 0.0500
366830 -1.407203 0.045150 0.0500
367030 -1.419288 0.045122 0.0500
367230 -1.437552 0.045387 0.0500
367430 -1.430899 0.045106 0.0500
367630 -1.466029 0.046628 0.0500
367830 -1.450339 0.045577 0.0500
368030 -1.438079 0.044999 0.0500
368230 -1.449806 0.045343 0.0500
368430 -1.436874 0.044760 0.0500
368630 -1.442253 0.044825 0.0500
368830 -1.423911 0.044324 0.0500
369030 -1.441510 0.044601 0.0500
369230 -1.446340 0.044685 0.0500
369430 -1.438805 0.044310 0.0500
369630 -1.413657 0.043932 0.0500
369830 -1.417933 0.043822 0.0500
370030 -1.377729 0.044382 0.0500
370230 -1.375936 0.044326 0.0500
370430 -1.356252 0.044755 0.0500
370630 -1.374184 0.044174 0.0500
370830 -1.342877 0.044986 0.0500
371030 -1.345999 0.044776 0.0500
371230 -1.317523 0.045912 0.0500
371430 -1.308467 0.046354 0.0500
371630 -1.308709 0.046228 0.0500
371830 -1.302620 0.046537 0.0500
372030 -1.287366 0.047679 0.0500
372230 -1.265562 0.049870 0.0500
372430 -1.268634 0.049383 0.0500
372630 -1.254439 0.051013 0.0500
372830 -1.264032 0.049672 0.0500
373030 -1.242922 0.052347 0.0500
373230 -1.248597 0.051405 0.0500
373430 -1.240845 0.052373 0.0500
373630 -1.229537 0.053960 0.0500
373830 -1.243051 0.051773 0.0500
374030 -1.237745 0.052409 0.0500
374230 -1.262788 0.048979 0.0500
374430 -1.230431 0.053280 0.0500
374630 -1.230240 0.053165 0.0500
374830 -1.269548 0.047935 0.0500
375030 -1.214229 0.055646 0.0500
375230 -1.244504 0.050674 0.0500
375430 -1.240800 0.051059 0.0500
375630 -1.235341 0.051725 0.0500
375830 -1.273050 0.047113 0.0500
376030 -1.256863 0.048627 0.0500
376230 -1.266051 0.047531 0.0500
376430 -1.289261 0.045605 0.0500
376630 -1.290729 0.045412 0.0500
376830 -1.278852 0.046097 0.0500
377030 -1.287107 0.045418 0.0500
377230 -1.279855 0.045807 0.0500
377430 -1.307615 0.044262 0.0500
377630 -1.314809 0.043961 0.0500
377830 -1.323907 0.043685 0.0500
378030 -1.332061 0.043489 0.0500
378230 -1.338669 0.043343 0.0500
378430 -1.358966 0.043197 0.0500
378630 -1.354995 0.043106 0.0500
378830 -1.374642 0.042999 0.0500
379030 -1.366919 0.042909 0.0500
379230 -1.390346 0.042817 0.0500
379430 -1.394162 0.042731 0.0500
379630 -1.404388 0.042689 0.0500
379830 -1.414514 0.042714 0.0500
380030 -1.403908 0.042500 0.0500
380230 -1.395552 0.042371 0.0500
380430 -1.385518 0.042284 0.0500
380630 -1.367661 0.042280 0.0500
380830 -1.387460 0.042103 0.0500
381030 -1.352787 0.042247 0.0500
381230 -1.387656 0.041941 0.0500
381430 -1.374680 0.041887 0.0500
381630 -1.387576 0.041764 0.0500
381830 -1.374431 0.041712 0.0500
382030 -1.396645 0.041624 0.0500
382230 -1.375749 0.041534 0.0500
382430 -1.382690 0.041417 0.0500
382630 -1.388880 0.041329 0.0500
382830 -1.368996 0.041331 0.0500
383030 -1.394677 0.041191 0.0500
383230 -1.377803 0.041093 0.0500
383430 -1.406016 0.041179 0.0500
383630 -1.401526 0.041014 0.0500
383830 -1.399057 0.040895 0.0500
384030 -1.432116 0.041906 0.0500
384230 -1.401909 0.040775 0.0500
384430 -1.446856 0.042754 0.0500
384630 -1.449081 0.042842 0.0500
384830 -1.457017 0.043457 0.0500
385030 -1.463305 0.043992 0.0500
385230 -1.473188 0.045007 0.0500
385430 -1.489855 0.047107 0.0500
385630 -1.516515 0.051220 0.0500
385830 -1.513557 0.050586 0.0500
386030 -1.532995 0.053819 0.0500
386230 -1.536352 0.054262 0.0500
386430 -1.543045 0.055291 0.0500
386630 -1.546347 0.055714 0.0500
386830 -1.558748 0.057729 0.0500
387030 -1.558032 0.057434 0.0500
387230 -1.566935 0.058823 0.0500
387430 -1.549698 0.055658 0.0500
387630 -1.560779 0.057410 0.0500
387830 -1.569153 0.058709 0.0500
388030 -1.571423 0.058935 0.0500
388230 -1.579217 0.060169 0.0500
388430 -1.559274 0.056485 0.0500
388630 -1.580699 0.060099 0.0500
388830 -1.583316 0.060406 0.0500
389030 -1.574941 0.058681 0.0500
389230 -1.566679 0.057074 0.0500
389430 -1.561152 0.055991 0.0500
389630 -1.565677 0.056577 0.0500
389830 -1.580288 0.058983 0.0500
390030 -1.575596 0.057950 0.0500
390230 -1.583046 0.059150 0.0500
390430 -1.571813 0.056948 0.0500
390630 -1.566382 0.055878 0.0500
390830 -1.548841 0.053052 0.0500
391030 -1.542325 0.051992 0.0500
391230 -1.556872 0.053948 0.0500
391430 -1.523228 0.049246 0.0500
391630 -1.532474 0.050285 0.0500
391830 -1.525829 0.049316 0.0500
392030 -1.530136 0.049731 0.0500
392230 -1.510588 0.047284 0.0500
392430 -1.520652 0.048326 0.0500
392630 -1.504513 0.046401 0.0500
392830 -1.508319 0.046696 0.0500
393030 -1.479150 0.043802 0.0500
393230 -1.510628 0.046749 0.0500
393430 -1.478788 0.043588 0.0500
393630 -1.483944 0.043922 0.0500
393830 -1.454404 0.041715 0.0500
394030 -1.443841 0.041090 0.0500
394230 -1.443965 0.041009 0.0500
394430 -1.438170 0.040683 0.0500
394630 -1.459569 0.041684 0.0500
394830 -1.440968 0.040628 0.0500
395030 -1.461591 0.041645 0.0500
395230 -1.454150 0.041100 0.0500
395430 -1.473238 0.042321 0.0500
395630 -1.471610 0.042101 0.0500
395830 -1.484922 0.043154 0.0500
396030 -1.497921 0.044376 0.0500
396230 -1.498298 0.044316 0.0500
396430 -1.515987 0.046323 0.0500
396630 -1.480091 0.042361 0.0500
396830 -1.544518 0.050294 0.0500
397030 -1.511755 0.045502 0.0500
397230 -1.547171 0.050503 0.0500
397430 -1.526995 0.047300 0.0500
397630 -1.548354 0.050456 0.0500
397830 -1.562585 0.052825 0.0500
398030 -1.542826 0.049304 0.0500
398230 -1.553570 0.050946 0.0500
398430 -1.548979 0.050041 0.0500
398630 -1.590167 0.058155 0.0500
398830 -1.576855 0.054977 0.0500
399030 -1.619499 0.065991 0.0500
399230 -1.594065 0.058607 0.0500
399430 -1.621705 0.066298 0.0500
399630 -1.625826 0.067416 0.0500
399830 -1.628376 0.068034 0.0500
400030 -1.639377 0.071638 0.0500
400230 -1.642329 0.072449 0.0500
400430 -1.656191 0.077428 0.0500
400630 -1.650748 0.075032 0.0500
400830 -1.657302 0.077257 0.0500
401030 -1.689458 0.089832 0.0500
401230 -1.696212 0.092133 0.0500
401430 -1.689475 0.089007 0.0500
401630 -1.684813 0.086751 0.0500
401830 -1.689784 0.088331 0.0500
402030 -1.707800 0.095135 0.0500
402230 -1.692778 0.088701 0.0500
402430 -1.709866 0.095099 0.0500
402630 -1.687901 0.086022 0.0500
402830 -1.693020 0.087599 0.0500
403030 -1.670305 0.078813 0.0500
403230 -1.687529 0.084796 0.0500
403430 -1.685218 0.083563 0.0500
403630 -1.671088 0.078126 0.0500
403830 -1.646995 0.069979 0.0500
404030 -1.644985 0.069126 0.0500
404230 -1.659411 0.073377 0.0500
404430 -1.661465 0.073773 0.0500
404630 -1.656428 0.071868 0.0500
404830 -1.665492 0.074563 0.0500
405030 -1.675343 0.077700 0.0500
405230 -1.667511 0.074666 0.0500
405430 -1.656093 0.070701 0.0500
405630 -1.650287 0.068711 0.0500
405830 -1.667768 0.073958 0.0500
406030 -1.677091 0.076945 0.0500
406230 -1.685589 0.079825 0.0500
406430 -1.699922 0.085324 0.0500
406630 -1.692979 0.082071 0.0500
406830 -1.721828 0.094626 0.0500
407030 -1.703097 0.085571 0.0500
407230 -1.693831 0.081377 0.0500
407430 -1.671802 0.073148 0.0500
407630 -1.703676 0.084834 0.0500
407830 -1.679665 0.075206 0.0500
408030 -1.706216 0.085280 0.0500
408230 -1.698759 0.081750 0.0500
408430 -1.729979 0.096087 0.0500
408630 -1.735237 0.098466 0.0500
408830 -1.748894 0.105936 0.0500
409030 -1.764478 0.115567 0.0500
409230 -1.784313 0.129908 0.0500
409430 -1.780181 0.125724 0.0500
409630 -1.799238 0.141259 0.0500
409830 -1.816346 0.157492 0.0500
410030 -1.841676 0.187298 0.0500
410230 -1.852140 0.200496 0.0500
410430 -1.857853 0.207149 0.0500
410630 -1.873273 0.230435 0.0500
410830 -1.883293 0.245733 0.0500
411030 -1.905028 0.285267 0.0500
411230 -1.903875 0.278766 0.0500
411430 -1.911387 0.290232 0.0500
411630 -1.906318 0.275623 0.0500
411830 -1.934462 0.334194 0.0500
412030 -1.914412 0.283697 0.0500
412230 -1.928393 0.309663 0.0500
412430 -1.928678 0.305426 0.0500
412630 -1.940396 0.328933 0.0500
412830 -1.931860 0.302866 0.0500
413030 -1.929095 0.292115 0.0500
413230 -1.936225 0.303733 0.0500
413430 -1.937387 0.301756 0.0500
413630 -1.969772 0.393818 0.0500
413830 -1.950556 0.325055 0.0500
414030 -2.003445 0.514364 0.0500
414230 -1.997212 0.475858 0.0500
414430 -2.012522 0.524442 0.0500
414630 -2.033335 0.583720 0.0500
414830 -2.005658 0.472276 0.0500
415030 -2.038729 0.571517 0.0500
415230 -2.016849 0.486731 0.0500
415430 -2.015979 0.471959 0.0500
415630 -2.005083 0.427340 0.0500
415830 -1.994063 0.386583 0.0500
416030 -1.995735 0.383538 0.0500
416230 -1.965168 0.305860 0.0500
416430 -1.970091 0.310622 0.0500
416630 -1.937047 0.254843 0.0500
416830 -1.896925 0.214067 0.0500
417030 -1.878418 0.196796 0.0500
417230 -1.867731 0.186297 0.0500
417430 -1.858523 0.177294 0.0500
417630 -1.858212 0.175447 0.0500
417830 -1.817222 0.144087 0.0500
418030 -1.798159 0.130341 0.0500
418230 -1.794153 0.126928 0.0500
418430 -1.763583 0.108405 0.0500
418630 -1.753833 0.102791 0.0500
418830 -1.709630 0.083153 0.0500
419030 -1.713824 0.084377 0.0500
419230 -1.667811 0.069474 0.0500
419430 -1.689534 0.075368 0.0500
419630 -1.634132 0.061756 0.0500
419830 -1.654113 0.065576 0.0500
420030 -1.586914 0.053965 0.0500
420230 -1.591290 0.054434 0.0500
420430 -1.573966 0.051897 0.0500
420630 -1.578539 0.052374 0.0500
420830 -1.551789 0.048789 0.0500
421030 -1.523229 0.045416 0.0500
421230 -1.512644 0.044252 0.0500
421430 -1.488676 0.042129 0.0500
421630 -1.470197 0.040861 0.0500
421830 -1.457101 0.040158 0.0500
422030 -1.426439 0.039383 0.0500
422230 -1.443273 0.039556 0.0500
422430 -1.424180 0.039220 0.0500
422630 -1.417962 0.039146 0.0500
422830 -1.391957 0.039482 0.0500
423030 -1.399380 0.039230 0.0500
423230 -1.375920 0.039806 0.0500
423430 -1.377886 0.039659 0.0500
423630 -1.365896 0.040000 0.0500
423830 -1.367281 0.039866 0.0500
424030 -1.374461 0.039533 0.0500
424230 -1.325811 0.041571 0.0500
424430 -1.366342 0.039679 0.0500
424630 -1.312980 0.042177 0.0500
424830 -1.331229 0.041049 0.0500
425030 -1.335786 0.040737 0.0500
425230 -1.327648 0.041065 0.0500
425430 -1.365910 0.039368 0.0500
425630 -1.325688 0.041024 0.0500
425830 -1.353587 0.039654 0.0500
426030 -1.324131 0.040954 0.0500
426230 -1.337994 0.040151 0.0500
426430 -1.340850 0.039938 0.0500
426630 -1.338276 0.039973 0.0500
426830 -1.357158 0.039149 0.0500
427030 -1.347167 0.039432 0.0500
427230 -1.363187 0.038810 0.0500
427430 -1.369453 0.038569 0.0500
427630 -1.352608 0.038998 0.0500
427830 -1.387800 0.038114 0.0500
428030 -1.357706 0.038683 0.0500
428230 -1.371264 0.038235 0.0500
428430 -1.372131 0.038141 0.0500
428630 -1.366521 0.038199 0.0500
428830 -1.388201 0.037765 0.0500
429030 -1.386393 0.037707 0.0500
429230 -1.397959 0.037592 0.0500
429430 -1.386916 0.037558 0.0500
429630 -1.397936 0.037449 0.0500
429830 -1.378870 0.037520 0.0500
430030 -1.391648 0.037315 0.0500
430230 -1.366102 0.037680 0.0500
430430 -1.369160 0.037520 0.0500
430630 -1.361933 0.037670 0.0500
430830 -1.371390 0.037320 0.0500
431030 -1.351632 0.037942 0.0500
431230 -1.361739 0.037461 0.0500
431430 -1.341285 0.038336 0.0500
431630 -1.320131 0.039731 0.0500
431830 -1.328087 0.039042 0.0500
432030 -1.280846 0.043563 0.0500
432230 -1.296056 0.041735 0.0500
432430 -1.292267 0.042052 0.0500
432630 -1.292553 0.041930 0.0500
432830 -1.296234 0.041448 0.0500
433030 -1.297796 0.041199 0.0500
433230 -1.316824 0.039391 0.0500
433430 -1.312253 0.039685 0.0500
433630 -1.336813 0.037907 0.0500
433830 -1.332277 0.038091 0.0500
434030 -1.361953 0.036798 0.0500
434230 -1.339010 0.037581 0.0500
434430 -1.358506 0.036750 0.0500
434630 -1.392243 0.036440 0.0500
434830 -1.365149 0.036471 0.0500
435030 -1.436978 0.037805 0.0500
435230 -1.418850 0.036913 0.0500
435430 -1.465612 0.039504 0.0500
435630 -1.440001 0.037762 0.0500
435830 -1.448877 0.038208 0.0500
436030 -1.456013 0.038597 0.0500
436230 -1.441519 0.037628 0.0500
436430 -1.440828 0.037517 0.0500
436630 -1.447868 0.037852 0.0500
436830 -1.470785 0.039411 0.0500
437030 -1.462789 0.038711 0.0500
437230 -1.482279 0.040243 0.0500
437430 -1.483659 0.040285 0.0500
437630 -1.505643 0.042423 0.0500
437830 -1.477493 0.039580 0.0500
438030 -1.512262 0.043005 0.0500
438230 -1.493344 0.040880 0.0500
438430 -1.531446 0.045186 0.0500
438630 -1.491260 0.040523 0.0500
438830 -1.548619 0.047332 0.0500
439030 -1.526861 0.044326 0.0500
439230 -1.574806 0.050916 0.0500
439430 -1.545197 0.046543 0.0500
439630 -1.575643 0.050808 0.0500
439830 -1.532770 0.044713 0.0500
440030 -1.558558 0.048080 0.0500
440230 -1.534683 0.044753 0.0500
440430 -1.554973 0.047356 0.0500
440630 -1.538729 0.045061 0.0500
440830 -1.539691 0.045080 0.0500
441030 -1.541507 0.045210 0.0500
441230 -1.540868 0.045023 0.0500
441430 -1.521945 0.042665 0.0500
441630 -1.542648 0.045058 0.0500
441830 -1.509834 0.041248 0.0500
442030 -1.508993 0.041081 0.0500
442230 -1.494328 0.039726 0.0500
442430 -1.497686 0.039916 0.0500
442630 -1.483844 0.038794 0.0500
442830 -1.470567 0.037889 0.0500
443030 -1.470821 0.037830 0.0500
443230 -1.437047 0.036312 0.0500
443430 -1.459475 0.037107 0.0500
443630 -1.423540 0.035860 0.0500
443830 -1.411161 0.035624 0.0500
444030 -1.386794 0.035583 0.0500
444230 -1.394708 0.035458 0.0500
444430 -1.366157 0.035882 0.0500
444630 -1.370781 0.035685 0.0500
444830 -1.339642 0.036957 0.0500
445030 -1.334746 0.037199 0.0500
445230 -1.306040 0.039556 0.0500
445430 -1.288035 0.041523 0.0500
445630 -1.292115 0.040936 0.0500
445830 -1.245880 0.047796 0.0500
446030 -1.222265 0.052254 0.0500
446230 -1.211270 0.054434 0.0500
446430 -1.204717 0.055715 0.0500
446630 -1.185483 0.060021 0.0500
446830 -1.181125 0.060910 0.0500
447030 -1.159092 0.066682 0.0500
447230 -1.193709 0.057551 0.0500
447430 -1.152591 0.068285 0.0500
447630 -1.143141 0.071160 0.0500
447830 -1.194057 0.057036 0.0500
448030 -1.154979 0.066922 0.0500
448230 -1.178413 0.060320 0.0500
448430 -1.193804 0.056613 0.0500
448630 -1.166476 0.063038 0.0500
448830 -1.220123 0.051131 0.0500
449030 -1.196058 0.055685 0.0500
449230 -1.197116 0.055304 0.0500
449430 -1.192618 0.056098 0.0500
449630 -1.206845 0.053052 0.0500
449830 -1.207976 0.052692 0.0500
450030 -1.194703 0.055202 0.0500
450230 -1.185289 0.057118 0.0500
450430 -1.184711 0.057084 0.0500
450630 -1.237924 0.047183 0.0500
450830 -1.198922 0.053773 0.0500
451030 -1.214360 0.050737 0.0500
451230 -1.224468 0.048915 0.0500
451430 -1.212555 0.050798 0.0500
451630 -1.227349 0.048216 0.0500
451830 -1.208969 0.051191 0.0500
452030 -1.212140 0.050487 0.0500
452230 -1.178206 0.057586 0.0500
452430 -1.218209 0.049210 0.0500
452630 -1.163975 0.061277 0.0500
452830 -1.161774 0.061756 0.0500
453030 -1.199159 0.052290 0.0500
453230 -1.136833 0.070370 0.0500
453430 -1.157338 0.062635 0.0500
453630 -1.136854 0.069901 0.0500
453830 -1.109384 0.082754 0.0500
454030 -1.165180 0.059707 0.0500
454230 -1.129151 0.072475 0.0500
454430 -1.118718 0.077092 0.0500
454630 -1.143260 0.066249 0.0500
454830 -1.095854 0.089532 0.0500
455030 -1.101469 0.085634 0.0500
455230 -1.110746 0.079999 0.0500
455430 -1.092767 0.090393 0.0500
455630 -1.060887 0.115209 0.0500
455830 -1.058750 0.116523 0.0500
456030 -1.060871 0.113861 0.0500
456230 -1.043967 0.129963 0.0500
456430 -1.053858 0.119041 0.0500
456630 -1.022731 0.153361 0.0500
456830 -1.014580 0.163156 0.0500
457030 -0.991714 0.198469 0.0500
457230 -0.961677 0.264488 0.0500
457430 -0.966722 0.247630 0.0500
457630 -0.943545 0.313044 0.0500
457830 -0.900419 0.480459 0.0500
458030 -0.909022 0.432861 0.0500
458230 -0.874310 0.561800 0.0500
458430 -0.877236 0.535403 0.0500
458630 -0.860362 0.576506 0.0500
458830 -0.878195 0.503333 0.0500
459030 -0.900472 0.416962 0.0500
459230 -0.910386 0.376454 0.0500
459430 -0.913227 0.360550 0.0500
459630 -0.922590 0.326845 0.0500
459830 -0.960958 0.232609 0.0500
460030 -0.949788 0.252071 0.0500
460230 -0.957281 0.233843 0.0500
460430 -0.980498 0.192931 0.0500
460630 -1.009690 0.155562 0.0500
460830 -1.020252 0.143572 0.0500
461030 -1.019725 0.143031 0.0500
461230 -1.045136 0.119275 0.0500
461430 -1.041272 0.121748 0.0500
461630 -1.067084 0.101422 0.0500
461830 -1.057998 0.107312 0.0500
462030 -1.040817 0.120194 0.0500
462230 -1.066515 0.100191 0.0500
462430 -1.033178 0.125501 0.0500
462630 -1.057731 0.105157 0.0500
462830 -1.041782 0.116766 0.0500
463030 -1.045034 0.113455 0.0500
463230 -1.034286 0.121702 0.0500
463430 -1.008348 0.146483 0.0500
463630 -0.984836 0.175139 0.0500
463830 -0.993684 0.161562 0.0500
464030 -0.958327 0.217204 0.0500
464230 -0.946105 0.240984 0.0500
464430 -0.916596 0.317740 0.0500
464630 -0.904460 0.351618 0.0500
464830 -0.943427 0.237616 0.0500
465030 -0.890960 0.389153 0.0500
465230 -0.867407 0.468678 0.0500
465430 -0.870578 0.445851 0.0500
465630 -0.872828 0.427704 0.0500
465830 -0.892406 0.353588 0.0500
466030 -0.861981 0.450164 0.0500
466230 -0.889950 0.347842 0.0500
466430 -0.904578 0.301836 0.0500
466630 -0.912479 0.278311 0.0500
466830 -0.913080 0.273012 0.0500
467030 -0.952204 0.200081 0.0500
467230 -0.961226 0.186061 0.0500
467430 -0.973093 0.170314 0.0500
467630 -0.978274 0.163288 0.0500
467830 -1.008704 0.134456 0.0500
468030 -1.024540 0.121593 0.0500
468230 -1.043653 0.108010 0.0500
468430 -1.040032 0.109712 0.0500
468630 -1.045834 0.105463 0.0500
468830 -1.061172 0.096099 0.0500
469030 -1.069674 0.091243 0.0500
469230 -1.066990 0.092159 0.0500
469430 -1.074119 0.088251 0.0500
469630 -1.061326 0.094243 0.0500
469830 -1.059897 0.094550 0.0500
470030 -1.086716 0.081604 0.0500
470230 -1.061072 0.093125 0.0500
470430 -1.037204 0.106951 0.0500
470630 -1.046887 0.100206 0.0500
470830 -1.006665 0.129211 0.0500
471030 -1.009045 0.126321 0.0500
471230 -1.014873 0.120732 0.0500
471430 -1.020939 0.115316 0.0500
471630 -0.957204 0.180910 0.0500
471830 -0.943200 0.200593 0.0500
472030 -0.961079 0.172229 0.0500
472230 -0.953123 0.181660 0.0500
472430 -0.903146 0.279893 0.0500
472630 -0.918016 0.240048 0.0500
472830 -0.898852 0.284275 0.0500
473030 -0.852417 0.443230 0.0500
473230 -0.874536 0.349994 0.0500
473430 -0.838052 0.484692 0.0500
473630 -0.835905 0.481338 0.0500
473830 -0.862503 0.370490 0.0500
474030 -0.855299 0.388624 0.0500
474230 -0.855635 0.379766 0.0500
474430 -0.847101 0.402821 0.0500
474630 -0.887650 0.275310 0.0500
474830 -0.931924 0.195608 0.0500
475030 -0.930130 0.196015 0.0500
475230 -0.942568 0.178727 0.0500
475430 -0.973638 0.146389 0.0500
475630 -0.997862 0.126453 0.0500
475830 -1.008078 0.118647 0.0500
476030 -1.001073 0.122644 0.0500
476230 -1.037315 0.100084 0.0500
476430 -1.037687 0.099378 0.0500
476630 -1.091912 0.076983 0.0500
476830 -1.094339 0.075927 0.0500
477030 -1.092563 0.076179 0.0500
477230 -1.117157 0.068885 0.0500
477430 -1.118279 0.068346 0.0500
477630 -1.146716 0.061139 0.0500
477830 -1.113218 0.069277 0.0500
478030 -1.148423 0.060393 0.0500
478230 -1.138279 0.062526 0.0500
478430 -1.162319 0.057100 0.0500
478630 -1.181154 0.053459 0.0500
478830 -1.193420 0.051335 0.0500
479030 -1.171730 0.054850 0.0500
479230 -1.187767 0.051945 0.0500
479430 -1.194093 0.050833 0.0500
479630 -1.180307 0.052900 0.0500
479830 -1.190114 0.051168 0.0500
480030 -1.171711 0.054153 0.0500
480230 -1.176084 0.053209 0.0500
480430 -1.171977 0.053807 0.0500
480630 -1.169095 0.054198 0.0500
480830 -1.179785 0.052138 0.0500
481030 -1.157775 0.056196 0.0500
481230 -1.183823 0.051210 0.0500
481430 -1.170646 0.053329 0.0500
481630 -1.159008 0.055495 0.0500
481830 -1.169816 0.053190 0.0500
482030 -1.168257 0.053336 0.0500
482230 -1.182191 0.050798 0.0500
482430 -1.145311 0.058049 0.0500
482630 -1.173939 0.051893 0.0500
482830 -1.186443 0.049792 0.0500
483030 -1.126180 0.062766 0.0500
483230 -1.192873 0.048730 0.0500
483430 -1.134721 0.060113 0.0500
483630 -1.141263 0.058213 0.0500
483830 -1.116811 0.064922 0.0500
484030 -1.098408 0.070700 0.0500
484230 -1.105569 0.068036 0.0500
484430 -1.087994 0.073930 0.0500
484630 -1.058564 0.086060 0.0500
484830 -1.065573 0.082452 0.0500
485030 -1.058672 0.085270 0.0500
485230 -1.015025 0.109736 0.0500
485430 -1.015357 0.108899 0.0500
485630 -0.983447 0.132010 0.0500
485830 -0.982441 0.131960 0.0500
486030 -0.970306 0.141793 0.0500
486230 -0.922581 0.197879 0.0500
486430 -0.928683 0.186971 0.0500
486630 -0.916678 0.203226 0.0500
486830 -0.929142 0.182689 0.0500
487030 -0.945705 0.160789 0.0500
487230 -0.923421 0.187603 0.0500
487430 -0.878586 0.276864 0.0500
487630 -0.911235 0.202696 0.0500
487830 -0.938813 0.163183 0.0500
488030 -0.914670 0.193614 0.0500
488230 -0.921329 0.181866 0.0500
488430 -0.921374 0.180114 0.0500
488630 -0.885952 0.244842 0.0500
488830 -0.891328 0.229233 0.0500
489030 -0.916907 0.181038 0.0500
489230 -0.929323 0.163833 0.0500
489430 -0.910735 0.186994 0.0500
489630 -0.920548 0.171387 0.0500
489830 -0.921081 0.169212 0.0500
490030 -0.936888 0.150776 0.0500
490230 -0.989145 0.116163 0.0500
490430 -0.986204 0.116950 0.0500
490630 -1.010273 0.104614 0.0500
490830 -1.040852 0.090157 0.0500
491030 -1.047104 0.087074 0.0500
491230 -1.072583 0.076840 0.0500
491430 -1.071997 0.076744 0.0500
491630 -1.057600 0.081810 0.0500
491830 -1.108544 0.064951 0.0500
492030 -1.085843 0.071337 0.0500
492230 -1.103717 0.065831 0.0500
492430 -1.103211 0.065748 0.0500
492630 -1.107782 0.064291 0.0500
492830 -1.126854 0.059344 0.0500
493030 -1.096557 0.067013 0.0500
493230 -1.117996 0.061089 0.0500
493430 -1.117167 0.061100 0.0500
493630 -1.111988 0.062202 0.0500
493830 -1.093026 0.067242 0.0500
494030 -1.110473 0.062189 0.0500
494230 -1.091876 0.067156 0.0500
494430 -1.113179 0.061118 0.0500
494630 -1.095412 0.065681 0.0500
494830 -1.044709 0.084675 0.0500
495030 -1.067646 0.074561 0.0500
495230 -1.031413 0.090407 0.0500
495430 -1.039545 0.086052 0.0500
495630 -1.032957 0.088839 0.0500
495830 -1.009672 0.100309 0.0500
496030 -1.047754 0.081230 0.0500
496230 -1.024907 0.091630 0.0500
496430 -1.028847 0.089255 0.0500
496630 -1.049114 0.079632 0.0500
496830 -1.045873 0.080682 0.0500
497030 -1.045450 0.080530 0.0500
497230 -1.072248 0.070179 0.0500
497430 -1.043004 0.081011 0.0500
497630 -1.078618 0.067752 0.0500
497830 -1.078776 0.067471 0.0500
498030 -1.053038 0.076029 0.0500
498230 -1.084129 0.065534 0.0500
498430 -1.101137 0.061257 0.0500
498630 -1.086242 0.064568 0.0500
498830 -1.098823 0.061371 0.0500
499030 -1.135040 0.054573 0.0500
499230 -1.099142 0.060977 0.0500
499430 -1.121854 0.056421 0.0500
499630 -1.125534 0.055641 0.0500
499830 -1.114919 0.057320 0.0500
500030 -1.127481 0.055008 0.0500
500230 -1.100894 0.059779 0.0500
500430 -1.110157 0.057714 0.0500
500630 -1.123474 0.055194 0.0500
500830 -1.108999 0.057609 0.0500
501030 -1.146354 0.051630 0.0500
501230 -1.151045 0.050926 0.0500
501430 -1.140367 0.052132 0.0500
501630 -1.158433 0.049838 0.0500
501830 -1.164641 0.049080 0.0500
502030 -1.168055 0.048634 0.0500
502230 -1.156261 0.049699 0.0500
502430 -1.164805 0.048697 0.0500
502630 -1.201627 0.045869 0.0500
502830 -1.189142 0.046532 0.0500
503030 -1.177306 0.047280 0.0500
503230 -1.186898 0.046461 0.0500
503430 -1.188435 0.046248 0.0500
503630 -1.224980 0.044152 0.0500
503830 -1.214076 0.044602 0.0500
504030 -1.235374 0.043421 0.0500
504230 -1.234571 0.043366 0.0500
504430 -1.273227 0.040944 0.0500
504630 -1.243288 0.042726 0.0500
504830 -1.245967 0.042482 0.0500
505030 -1.267972 0.041051 0.0500
505230 -1.276178 0.040424 0.0500
505430 -1.290304 0.039383 0.0500
505630 -1.250039 0.041934 0.0500
505830 -1.259153 0.041285 0.0500
506030 -1.258321 0.041249 0.0500
506230 -1.262524 0.040900 0.0500
506430 -1.263290 0.040766 0.0500
506630 -1.226783 0.042902 0.0500
506830 -1.247399 0.041578 0.0500
507030 -1.225542 0.042799 0.0500
507230 -1.228709 0.042514 0.0500
507430 -1.243734 0.041536 0.0500
507630 -1.207674 0.043678 0.0500
507830 -1.242371 0.041454 0.0500
508030 -1.198302 0.044191 0.0500
508230 -1.200286 0.043941 0.0500
508430 -1.181782 0.045401 0.0500
508630 -1.216055 0.042684 0.0500
508830 -1.186007 0.044824 0.0500
509030 -1.177007 0.045586 0.0500
509230 -1.219248 0.042248 0.0500
509430 -1.182953 0.044823 0.0500
509630 -1.201850 0.043174 0.0500
509830 -1.198386 0.043329 0.0500
510030 -1.180575 0.044764 0.0500
510230 -1.225063 0.041537 0.0500
510430 -1.179907 0.044664 0.0500
510630 -1.235269 0.040910 0.0500
510830 -1.229789 0.041074 0.0500
511030 -1.228529 0.041046 0.0500
511230 -1.248320 0.040106 0.0500
511430 -1.217038 0.041474 0.0500
511630 -1.270050 0.039100 0.0500
511830 -1.240292 0.040211 0.0500
512030 -1.271563 0.038895 0.0500
512230 -1.254158 0.039495 0.0500
512430 -1.252009 0.039500 0.0500
512630 -1.290248 0.037946 0.0500
512830 -1.251772 0.039372 0.0500
513030 -1.295243 0.037621 0.0500
513230 -1.250833 0.039280 0.0500
513430 -1.315896 0.036712 0.0500
513630 -1.262838 0.038681 0.0500
513830 -1.287782 0.037654 0.0500
514030 -1.282634 0.037775 0.0500
514230 -1.257658 0.038682 0.0500
514430 -1.278291 0.037797 0.0500
514630 -1.256769 0.038574 0.0500
514830 -1.273377 0.037838 0.0500
515030 -1.224092 0.040117 0.0500
515230 -1.248878 0.038707 0.0500
515430 -1.250331 0.038565 0.0500
515630 -1.241234 0.038920 0.0500
515830 -1.254840 0.038219 0.0500
516030 -1.214236 0.040446 0.0500
516230 -1.244461 0.038543 0.0500
516430 -1.230720 0.039192 0.0500
516630 -1.208025 0.040715 0.0500
516830 -1.261730 0.037643 0.0500
517030 -1.220874 0.039604 0.0500
517230 -1.258099 0.037641 0.0500
517430 -1.234828 0.038602 0.0500
517630 -1.204676 0.040684 0.0500
517830 -1.242014 0.038099 0.0500
518030 -1.196961 0.041283 0.0500
518230 -1.261940 0.037230 0.0500
518430 -1.204704 0.040412 0.0500
518630 -1.197525 0.041020 0.0500
518830 -1.253750 0.037338 0.0500
519030 -1.182099 0.042655 0.0500
519230 -1.242793 0.037647 0.0500
519430 -1.187547 0.041855 0.0500
519630 -1.237399 0.037768 0.0500
519830 -1.223175 0.038483 0.0500
520030 -1.212777 0.039152 0.0500
520230 -1.276651 0.036445 0.0500
520430 -1.209498 0.039311 0.0500
520630 -1.256449 0.036764 0.0500
520830 -1.224240 0.038091 0.0500
521030 -1.220517 0.038262 0.0500
521230 -1.224761 0.037909 0.0500
521430 -1.207290 0.039158 0.0500
521630 -1.214483 0.038478 0.0500
521830 -1.222052 0.037862 0.0500
522030 -1.194871 0.040186 0.0500
522230 -1.183795 0.041457 0.0500
522430 -1.186434 0.041027 0.0500
522630 -1.159859 0.044951 0.0500
522830 -1.161782 0.044518 0.0500
523030 -1.126532 0.051295 0.0500
523230 -1.141449 0.048057 0.0500
523430 -1.074221 0.065247 0.0500
523630 -1.101975 0.056719 0.0500
523830 -1.094999 0.058417 0.0500
524030 -1.075633 0.064199 0.0500
524230 -1.097036 0.057513 0.0500
524430 -1.065809 0.067394 0.0500
524630 -1.071147 0.065173 0.0500
524830 -1.113906 0.052960 0.0500
525030 -1.071749 0.064616 0.0500
525230 -1.101714 0.055520 0.0500
525430 -1.066965 0.066014 0.0500
525630 -1.031843 0.082084 0.0500
525830 -1.066632 0.065700 0.0500
526030 -1.034037 0.080346 0.0500
526230 -1.040429 0.076718 0.0500
526430 -1.052284 0.070835 0.0500
526630 -0.994044 0.103167 0.0500
526830 -1.025297 0.083842 0.0500
527030 -0.982252 0.109940 0.0500
527230 -1.021041 0.085515 0.0500
527430 -1.003782 0.095255 0.0500
527630 -0.986885 0.105428 0.0500
527830 -0.999130 0.097132 0.0500
528030 -0.979175 0.109453 0.0500
528230 -0.991658 0.100745 0.0500
528430 -0.989298 0.101707 0.0500
528630 -0.969891 0.114183 0.0500
528830 -0.999941 0.094226 0.0500
529030 -0.979551 0.106399 0.0500
529230 -1.003859 0.091082 0.0500
529430 -1.035912 0.074685 0.0500
529630 -0.994402 0.095830 0.0500
529830 -1.032085 0.075817 0.0500
530030 -1.017655 0.082346 0.0500
530230 -1.046598 0.069270 0.0500
530430 -1.077932 0.059198 0.0500
530630 -1.079099 0.058723 0.0500
530830 -1.060425 0.063845 0.0500
531030 -1.085195 0.056914 0.0500
531230 -1.100739 0.053499 0.0500
531430 -1.106379 0.052297 0.0500
531630 -1.130702 0.048051 0.0500
531830 -1.118214 0.049972 0.0500
532030 -1.139461 0.046456 0.0500
532230 -1.153584 0.044269 0.0500
532430 -1.142018 0.045857 0.0500
532630 -1.167021 0.042268 0.0500
532830 -1.150971 0.044346 0.0500
533030 -1.176712 0.040925 0.0500
533230 -1.143125 0.045317 0.0500
533430 -1.137934 0.046003 0.0500
533630 -1.126029 0.047798 0.0500
533830 -1.106840 0.051076 0.0500
534030 -1.134654 0.046190 0.0500
534230 -1.109845 0.050272 0.0500
534430 -1.122617 0.047900 0.0500
534630 -1.138644 0.045266 0.0500
534830 -1.112440 0.049448 0.0500
535030 -1.151680 0.043245 0.0500
535230 -1.115248 0.048736 0.0500
535430 -1.139353 0.044761 0.0500
535630 -1.139246 0.044674 0.0500
535830 -1.101106 0.051132 0.0500
536030 -1.118821 0.047672 0.0500
536230 -1.078630 0.056264 0.0500
536430 -1.104627 0.050040 0.0500
536630 -1.088560 0.053410 0.0500
536830 -1.074022 0.057138 0.0500
537030 -1.084515 0.054109 0.0500
537230 -1.051022 0.064703 0.0500
537430 -1.030830 0.073345 0.0500
537630 -1.044117 0.067068 0.0500
537830 -0.981077 0.101903 0.0500
538030 -0.999140 0.089721 0.0500
538230 -0.973216 0.106525 0.0500
538430 -0.927028 0.150322 0.0500
538630 -0.916557 0.163830 0.0500
538830 -0.864655 0.287819 0.0500
539030 -0.812483 0.505236 0.0500
539230 -0.828064 0.423951 0.0500
539430 -0.787431 0.581279 0.0500
539630 -0.816228 0.454427 0.0500
539830 -0.780287 0.576817 0.0500
540030 -0.808395 0.463166 0.0500
540230 -0.786344 0.529183 0.0500
540430 -0.814884 0.418935 0.0500
540630 -0.815118 0.409229 0.0500
540830 -0.829467 0.354323 0.0500
541030 -0.828427 0.351162 0.0500
541230 -0.871316 0.232397 0.0500
541430 -0.913040 0.159631 0.0500
541630 -0.909190 0.163319 0.0500
541830 -0.897652 0.178450 0.0500
542030 -0.940000 0.127833 0.0500
542230 -0.930054 0.136089 0.0500
542430 -0.904350 0.165172 0.0500
542630 -0.913848 0.151487 0.0500
542830 -0.918530 0.144916 0.0500
543030 -0.877500 0.206881 0.0500
543230 -0.875624 0.208513 0.0500
543430 -0.813333 0.383315 0.0500
543630 -0.821987 0.346891 0.0500
543830 -0.802998 0.405072 0.0500
544030 -0.786437 0.455729 0.0500
544230 -0.757038 0.549296 0.0500
544430 -0.752155 0.549915 0.0500
544630 -0.749261 0.543588 0.0500
544830 -0.761467 0.491587 0.0500
545030 -0.752826 0.505164 0.0500
545230 -0.759625 0.472525 0.0500
545430 -0.792314 0.376061 0.0500
545630 -0.783605 0.390012 0.0500
545830 -0.821831 0.298245 0.0500
546030 -0.802042 0.335102 0.0500
546230 -0.842676 0.249857 0.0500
546430 -0.853152 0.228188 0.0500
546630 -0.866840 0.203065 0.0500
546830 -0.854119 0.221635 0.0500
547030 -0.881290 0.178002 0.0500
547230 -0.842325 0.237961 0.0500
547430 -0.882317 0.173477 0.0500
547630 -0.862441 0.199911 0.0500
547830 -0.859417 0.202553 0.0500
548030 -0.874992 0.178038 0.0500
548230 -0.831191 0.248383 0.0500
548430 -0.855931 0.201926 0.0500
548630 -0.847510 0.213436 0.0500
548830 -0.842264 0.220062 0.0500
549030 -0.805445 0.293699 0.0500
549230 -0.799578 0.303654 0.0500
549430 -0.774328 0.369164 0.0500
549630 -0.818772 0.252439 0.0500
549830 -0.771581 0.367595 0.0500
550030 -0.727491 0.516450 0.0500
550230 -0.766941 0.368085 0.0500
550430 -0.772912 0.343930 0.0500
550630 -0.758097 0.382089 0.0500
550830 -0.755182 0.383951 0.0500
551030 -0.747846 0.400524 0.0500
551230 -0.776226 0.311676 0.0500
551430 -0.807055 0.248132 0.0500
551630 -0.830398 0.212740 0.0500
551830 -0.818282 0.226235 0.0500
552030 -0.849919 0.185986 0.0500
552230 -0.882335 0.154090 0.0500
552430 -0.866820 0.166327 0.0500
552630 -0.873994 0.158540 0.0500
552830 -0.907121 0.133213 0.0500
553030 -0.909698 0.130756 0.0500
553230 -0.896045 0.138543 0.0500
553430 -0.912134 0.127598 0.0500
553630 -0.928378 0.118335 0.0500
553830 -0.941033 0.111792 0.0500
554030 -0.940244 0.111502 0.0500
554230 -0.933142 0.114071 0.0500
554430 -0.989694 0.089313 0.0500
554630 -0.961304 0.100966 0.0500
554830 -0.996926 0.085387 0.0500
555030 -0.973470 0.095014 0.0500
555230 -0.991839 0.086811 0.0500
555430 -0.990905 0.086820 0.0500
555630 -0.989910 0.086853 0.0500
555830 -0.986595 0.087858 0.0500
556030 -0.986248 0.087607 0.0500
556230 -0.964861 0.096211 0.0500
556430 -0.962331 0.096817 0.0500
556630 -0.941877 0.105488 0.0500
556830 -0.945769 0.103107 0.0500
557030 -0.904293 0.125760 0.0500
557230 -0.912827 0.119353 0.0500
557430 -0.903704 0.124604 0.0500
557630 -0.878984 0.143646 0.0500
557830 -0.898040 0.126979 0.0500
558030 -0.886377 0.135250 0.0500
558230 -0.882634 0.137505 0.0500
558430 -0.888922 0.131306 0.0500
558630 -0.867923 0.149526 0.0500
558830 -0.856524 0.160724 0.0500
559030 -0.836429 0.184479 0.0500
559230 -0.824052 0.200323 0.0500
559430 -0.818206 0.207195 0.0500
559630 -0.795221 0.245674 0.0500
559830 -0.813869 0.209414 0.0500
560030 -0.800110 0.230737 0.0500
560230 -0.783499 0.262588 0.0500
560430 -0.761525 0.318846 0.0500
560630 -0.772383 0.282423 0.0500
560830 -0.744088 0.369261 0.0500
561030 -0.705402 0.522382 0.0500
561230 -0.712149 0.480982 0.0500
561430 -0.704593 0.499473 0.0500
561630 -0.715497 0.444527 0.0500
561830 -0.690841 0.527917 0.0500
562030 -0.703292 0.468595 0.0500
562230 -0.704642 0.452628 0.0500
562430 -0.749947 0.303845 0.0500
562630 -0.749385 0.300516 0.0500
562830 -0.774852 0.243859 0.0500
563030 -0.819590 0.183538 0.0500
563230 -0.843968 0.158912 0.0500
563430 -0.850362 0.152148 0.0500
563630 -0.925943 0.105630 0.0500
563830 -0.929528 0.103699 0.0500
564030 -0.980885 0.086133 0.0500
564230 -0.988630 0.083169 0.0500
564430 -0.980640 0.085473 0.0500
564630 -1.009148 0.075507 0.0500
564830 -0.992613 0.080828 0.0500
565030 -1.021671 0.070698 0.0500
565230 -0.987554 0.081947 0.0500
565430 -1.025125 0.069075 0.0500
565630 -0.992218 0.079815 0.0500
565830 -1.015548 0.071720 0.0500
566030 -0.969739 0.086837 0.0500
566230 -1.011624 0.072518 0.0500
566430 -0.979290 0.082975 0.0500
566630 -0.976526 0.083555 0.0500
566830 -0.961644 0.088304 0.0500
567030 -0.951102 0.091670 0.0500
567230 -0.977570 0.082153 0.0500
567430 -0.960366 0.087595 0.0500
567630 -0.994933 0.076009 0.0500
567830 -0.936585 0.095918 0.0500
568030 -0.963530 0.085472 0.0500
568230 -0.962480 0.085452 0.0500
568430 -0.932003 0.096659 0.0500
568630 -0.948623 0.089570 0.0500
568830 -0.946373 0.089994 0.0500
569030 -0.960805 0.084532 0.0500
569230 -0.934756 0.093813 0.0500
569430 -0.947776 0.088274 0.0500
569630 -0.958631 0.084147 0.0500
569830 -0.933100 0.093300 0.0500
570030 -0.967752 0.080645 0.0500
570230 -0.955394 0.084145 0.0500
570430 -0.949485 0.085794 0.0500
570630 -0.999063 0.071634 0.0500
570830 -0.950904 0.084727 0.0500
571030 -0.999682 0.071031 0.0500
571230 -0.977767 0.076112 0.0500
571430 -0.973324 0.076993 0.0500
571630 -0.995990 0.071119 0.0500
571830 -0.957517 0.081129 0.0500
572030 -0.980406 0.074305 0.0500
572230 -0.975699 0.075220 0.0500
572430 -0.959912 0.079453 0.0500
572630 -0.958116 0.079704 0.0500
572830 -0.966447 0.076847 0.0500
573030 -0.958043 0.079093 0.0500
573230 -0.987339 0.071078 0.0500
573430 -0.973685 0.074030 0.0500
573630 -0.987696 0.070483 0.0500
573830 -0.968822 0.074783 0.0500
574030 -0.947735 0.081360 0.0500
574230 -0.989696 0.069357 0.0500
574430 -0.959708 0.076642 0.0500
574630 -0.934922 0.085946 0.0500
574830 -0.973074 0.072339 0.0500
575030 -0.947917 0.079837 0.0500
575230 -0.936538 0.084248 0.0500
575430 -0.947318 0.079401 0.0500
575630 -0.917031 0.093780 0.0500
575830 -0.913462 0.095497 0.0500
576030 -0.895047 0.107668 0.0500
576230 -0.867804 0.129782 0.0500
576430 -0.880813 0.117639 0.0500
576630 -0.849524 0.145372 0.0500
576830 -0.865654 0.129196 0.0500
577030 -0.837450 0.155433 0.0500
577230 -0.830811 0.161062 0.0500
577430 -0.814707 0.177431 0.0500
577630 -0.800892 0.192795 0.0500
577830 -0.813571 0.175448 0.0500
578030 -0.783375 0.214702 0.0500
578230 -0.790663 0.201193 0.0500
578430 -0.821940 0.162017 0.0500
578630 -0.786572 0.203864 0.0500
578830 -0.822188 0.159132 0.0500
579030 -0.837840 0.143905 0.0500
579230 -0.795724 0.186449 0.0500
579430 -0.843894 0.137080 0.0500
579630 -0.853024 0.129244 0.0500
579830 -0.826410 0.149722 0.0500
580030 -0.895286 0.100489 0.0500
580230 -0.881287 0.108242 0.0500
580430 -0.917609 0.088090 0.0500
580630 -0.940091 0.078790 0.0500
580830 -0.918843 0.086815 0.0500
581030 -0.945719 0.076365 0.0500
581230 -0.974055 0.069365 0.0500
581430 -0.986675 0.067062 0.0500
581630 -0.980374 0.067806 0.0500
581830 -0.977627 0.068025 0.0500
582030 -0.984734 0.066659 0.0500
582230 -1.004733 0.063769 0.0500
582430 -1.011464 0.062729 0.0500
582630 -1.019157 0.061563 0.0500
582830 -1.023469 0.060814 0.0500
583030 -1.019098 0.061186 0.0500
583230 -1.034000 0.059029 0.0500
583430 -1.022517 0.060379 0.0500
583630 -1.033978 0.058676 0.0500
583830 -1.023492 0.059890 0.0500
584030 -1.014472 0.060860 0.0500
584230 -1.033372 0.058235 0.0500
584430 -0.999781 0.062440 0.0500
584630 -1.003475 0.061738 0.0500
584830 -0.969004 0.067443 0.0500
585030 -0.981740 0.064651 0.0500
585230 -0.988615 0.063288 0.0500
585430 -0.952872 0.071063 0.0500
585630 -0.984816 0.063510 0.0500
585830 -0.979232 0.064273 0.0500
586030 -0.980973 0.063748 0.0500
586230 -0.989721 0.062131 0.0500
586430 -0.968280 0.065905 0.0500
586630 -0.994151 0.061127 0.0500
586830 -0.992138 0.061208 0.0500
587030 -0.986261 0.061875 0.0500
587230 -0.995484 0.060382 0.0500
587430 -1.019011 0.057698 0.0500
587630 -0.994771 0.060128 0.0500
587830 -1.024442 0.056872 0.0500
588030 -1.007894 0.058279 0.0500
588230 -1.039045 0.055217 0.0500
588430 -1.033000 0.055618 0.0500
588630 -1.025527 0.056135 0.0500
588830 -1.039062 0.054751 0.0500
589030 -1.035069 0.054961 0.0500
589230 -1.054967 0.052942 0.0500
589430 -1.039601 0.054253 0.0500
589630 -1.063693 0.051800 0.0500
589830 -1.049452 0.053050 0.0500
590030 -1.078510 0.050037 0.0500
590230 -1.039834 0.053706 0.0500
590430 -1.103808 0.047228 0.0500
590630 -1.027719 0.054667 0.0500
590830 -1.093295 0.048140 0.0500
591030 -1.048997 0.052400 0.0500
591230 -1.069634 0.050257 0.0500
591430 -1.044882 0.052535 0.0500
591630 -1.026011 0.054262 0.0500
591830 -1.027340 0.053975 0.0500
592030 -0.997350 0.057466 0.0500
592230 -1.017070 0.054766 0.0500
592430 -0.982397 0.059794 0.0500
592630 -0.967566 0.063123 0.0500
592830 -0.973980 0.061282 0.0500
593030 -0.937690 0.073221 0.0500
593230 -0.921189 0.080816 0.0500
593430 -0.914934 0.083818 0.0500
593630 -0.907771 0.087496 0.0500
593830 -0.906087 0.088084 0.0500
594030 -0.898943 0.091970 0.0500
594230 -0.890378 0.096945 0.0500
594430 -0.844669 0.130054 0.0500
594630 -0.874574 0.106587 0.0500
594830 -0.834722 0.137108 0.0500
595030 -0.849476 0.123857 0.0500
595230 -0.859703 0.115316 0.0500
595430 -0.811690 0.157667 0.0500
595630 -0.815663 0.152010 0.0500
595830 -0.749777 0.269265 0.0500
596030 -0.710492 0.396574 0.0500
596230 -0.751834 0.256308 0.0500
596430 -0.688978 0.469072 0.0500
596630 -0.700022 0.415496 0.0500
596830 -0.681152 0.478489 0.0500
597030 -0.665593 0.524483 0.0500
597230 -0.673046 0.484055 0.0500
597430 -0.668168 0.489188 0.0500
597630 -0.677442 0.445725 0.0500
597830 -0.695001 0.380404 0.0500
598030 -0.678722 0.423543 0.0500
598230 -0.732618 0.272400 0.0500
598430 -0.697817 0.353617 0.0500
598630 -0.722625 0.285989 0.0500
598830 -0.786846 0.176398 0.0500
599030 -0.757683 0.214853 0.0500
599230 -0.794605 0.164688 0.0500
599430 -0.851305 0.117534 0.0500
599630 -0.825909 0.134801 0.0500
599830 -0.891494 0.092188 0.0500
