# step cv h sig
0 -1.462384 0.717018 0.0500
200 -1.461042 0.691108 0.0500
400 -1.451888 0.667933 0.0500
600 -1.434137 0.652497 0.0500
800 -1.472496 0.631433 0.0500
1000 -1.433666 0.616312 0.0500
1200 -1.396594 0.642892 0.0500
1400 -1.396237 0.622519 0.0500
1600 -1.367606 0.644738 0.0500
1800 -1.361983 0.631611 0.0500
2000 -1.314113 0.674212 0.0500
2200 -1.312720 0.652746 0.0500
2400 -1.298609 0.645863 0.0500
2600 -1.268309 0.657955 0.0500
2800 -1.242181 0.664824 0.0500
3000 -1.262624 0.622450 0.0500
3200 -1.264921 0.600891 0.0500
3400 -1.245465 0.602677 0.0500
3600 -1.216105 0.626486 0.0500
3800 -1.223516 0.595629 0.0500
4000 -1.281702 0.542734 0.0500
4200 -1.259987 0.530901 0.0500
4400 -1.299313 0.523525 0.0500
4600 -1.283468 0.502406 0.0500
4800 -1.280364 0.489071 0.0500
5000 -1.323112 0.509673 0.0500
5200 -1.324003 0.497486 0.0500
5400 -1.347661 0.511022 0.0500
5600 -1.357763 0.507654 0.0500
5800 -1.365907 0.501679 0.0500
6000 -1.401591 0.514260 0.0500
6200 -1.394440 0.496627 0.0500
6400 -1.442981 0.523890 0.0500
6600 -1.447934 0.516024 0.0500
6800 -1.482440 0.562003 0.0500
7000 -1.499612 0.583444 0.0500
7200 -1.523685 0.619305 0.0500
7400 -1.546668 0.643874 0.0500
7600 -1.566262 0.652913 0.0500
7800 -1.556546 0.618061 0.0500
8000 -1.582868 0.634776 0.0500
8200 -1.589294 0.622962 0.0500
8400 -1.612828 0.636016 0.0500
8600 -1.591447 0.588372 0.0500
8800 -1.609490 0.593954 0.0500
9000 -1.613685 0.582152 0.0500
9200 -1.638340 0.606334 0.0500
9400 -1.617190 0.554195 0.0500
9600 -1.625527 0.550635 0.0500
9800 -1.626557 0.536863 0.0500
10000 -1.618401 0.511244 0.0500
10200 -1.591536 0.482921 0.0500
10400 -1.563906 0.483236 0.0500
10600 -1.582662 0.461791 0.0500
10800 -1.541103 0.480676 0.0500
11000 -1.528715 0.477945 0.0500
11200 -1.497125 0.476092 0.0500
11400 -1.472291 0.461664 0.0500
11600 -1.436695 0.450028 0.0500
11800 -1.376415 0.454617 0.0500
12000 -1.394086 0.441593 0.0500
12200 -1.339474 0.436618 0.0500
12400 -1.357510 0.427600 0.0500
12600 -1.321193 0.419448 0.0500
12800 -1.304079 0.414820 0.0500
13000 -1.324383 0.402200 0.0500
13200 -1.260603 0.444523 0.0500
13400 -1.261341 0.433256 0.0500
13600 -1.266063 0.416461 0.0500
13800 -1.214960 0.525929 0.0500
14000 -1.235760 0.456901 0.0500
14200 -1.191477 0.570343 0.0500
14400 -1.190623 0.556293 0.0500
14600 -1.168478 0.599382 0.0500
14800 -1.180483 0.551471 0.0500
15000 -1.154385 0.598709 0.0500
15200 -1.154045 0.581333 0.0500
15400 -1.160954 0.549461 0.0500
15600 -1.158691 0.538891 0.0500
15800 -1.182488 0.479620 0.0500
16000 -1.127883 0.583212 0.0500
16200 -1.208590 0.425930 0.0500
16400 -1.175540 0.462735 0.0500
16600 -1.199958 0.418263 0.0500
16800 -1.249193 0.371558 0.0500
17000 -1.236310 0.371481 0.0500
17200 -1.264990 0.353834 0.0500
17400 -1.298566 0.354250 0.0500
17600 -1.298006 0.347606 0.0500
17800 -1.342309 0.372905 0.0500
18000 -1.359565 0.379772 0.0500
18200 -1.387748 0.392795 0.0500
18400 -1.393853 0.388761 0.0500
18600 -1.420492 0.397065 0.0500
18800 -1.464600 0.420257 0.0500
19000 -1.473728 0.418438 0.0500
19200 -1.494814 0.425358 0.0500
19400 -1.503742 0.421723 0.0500
19600 -1.526389 0.422125 0.0500
19800 -1.536838 0.415030 0.0500
20000 -1.536049 0.406174 0.0500
20200 -1.556401 0.400694 0.0500
20400 -1.559506 0.393179 0.0500
20600 -1.536707 0.383334 0.0500
20800 -1.558415 0.378249 0.0500
21000 -1.549740 0.369471 0.0500
21200 -1.547067 0.362332 0.0500
21400 -1.543317 0.355592 0.0500
21600 -1.501474 0.358990 0.0500
21800 -1.530500 0.345253 0.0500
22000 -1.491713 0.350705 0.0500
22200 -1.469261 0.352570 0.0500
22400 -1.436897 0.357299 0.0500
22600 -1.420549 0.355075 0.0500
22800 -1.388770 0.352598 0.0500
23000 -1.355479 0.343101 0.0500
23200 -1.358275 0.337632 0.0500
23400 -1.332275 0.327161 0.0500
23600 -1.361306 0.327684 0.0500
23800 -1.298792 0.317120 0.0500
24000 -1.326370 0.312215 0.0500
24200 -1.306651 0.306730 0.0500
24400 -1.303819 0.302214 0.0500
24600 -1.320380 0.297655 0.0500
24800 -1.324899 0.293814 0.0500
25000 -1.344969 0.295661 0.0500
25200 -1.363318 0.300495 0.0500
25400 -1.378430 0.304909 0.0500
25600 -1.395025 0.310219 0.0500
25800 -1.409516 0.313311 0.0500
26000 -1.408269 0.307676 0.0500
26200 -1.423447 0.310169 0.0500
26400 -1.435210 0.310329 0.0500
26600 -1.453044 0.312317 0.0500
26800 -1.447195 0.305240 0.0500
27000 -1.465535 0.307154 0.0500
27200 -1.457293 0.299453 0.0500
27400 -1.495502 0.309190 0.0500
27600 -1.469285 0.295076 0.0500
27800 -1.489742 0.298050 0.0500
28000 -1.477423 0.289089 0.0500
28200 -1.494611 0.291332 0.0500
28400 -1.482745 0.282521 0.0500
28600 -1.482282 0.278299 0.0500
28800 -1.478760 0.273281 0.0500
29000 -1.487278 0.272299 0.0500
29200 -1.506091 0.277669 0.0500
29400 -1.474044 0.261631 0.0500
29600 -1.476367 0.258547 0.0500
29800 -1.470761 0.254326 0.0500
30000 -1.430579 0.258202 0.0500
30200 -1.432518 0.254135 0.0500
30400 -1.403001 0.261335 0.0500
30600 -1.422459 0.251280 0.0500
30800 -1.394389 0.257522 0.0500
31000 -1.374569 0.259313 0.0500
31200 -1.372381 0.256368 0.0500
31400 -1.360780 0.255554 0.0500
31600 -1.372678 0.249744 0.0500
31800 -1.334053 0.257110 0.0500
32000 -1.324969 0.257502 0.0500
32200 -1.310991 0.261437 0.0500
32400 -1.281326 0.281182 0.0500
32600 -1.256889 0.304342 0.0500
32800 -1.253611 0.303726 0.0500
33000 -1.231573 0.329389 0.0500
33200 -1.211620 0.355288 0.0500
33400 -1.204412 0.361128 0.0500
33600 -1.180882 0.400034 0.0500
33800 -1.167284 0.423033 0.0500
34000 -1.179734 0.386135 0.0500
34200 -1.142045 0.475433 0.0500
34400 -1.127555 0.508920 0.0500
34600 -1.121838 0.513723 0.0500
34800 -1.102055 0.561641 0.0500
35000 -1.102406 0.544637 0.0500
35200 -1.063762 0.631486 0.0500
35400 -1.082901 0.567071 0.0500
35600 -1.055770 0.612018 0.0500
35800 -1.062821 0.578778 0.0500
36000 -1.096866 0.493585 0.0500
36200 -1.052208 0.573107 0.0500
36400 -1.123578 0.426933 0.0500
36600 -1.105416 0.447809 0.0500
36800 -1.156702 0.365683 0.0500
37000 -1.191924 0.326428 0.0500
37200 -1.195395 0.318343 0.0500
37400 -1.228327 0.291068 0.0500
37600 -1.253590 0.271581 0.0500
37800 -1.266111 0.261139 0.0500
38000 -1.284878 0.249567 0.0500
38200 -1.319474 0.238569 0.0500
38400 -1.344722 0.234887 0.0500
38600 -1.356000 0.232650 0.0500
38800 -1.354826 0.229808 0.0500
39000 -1.403018 0.232073 0.0500
39200 -1.387791 0.228053 0.0500
39400 -1.452638 0.231977 0.0500
39600 -1.415863 0.225695 0.0500
39800 -1.477695 0.237122 0.0500
40000 -1.468354 0.229727 0.0500
40200 -1.491408 0.240550 0.0500
40400 -1.507818 0.251631 0.0500
40600 -1.521855 0.262724 0.0500
40800 -1.552242 0.296331 0.0500
41000 -1.557818 0.299583 0.0500
41200 -1.576613 0.324470 0.0500
41400 -1.604295 0.377133 0.0500
41600 -1.627900 0.436411 0.0500
41800 -1.632652 0.441701 0.0500
42000 -1.656030 0.510594 0.0500
42200 -1.666281 0.532399 0.0500
42400 -1.691444 0.597230 0.0500
42600 -1.700953 0.604446 0.0500
42800 -1.696145 0.573968 0.0500
43000 -1.736375 0.643578 0.0500
43200 -1.714074 0.581682 0.0500
43400 -1.745968 0.622830 0.0500
43600 -1.690494 0.508621 0.0500
43800 -1.736061 0.576761 0.0500
44000 -1.697733 0.497331 0.0500
44200 -1.716078 0.513867 0.0500
44400 -1.669321 0.433707 0.0500
44600 -1.692767 0.456865 0.0500
44800 -1.650309 0.390637 0.0500
45000 -1.665232 0.402295 0.0500
45200 -1.613864 0.332250 0.0500
45400 -1.632129 0.347802 0.0500
45600 -1.570823 0.282944 0.0500
45800 -1.574429 0.281644 0.0500
46000 -1.543957 0.256332 0.0500
46200 -1.555919 0.260939 0.0500
46400 -1.525675 0.238897 0.0500
46600 -1.517896 0.231802 0.0500
46800 -1.476629 0.214440 0.0500
47000 -1.500738 0.219080 0.0500
47200 -1.444766 0.210711 0.0500
47400 -1.454434 0.207322 0.0500
47600 -1.422638 0.210806 0.0500
47800 -1.399020 0.213474 0.0500
48000 -1.395448 0.211767 0.0500
48200 -1.364192 0.214400 0.0500
48400 -1.376991 0.210149 0.0500
48600 -1.312150 0.224737 0.0500
48800 -1.331963 0.215189 0.0500
49000 -1.266407 0.246414 0.0500
49200 -1.269728 0.241002 0.0500
49400 -1.270405 0.237580 0.0500
49600 -1.208721 0.287274 0.0500
49800 -1.242409 0.253266 0.0500
50000 -1.197782 0.291284 0.0500
50200 -1.233482 0.254404 0.0500
50400 -1.213838 0.268033 0.0500
50600 -1.190882 0.288063 0.0500
50800 -1.229875 0.247981 0.0500
51000 -1.201703 0.269333 0.0500
51200 -1.196501 0.271087 0.0500
51400 -1.188814 0.276025 0.0500
51600 -1.147451 0.335522 0.0500
51800 -1.173407 0.287973 0.0500
52000 -1.189185 0.264672 0.0500
52200 -1.119624 0.380111 0.0500
52400 -1.141906 0.327281 0.0500
52600 -1.164930 0.284351 0.0500
52800 -1.087986 0.439937 0.0500
53000 -1.125586 0.344585 0.0500
53200 -1.065550 0.484210 0.0500
53400 -1.082974 0.427205 0.0500
53600 -1.099584 0.380052 0.0500
53800 -1.043088 0.520929 0.0500
54000 -1.091820 0.383175 0.0500
54200 -1.076719 0.409107 0.0500
54400 -1.088678 0.374524 0.0500
54600 -1.103557 0.340330 0.0500
54800 -1.100613 0.339320 0.0500
55000 -1.175405 0.253258 0.0500
55200 -1.162296 0.259588 0.0500
55400 -1.159863 0.258104 0.0500
55600 -1.185869 0.237897 0.0500
55800 -1.159717 0.252122 0.0500
56000 -1.197360 0.227877 0.0500
56200 -1.229294 0.218848 0.0500
56400 -1.224604 0.216990 0.0500
56600 -1.293245 0.209741 0.0500
56800 -1.267765 0.209415 0.0500
57000 -1.306201 0.204897 0.0500
57200 -1.317825 0.202335 0.0500
57400 -1.355290 0.200773 0.0500
57600 -1.377419 0.199919 0.0500
57800 -1.377927 0.197905 0.0500
58000 -1.393954 0.196722 0.0500
58200 -1.394533 0.194770 0.0500
58400 -1.420601 0.193859 0.0500
58600 -1.412491 0.191675 0.0500
58800 -1.449568 0.192529 0.0500
59000 -1.444935 0.190014 0.0500
59200 -1.497212 0.206355 0.0500
59400 -1.479117 0.195222 0.0500
59600 -1.514292 0.213430 0.0500
59800 -1.537905 0.229330 0.0500
60000 -1.542876 0.230787 0.0500
60200 -1.554648 0.238367 0.0500
60400 -1.558754 0.239242 0.0500
60600 -1.571849 0.249250 0.0500
60800 -1.589326 0.265964 0.0500
61000 -1.594142 0.268374 0.0500
61200 -1.597678 0.269243 0.0500
61400 -1.645006 0.339006 0.0500
61600 -1.654474 0.349255 0.0500
61800 -1.679936 0.387865 0.0500
62000 -1.679367 0.379189 0.0500
62200 -1.713238 0.441243 0.0500
62400 -1.706023 0.415281 0.0500
62600 -1.738953 0.489254 0.0500
62800 -1.711037 0.408501 0.0500
63000 -1.749598 0.500011 0.0500
63200 -1.709587 0.389759 0.0500
63400 -1.751232 0.485280 0.0500
63600 -1.716740 0.388101 0.0500
63800 -1.762945 0.502936 0.0500
64000 -1.747166 0.442808 0.0500
64200 -1.773009 0.512224 0.0500
64400 -1.760277 0.459411 0.0500
64600 -1.765891 0.465414 0.0500
64800 -1.783643 0.510636 0.0500
65000 -1.798251 0.544743 0.0500
65200 -1.805302 0.551685 0.0500
65400 -1.804764 0.534663 0.0500
65600 -1.813193 0.544751 0.0500
65800 -1.806605 0.511188 0.0500
66000 -1.798650 0.476584 0.0500
66200 -1.810988 0.498036 0.0500
66400 -1.813190 0.491427 0.0500
66600 -1.809377 0.469192 0.0500
66800 -1.805117 0.447527 0.0500
67000 -1.818754 0.472120 0.0500
67200 -1.834234 0.505014 0.0500
67400 -1.800667 0.409039 0.0500
67600 -1.769353 0.356493 0.0500
67800 -1.755828 0.339011 0.0500
68000 -1.726829 0.320744 0.0500
68200 -1.682551 0.310272 0.0500
68400 -1.669110 0.302607 0.0500
68600 -1.649148 0.290332 0.0500
68800 -1.620532 0.267945 0.0500
69000 -1.595690 0.245684 0.0500
69200 -1.541886 0.210507 0.0500
69400 -1.516139 0.197184 0.0500
69600 -1.463283 0.182673 0.0500
69800 -1.434597 0.181601 0.0500
70000 -1.401362 0.183559 0.0500
70200 -1.383046 0.183976 0.0500
70400 -1.340166 0.188945 0.0500
70600 -1.301330 0.195322 0.0500
70800 -1.270959 0.200028 0.0500
71000 -1.268512 0.198513 0.0500
71200 -1.252903 0.199998 0.0500
71400 -1.274299 0.193459 0.0500
71600 -1.233688 0.201403 0.0500
71800 -1.248997 0.195209 0.0500
72000 -1.243405 0.194664 0.0500
72200 -1.237643 0.194314 0.0500
72400 -1.250197 0.189238 0.0500
72600 -1.250477 0.187349 0.0500
72800 -1.277330 0.182123 0.0500
73000 -1.287695 0.180066 0.0500
73200 -1.293653 0.178384 0.0500
73400 -1.306823 0.177093 0.0500
73600 -1.316257 0.175948 0.0500
73800 -1.339621 0.175861 0.0500
74000 -1.357166 0.175416 0.0500
74200 -1.375589 0.174963 0.0500
74400 -1.387287 0.174038 0.0500
74600 -1.399840 0.173104 0.0500
74800 -1.410625 0.172056 0.0500
75000 -1.404199 0.170270 0.0500
75200 -1.418663 0.169489 0.0500
75400 -1.408834 0.167550 0.0500
75600 -1.439557 0.168538 0.0500
75800 -1.397559 0.164805 0.0500
76000 -1.418088 0.163984 0.0500
76200 -1.401114 0.162134 0.0500
76400 -1.417270 0.161283 0.0500
76600 -1.373836 0.161146 0.0500
76800 -1.353989 0.162266 0.0500
77000 -1.361736 0.159904 0.0500
77200 -1.317310 0.165184 0.0500
77400 -1.347651 0.159410 0.0500
77600 -1.269689 0.172095 0.0500
77800 -1.330957 0.159865 0.0500
78000 -1.278444 0.167636 0.0500
78200 -1.322390 0.158820 0.0500
78400 -1.305834 0.159831 0.0500
78600 -1.317231 0.156936 0.0500
78800 -1.326973 0.154571 0.0500
79000 -1.317561 0.154426 0.0500
79200 -1.332476 0.151677 0.0500
79400 -1.303926 0.154257 0.0500
79600 -1.332507 0.149488 0.0500
79800 -1.323103 0.149153 0.0500
80000 -1.345189 0.146805 0.0500
80200 -1.352852 0.145782 0.0500
80400 -1.343833 0.144647 0.0500
80600 -1.366228 0.144488 0.0500
80800 -1.375549 0.144500 0.0500
81000 -1.421787 0.153410 0.0500
81200 -1.402973 0.147546 0.0500
81400 -1.453747 0.161452 0.0500
81600 -1.450255 0.158847 0.0500
81800 -1.464089 0.162899 0.0500
82000 -1.470215 0.164181 0.0500
82200 -1.486589 0.170751 0.0500
82400 -1.526461 0.192423 0.0500
82600 -1.517186 0.184966 0.0500
82800 -1.547696 0.202193 0.0500
83000 -1.540072 0.195226 0.0500
83200 -1.586074 0.227110 0.0500
83400 -1.584659 0.223286 0.0500
83600 -1.618222 0.250988 0.0500
83800 -1.593289 0.225540 0.0500
84000 -1.618246 0.245274 0.0500
84200 -1.604952 0.230262 0.0500
84400 -1.662529 0.276939 0.0500
84600 -1.622788 0.241133 0.0500
84800 -1.667574 0.273976 0.0500
85000 -1.656486 0.262591 0.0500
85200 -1.681193 0.275010 0.0500
85400 -1.648774 0.250584 0.0500
85600 -1.652574 0.249982 0.0500
85800 -1.603744 0.214740 0.0500
86000 -1.608761 0.215387 0.0500
86200 -1.553815 0.188246 0.0500
86400 -1.565637 0.190637 0.0500
86600 -1.519397 0.173784 0.0500
86800 -1.539941 0.178804 0.0500
87000 -1.496786 0.163726 0.0500
87200 -1.514131 0.167821 0.0500
87400 -1.485625 0.157840 0.0500
87600 -1.497046 0.159853 0.0500
87800 -1.490590 0.156676 0.0500
88000 -1.476464 0.151850 0.0500
88200 -1.477893 0.150995 0.0500
88400 -1.477544 0.149750 0.0500
88600 -1.481989 0.149654 0.0500
88800 -1.472983 0.146518 0.0500
89000 -1.481610 0.147320 0.0500
89200 -1.462323 0.142667 0.0500
89400 -1.477809 0.144316 0.0500
89600 -1.468661 0.141505 0.0500
89800 -1.473617 0.141352 0.0500
90000 -1.459895 0.138388 0.0500
90200 -1.445017 0.136705 0.0500
90400 -1.457247 0.136256 0.0500
90600 -1.455048 0.135150 0.0500
90800 -1.425631 0.134647 0.0500
91000 -1.433527 0.133295 0.0500
91200 -1.431477 0.132481 0.0500
91400 -1.421032 0.132251 0.0500
91600 -1.404496 0.132761 0.0500
91800 -1.381005 0.134029 0.0500
92000 -1.369518 0.134264 0.0500
92200 -1.351062 0.135675 0.0500
92400 -1.345275 0.135643 0.0500
92600 -1.327544 0.138243 0.0500
92800 -1.304831 0.143745 0.0500
93000 -1.307979 0.141658 0.0500
93200 -1.284670 0.149485 0.0500
93400 -1.259506 0.161046 0.0500
93600 -1.246248 0.167561 0.0500
93800 -1.230678 0.176218 0.0500
94000 -1.207177 0.191797 0.0500
94200 -1.189022 0.205237 0.0500
94400 -1.178414 0.213139 0.0500
94600 -1.192652 0.197783 0.0500
94800 -1.153765 0.236507 0.0500
95000 -1.111274 0.298009 0.0500
95200 -1.143434 0.244129 0.0500
95400 -1.100942 0.310300 0.0500
95600 -1.121187 0.269518 0.0500
95800 -1.108469 0.287161 0.0500
96000 -1.041111 0.470619 0.0500
96200 -1.067569 0.372844 0.0500
96400 -1.054047 0.407270 0.0500
96600 -1.031826 0.476479 0.0500
96800 -1.033305 0.459649 0.0500
97000 -1.008917 0.536685 0.0500
97200 -1.022126 0.476077 0.0500
97400 -0.988198 0.578716 0.0500
97600 -1.033714 0.418160 0.0500
97800 -0.971939 0.601456 0.0500
98000 -1.047639 0.367749 0.0500
98200 -1.031572 0.402019 0.0500
98400 -1.032890 0.390268 0.0500
98600 -1.080952 0.289697 0.0500
98800 -1.105694 0.257809 0.0500
99000 -1.116084 0.244941 0.0500
99200 -1.150213 0.215174 0.0500
99400 -1.164742 0.202852 0.0500
99600 -1.189581 0.186097 0.0500
99800 -1.253797 0.155391 0.0500
100000 -1.247642 0.156666 0.0500
100200 -1.288139 0.141180 0.0500
100400 -1.304266 0.136175 0.0500
100600 -1.343424 0.129935 0.0500
100800 -1.373613 0.128184 0.0500
101000 -1.360728 0.127520 0.0500
101200 -1.413108 0.126980 0.0500
101400 -1.388318 0.125930 0.0500
101600 -1.428725 0.125898 0.0500
101800 -1.431384 0.125214 0.0500
102000 -1.457389 0.127400 0.0500
102200 -1.496004 0.139964 0.0500
102400 -1.478096 0.131404 0.0500
102600 -1.552352 0.170851 0.0500
102800 -1.513964 0.146786 0.0500
103000 -1.581210 0.186797 0.0500
103200 -1.539837 0.159714 0.0500
103400 -1.613983 0.208512 0.0500
103600 -1.560885 0.169832 0.0500
103800 -1.650584 0.236717 0.0500
104000 -1.613964 0.203355 0.0500
104200 -1.678922 0.255887 0.0500
104400 -1.629343 0.212029 0.0500
104600 -1.689600 0.259667 0.0500
104800 -1.645564 0.220943 0.0500
105000 -1.688045 0.252962 0.0500
105200 -1.676152 0.240048 0.0500
105400 -1.685409 0.244551 0.0500
105600 -1.672226 0.231212 0.0500
105800 -1.667760 0.225207 0.0500
106000 -1.650394 0.210967 0.0500
106200 -1.657546 0.213293 0.0500
106400 -1.630802 0.195435 0.0500
106600 -1.644027 0.200708 0.0500
106800 -1.640901 0.196881 0.0500
107000 -1.641053 0.194985 0.0500
107200 -1.629307 0.187128 0.0500
107400 -1.601901 0.174816 0.0500
107600 -1.591972 0.170151 0.0500
107800 -1.564510 0.160637 0.0500
108000 -1.573217 0.161903 0.0500
108200 -1.558806 0.156309 0.0500
108400 -1.541915 0.149701 0.0500
108600 -1.514255 0.138720 0.0500
108800 -1.510338 0.136313 0.0500
109000 -1.496354 0.130604 0.0500
109200 -1.484871 0.126443 0.0500
109400 -1.442416 0.120666 0.0500
109600 -1.463655 0.121047 0.0500
109800 -1.424683 0.119931 0.0500
110000 -1.404675 0.120613 0.0500
110200 -1.377698 0.121932 0.0500
110400 -1.373475 0.121520 0.0500
110600 -1.378754 0.120338 0.0500
110800 -1.324869 0.127142 0.0500
111000 -1.360906 0.120649 0.0500
111200 -1.297939 0.133081 0.0500
111400 -1.332191 0.123495 0.0500
111600 -1.315342 0.126438 0.0500
111800 -1.276473 0.138766 0.0500
112000 -1.308536 0.126715 0.0500
112200 -1.265473 0.141916 0.0500
112400 -1.291418 0.130417 0.0500
112600 -1.271082 0.137524 0.0500
112800 -1.267017 0.138374 0.0500
113000 -1.273476 0.134570 0.0500
113200 -1.272917 0.133878 0.0500
113400 -1.268003 0.135085 0.0500
113600 -1.271956 0.132446 0.0500
113800 -1.267104 0.133644 0.0500
114000 -1.251558 0.140372 0.0500
114200 -1.249726 0.140347 0.0500
114400 -1.221127 0.156514 0.0500
114600 -1.210195 0.162437 0.0500
114800 -1.201150 0.167204 0.0500
115000 -1.190521 0.173216 0.0500
115200 -1.166861 0.189694 0.0500
115400 -1.180632 0.177254 0.0500
115600 -1.153797 0.197174 0.0500
115800 -1.153433 0.195502 0.0500
116000 -1.172382 0.178470 0.0500
116200 -1.151651 0.193450 0.0500
116400 -1.150428 0.192601 0.0500
116600 -1.161089 0.181947 0.0500
116800 -1.148291 0.190838 0.0500
117000 -1.189372 0.160558 0.0500
117200 -1.210092 0.149307 0.0500
117400 -1.219164 0.144308 0.0500
117600 -1.214560 0.145165 0.0500
117800 -1.242123 0.133520 0.0500
118000 -1.278517 0.122234 0.0500
118200 -1.263680 0.125110 0.0500
118400 -1.280338 0.120357 0.0500
118600 -1.261022 0.124342 0.0500
118800 -1.258465 0.124307 0.0500
119000 -1.327959 0.114539 0.0500
119200 -1.288896 0.116341 0.0500
119400 -1.352217 0.114060 0.0500
119600 -1.318872 0.112873 0.0500
119800 -1.350029 0.112763 0.0500
120000 -1.363848 0.112871 0.0500
120200 -1.355513 0.111749 0.0500
120400 -1.390643 0.113398 0.0500
120600 -1.367440 0.111232 0.0500
120800 -1.402713 0.112961 0.0500
121000 -1.378045 0.110715 0.0500
121200 -1.455675 0.116241 0.0500
121400 -1.423468 0.112553 0.0500
121600 -1.448582 0.114017 0.0500
121800 -1.443136 0.112746 0.0500
122000 -1.449842 0.112860 0.0500
122200 -1.453033 0.112646 0.0500
122400 -1.450655 0.111667 0.0500
122600 -1.453184 0.111379 0.0500
122800 -1.454052 0.110872 0.0500
123000 -1.431062 0.108262 0.0500
123200 -1.435496 0.107856 0.0500
123400 -1.410187 0.106901 0.0500
123600 -1.411884 0.106303 0.0500
123800 -1.404465 0.105806 0.0500
124000 -1.408531 0.105183 0.0500
124200 -1.390135 0.104986 0.0500
124400 -1.377498 0.104829 0.0500
124600 -1.353822 0.105415 0.0500
124800 -1.356177 0.104707 0.0500
125000 -1.341913 0.105125 0.0500
125200 -1.336434 0.105028 0.0500
125400 -1.333928 0.104697 0.0500
125600 -1.347305 0.103072 0.0500
125800 -1.357816 0.101991 0.0500
126000 -1.354332 0.101608 0.0500
126200 -1.356634 0.100978 0.0500
126400 -1.348972 0.100853 0.0500
126600 -1.348230 0.100380 0.0500
126800 -1.348902 0.099821 0.0500
127000 -1.365620 0.098746 0.0500
127200 -1.365721 0.098246 0.0500
127400 -1.368949 0.097748 0.0500
127600 -1.390479 0.098013 0.0500
127800 -1.399183 0.098126 0.0500
128000 -1.417407 0.099345 0.0500
128200 -1.397462 0.097044 0.0500
128400 -1.438098 0.101351 0.0500
128600 -1.420581 0.098276 0.0500
128800 -1.459444 0.105375 0.0500
129000 -1.481476 0.112884 0.0500
129200 -1.496249 0.119200 0.0500
129400 -1.523877 0.133064 0.0500
129600 -1.530670 0.135682 0.0500
129800 -1.548671 0.143509 0.0500
130000 -1.561495 0.148183 0.0500
130200 -1.589752 0.159134 0.0500
130400 -1.600775 0.162780 0.0500
130600 -1.628350 0.175993 0.0500
130800 -1.599153 0.159463 0.0500
131000 -1.659650 0.196234 0.0500
131200 -1.639817 0.179046 0.0500
131400 -1.689079 0.222070 0.0500
131600 -1.683185 0.213129 0.0500
131800 -1.728623 0.266736 0.0500
132000 -1.725280 0.258677 0.0500
132200 -1.743417 0.279779 0.0500
132400 -1.720435 0.245834 0.0500
132600 -1.749612 0.281493 0.0500
132800 -1.731457 0.253126 0.0500
133000 -1.746684 0.269937 0.0500
133200 -1.745322 0.264349 0.0500
133400 -1.758776 0.280290 0.0500
133600 -1.764352 0.285161 0.0500
133800 -1.759961 0.274093 0.0500
134000 -1.775359 0.296314 0.0500
134200 -1.764111 0.272642 0.0500
134400 -1.770582 0.279366 0.0500
134600 -1.755464 0.252958 0.0500
134800 -1.756322 0.250799 0.0500
135000 -1.772196 0.271413 0.0500
135200 -1.783683 0.289668 0.0500
135400 -1.767592 0.256463 0.0500
135600 -1.791053 0.298381 0.0500
135800 -1.800224 0.317365 0.0500
136000 -1.816948 0.364145 0.0500
136200 -1.831749 0.412036 0.0500
136400 -1.849133 0.473890 0.0500
136600 -1.844713 0.444617 0.0500
136800 -1.883444 0.584506 0.0500
137000 -1.852594 0.454560 0.0500
137200 -1.886511 0.566590 0.0500
137400 -1.869081 0.491767 0.0500
137600 -1.884698 0.531589 0.0500
137800 -1.885928 0.521134 0.0500
138000 -1.897424 0.541836 0.0500
138200 -1.905399 0.549469 0.0500
138400 -1.902516 0.526364 0.0500
138600 -1.899440 0.504203 0.0500
138800 -1.896488 0.483767 0.0500
139000 -1.891585 0.459877 0.0500
139200 -1.880724 0.424374 0.0500
139400 -1.872244 0.397496 0.0500
139600 -1.845920 0.340968 0.0500
139800 -1.862549 0.364717 0.0500
140000 -1.835229 0.312123 0.0500
140200 -1.831821 0.302013 0.0500
140400 -1.801939 0.258398 0.0500
140600 -1.811843 0.266679 0.0500
140800 -1.767019 0.222542 0.0500
141000 -1.766979 0.219989 0.0500
141200 -1.725654 0.201536 0.0500
141400 -1.721843 0.198436 0.0500
141600 -1.671613 0.181752 0.0500
141800 -1.677071 0.181968 0.0500
142000 -1.627608 0.162894 0.0500
142200 -1.640245 0.165891 0.0500
142400 -1.590653 0.149728 0.0500
142600 -1.584713 0.147071 0.0500
142800 -1.546697 0.135578 0.0500
143000 -1.545346 0.134200 0.0500
143200 -1.513671 0.121533 0.0500
143400 -1.505872 0.117620 0.0500
143600 -1.490233 0.110858 0.0500
143800 -1.477929 0.106075 0.0500
144000 -1.463401 0.101612 0.0500
144200 -1.448944 0.098382 0.0500
144400 -1.444251 0.097238 0.0500
144600 -1.449361 0.097464 0.0500
144800 -1.441708 0.095969 0.0500
145000 -1.439902 0.095301 0.0500
145200 -1.442726 0.095149 0.0500
145400 -1.462196 0.098042 0.0500
145600 -1.420731 0.092793 0.0500
145800 -1.437909 0.093337 0.0500
146000 -1.453662 0.095013 0.0500
146200 -1.445136 0.093239 0.0500
146400 -1.448762 0.093295 0.0500
146600 -1.446680 0.092553 0.0500
146800 -1.448688 0.092398 0.0500
147000 -1.444938 0.091455 0.0500
147200 -1.434797 0.090104 0.0500
147400 -1.467640 0.095288 0.0500
147600 -1.497277 0.106527 0.0500
147800 -1.498236 0.106403 0.0500
148000 -1.518260 0.115813 0.0500
148200 -1.516847 0.114415 0.0500
148400 -1.542354 0.126043 0.0500
148600 -1.541808 0.124986 0.0500
148800 -1.562769 0.132914 0.0500
149000 -1.556463 0.129531 0.0500
149200 -1.573967 0.135391 0.0500
149400 -1.580047 0.136710 0.0500
149600 -1.590305 0.139578 0.0500
149800 -1.580335 0.134908 0.0500
150000 -1.590494 0.137714 0.0500
150200 -1.583973 0.134350 0.0500
150400 -1.608021 0.142837 0.0500
150600 -1.597734 0.137607 0.0500
150800 -1.611855 0.142480 0.0500
151000 -1.587371 0.131971 0.0500
151200 -1.600302 0.135772 0.0500
151400 -1.585623 0.129628 0.0500
151600 -1.597979 0.133079 0.0500
151800 -1.583867 0.127371 0.0500
152000 -1.569423 0.122510 0.0500
152200 -1.571338 0.122238 0.0500
152400 -1.537800 0.113207 0.0500
152600 -1.542886 0.113866 0.0500
152800 -1.530865 0.110029 0.0500
153000 -1.535126 0.110566 0.0500
153200 -1.527782 0.107938 0.0500
153400 -1.520540 0.105280 0.0500
153600 -1.518886 0.104233 0.0500
153800 -1.513316 0.102051 0.0500
154000 -1.503707 0.098719 0.0500
154200 -1.497368 0.096429 0.0500
154400 -1.487191 0.093297 0.0500
154600 -1.492952 0.094312 0.0500
154800 -1.468893 0.088793 0.0500
155000 -1.484844 0.091455 0.0500
155200 -1.476592 0.089287 0.0500
155400 -1.494966 0.093184 0.0500
155600 -1.502956 0.095017 0.0500
155800 -1.496864 0.092812 0.0500
156000 -1.513819 0.097438 0.0500
156200 -1.530821 0.102412 0.0500
156400 -1.529514 0.101453 0.0500
156600 -1.549236 0.107334 0.0500
156800 -1.538409 0.103236 0.0500
157000 -1.564621 0.111478 0.0500
157200 -1.534478 0.100962 0.0500
157400 -1.574648 0.114178 0.0500
157600 -1.555868 0.106711 0.0500
157800 -1.595142 0.122150 0.0500
158000 -1.560717 0.107235 0.0500
158200 -1.594031 0.120302 0.0500
158400 -1.574119 0.110848 0.0500
158600 -1.588548 0.116297 0.0500
158800 -1.577019 0.110701 0.0500
159000 -1.553482 0.102302 0.0500
159200 -1.580333 0.110889 0.0500
159400 -1.516132 0.092346 0.0500
159600 -1.563714 0.103960 0.0500
159800 -1.505031 0.089355 0.0500
160000 -1.545178 0.097870 0.0500
160200 -1.492015 0.086406 0.0500
160400 -1.526232 0.092617 0.0500
160600 -1.507437 0.088309 0.0500
160800 -1.488945 0.084908 0.0500
161000 -1.505939 0.087270 0.0500
161200 -1.474131 0.082759 0.0500
161400 -1.511445 0.087656 0.0500
161600 -1.458016 0.081853 0.0500
161800 -1.456343 0.081553 0.0500
162000 -1.464834 0.081137 0.0500
162200 -1.435528 0.082461 0.0500
162400 -1.435374 0.082130 0.0500
162600 -1.418306 0.084046 0.0500
162800 -1.396525 0.086979 0.0500
163000 -1.378554 0.089319 0.0500
163200 -1.353329 0.093032 0.0500
163400 -1.341331 0.094859 0.0500
163600 -1.348702 0.092983 0.0500
163800 -1.306808 0.102334 0.0500
164000 -1.306311 0.101940 0.0500
164200 -1.279721 0.110094 0.0500
164400 -1.281378 0.108869 0.0500
164600 -1.254980 0.118989 0.0500
164800 -1.243616 0.123525 0.0500
165000 -1.257490 0.116441 0.0500
165200 -1.217132 0.135588 0.0500
165400 -1.226446 0.129730 0.0500
165600 -1.230930 0.126606 0.0500
165800 -1.226081 0.128223 0.0500
166000 -1.221874 0.129550 0.0500
166200 -1.203499 0.138999 0.0500
166400 -1.204983 0.137123 0.0500
166600 -1.189878 0.145795 0.0500
166800 -1.198243 0.139239 0.0500
167000 -1.163990 0.164390 0.0500
167200 -1.142222 0.185111 0.0500
167400 -1.173888 0.153264 0.0500
167600 -1.155785 0.168022 0.0500
167800 -1.152567 0.169750 0.0500
168000 -1.133466 0.189199 0.0500
168200 -1.106678 0.222446 0.0500
168400 -1.126348 0.193961 0.0500
168600 -1.079297 0.261922 0.0500
168800 -1.085848 0.247045 0.0500
169000 -1.088698 0.239283 0.0500
169200 -1.047989 0.319942 0.0500
169400 -1.070715 0.264247 0.0500
169600 -1.067912 0.266069 0.0500
169800 -1.010448 0.424216 0.0500
170000 -1.053810 0.288336 0.0500
170200 -1.000648 0.446075 0.0500
170400 -0.996984 0.449088 0.0500
170600 -1.032988 0.325578 0.0500
170800 -0.973891 0.516375 0.0500
171000 -1.028340 0.327834 0.0500
171200 -0.993476 0.429230 0.0500
171400 -0.997906 0.405097 0.0500
171600 -0.988607 0.427664 0.0500
171800 -0.986546 0.425298 0.0500
172000 -1.005345 0.358411 0.0500
172200 -0.993781 0.385831 0.0500
172400 -0.985477 0.404592 0.0500
172600 -1.032467 0.280668 0.0500
172800 -1.045440 0.256639 0.0500
173000 -1.069949 0.225350 0.0500
173200 -1.099488 0.198270 0.0500
173400 -1.085666 0.207051 0.0500
173600 -1.142395 0.163748 0.0500
173800 -1.139036 0.164679 0.0500
174000 -1.136336 0.165149 0.0500
174200 -1.196279 0.130930 0.0500
174400 -1.165639 0.144637 0.0500
174600 -1.220018 0.120871 0.0500
174800 -1.231236 0.116601 0.0500
175000 -1.231415 0.115850 0.0500
175200 -1.249592 0.110000 0.0500
175400 -1.225830 0.116289 0.0500
175600 -1.268547 0.104274 0.0500
175800 -1.239807 0.110934 0.0500
176000 -1.264207 0.104156 0.0500
176200 -1.267226 0.102948 0.0500
176400 -1.244713 0.107888 0.0500
176600 -1.267038 0.101932 0.0500
176800 -1.280279 0.098934 0.0500
177000 -1.267249 0.100860 0.0500
177200 -1.283748 0.097385 0.0500
177400 -1.267354 0.099844 0.0500
177600 -1.307190 0.093502 0.0500
177800 -1.278829 0.096812 0.0500
178000 -1.293469 0.094195 0.0500
178200 -1.313093 0.091680 0.0500
178400 -1.307273 0.091792 0.0500
178600 -1.312952 0.090836 0.0500
178800 -1.327898 0.089257 0.0500
179000 -1.325176 0.089040 0.0500
179200 -1.330589 0.088266 0.0500
179400 -1.329657 0.087927 0.0500
179600 -1.326126 0.087772 0.0500
179800 -1.355733 0.085851 0.0500
180000 -1.336694 0.086364 0.0500
180200 -1.365903 0.084767 0.0500
180400 -1.354116 0.084821 0.0500
180600 -1.363485 0.084121 0.0500
180800 -1.364899 0.083713 0.0500
181000 -1.380569 0.082871 0.0500
181200 -1.387586 0.082278 0.0500
181400 -1.403428 0.081236 0.0500
181600 -1.403046 0.080917 0.0500
181800 -1.394097 0.081008 0.0500
182000 -1.387756 0.080942 0.0500
182200 -1.386864 0.080643 0.0500
182400 -1.380965 0.080552 0.0500
182600 -1.392775 0.079745 0.0500
182800 -1.353479 0.081436 0.0500
183000 -1.350448 0.081329 0.0500
183200 -1.354014 0.080720 0.0500
183400 -1.332206 0.082465 0.0500
183600 -1.327172 0.082742 0.0500
183800 -1.306568 0.085572 0.0500
184000 -1.301886 0.086063 0.0500
184200 -1.300066 0.086035 0.0500
184400 -1.297905 0.086083 0.0500
184600 -1.263221 0.094731 0.0500
184800 -1.289748 0.087079 0.0500
185000 -1.270862 0.091548 0.0500
185200 -1.270055 0.091356 0.0500
185400 -1.245025 0.099569 0.0500
185600 -1.221930 0.108959 0.0500
185800 -1.233494 0.103234 0.0500
186000 -1.212085 0.112473 0.0500
186200 -1.195632 0.120326 0.0500
186400 -1.190620 0.122364 0.0500
186600 -1.182369 0.126399 0.0500
186800 -1.146722 0.150243 0.0500
187000 -1.147024 0.148857 0.0500
187200 -1.127009 0.163651 0.0500
187400 -1.108053 0.178142 0.0500
187600 -1.126241 0.161520 0.0500
187800 -1.096931 0.184862 0.0500
188000 -1.124294 0.160422 0.0500
188200 -1.154166 0.137902 0.0500
188400 -1.113229 0.167055 0.0500
188600 -1.167223 0.128472 0.0500
188800 -1.131269 0.150837 0.0500
189000 -1.136902 0.145612 0.0500
189200 -1.154304 0.133262 0.0500
189400 -1.124900 0.152475 0.0500
189600 -1.179399 0.118904 0.0500
189800 -1.173283 0.120918 0.0500
190000 -1.175961 0.118956 0.0500
190200 -1.197462 0.109787 0.0500
190400 -1.193535 0.110571 0.0500
190600 -1.207400 0.105241 0.0500
190800 -1.227032 0.098776 0.0500
191000 -1.202152 0.105908 0.0500
191200 -1.248832 0.092135 0.0500
191400 -1.205582 0.103867 0.0500
191600 -1.243562 0.092623 0.0500
191800 -1.225355 0.096944 0.0500
192000 -1.218992 0.098283 0.0500
192200 -1.244025 0.091238 0.0500
192400 -1.226618 0.095213 0.0500
192600 -1.252784 0.088501 0.0500
192800 -1.224611 0.094934 0.0500
193000 -1.257895 0.086754 0.0500
193200 -1.266844 0.084838 0.0500
193400 -1.265681 0.084654 0.0500
193600 -1.306385 0.079877 0.0500
193800 -1.275661 0.082553 0.0500
194000 -1.330327 0.078151 0.0500
194200 -1.326130 0.077981 0.0500
194400 -1.347732 0.077205 0.0500
194600 -1.375096 0.077117 0.0500
194800 -1.390801 0.077085 0.0500
195000 -1.411767 0.076957 0.0500
195200 -1.388510 0.076474 0.0500
195400 -1.426797 0.076421 0.0500
195600 -1.408520 0.076090 0.0500
195800 -1.430878 0.075874 0.0500
196000 -1.418191 0.075529 0.0500
196200 -1.438861 0.075433 0.0500
196400 -1.410938 0.074989 0.0500
196600 -1.437589 0.074862 0.0500
196800 -1.419379 0.074416 0.0500
197000 -1.403976 0.074228 0.0500
197200 -1.414091 0.073876 0.0500
197400 -1.388383 0.073864 0.0500
197600 -1.407191 0.073382 0.0500
197800 -1.371871 0.073703 0.0500
198000 -1.405243 0.072898 0.0500
198200 -1.368723 0.073311 0.0500
198400 -1.381426 0.072678 0.0500
198600 -1.370278 0.072717 0.0500
198800 -1.360141 0.072870 0.0500
199000 -1.370524 0.072173 0.0500
199200 -1.347550 0.073093 0.0500
199400 -1.381851 0.071419 0.0500
199600 -1.371862 0.071367 0.0500
199800 -1.368745 0.071206 0.0500
200000 -1.370168 0.070898 0.0500
200200 -1.358636 0.071147 0.0500
200400 -1.338767 0.072406 0.0500
200600 -1.362735 0.070443 0.0500
200800 -1.334742 0.072309 0.0500
201000 -1.361305 0.070028 0.0500
201200 -1.342119 0.071091 0.0500
201400 -1.341387 0.070899 0.0500
201600 -1.334395 0.071337 0.0500
201800 -1.329148 0.071663 0.0500
202000 -1.278113 0.079384 0.0500
202200 -1.285232 0.077729 0.0500
202400 -1.252140 0.084531 0.0500
202600 -1.219278 0.093888 0.0500
202800 -1.240222 0.086974 0.0500
203000 -1.204627 0.098416 0.0500
203200 -1.208418 0.096468 0.0500
203400 -1.195117 0.101348 0.0500
203600 -1.169166 0.113997 0.0500
203800 -1.206587 0.095769 0.0500
204000 -1.177096 0.108442 0.0500
204200 -1.151058 0.124218 0.0500
204400 -1.180197 0.105650 0.0500
204600 -1.145457 0.127046 0.0500
204800 -1.146570 0.125376 0.0500
205000 -1.173230 0.107525 0.0500
205200 -1.141055 0.128249 0.0500
205400 -1.130032 0.136624 0.0500
205600 -1.119435 0.145339 0.0500
205800 -1.102719 0.161032 0.0500
206000 -1.129660 0.134042 0.0500
206200 -1.068882 0.199373 0.0500
206400 -1.084826 0.177209 0.0500
206600 -1.091741 0.167744 0.0500
206800 -1.081437 0.178117 0.0500
207000 -1.099949 0.156282 0.0500
207200 -1.101237 0.153759 0.0500
207400 -1.057901 0.205927 0.0500
207600 -1.064835 0.193553 0.0500
207800 -1.054455 0.207142 0.0500
208000 -1.043527 0.223549 0.0500
208200 -1.015373 0.283367 0.0500
208400 -0.999943 0.323829 0.0500
208600 -0.975607 0.404053 0.0500
208800 -0.984707 0.362417 0.0500
209000 -0.953466 0.476580 0.0500
209200 -0.985139 0.347221 0.0500
209400 -0.938416 0.518779 0.0500
209600 -0.963241 0.409819 0.0500
209800 -0.943536 0.475971 0.0500
210000 -0.949972 0.440253 0.0500
210200 -0.985548 0.316524 0.0500
210400 -0.933598 0.486901 0.0500
210600 -0.976692 0.330249 0.0500
210800 -1.013896 0.244261 0.0500
211000 -0.973766 0.329806 0.0500
211200 -1.019582 0.229578 0.0500
211400 -1.089176 0.154939 0.0500
211600 -1.040830 0.198781 0.0500
211800 -1.078751 0.160916 0.0500
212000 -1.112638 0.135009 0.0500
212200 -1.126036 0.125651 0.0500
212400 -1.144588 0.114514 0.0500
212600 -1.143958 0.114165 0.0500
212800 -1.184631 0.097019 0.0500
213000 -1.223021 0.086879 0.0500
213200 -1.217770 0.087623 0.0500
213400 -1.271462 0.077668 0.0500
213600 -1.254781 0.079918 0.0500
213800 -1.273429 0.076786 0.0500
214000 -1.285123 0.074961 0.0500
214200 -1.272496 0.076327 0.0500
214400 -1.328999 0.069993 0.0500
214600 -1.309947 0.071448 0.0500
214800 -1.353674 0.068178 0.0500
215000 -1.342900 0.068377 0.0500
215200 -1.361020 0.067571 0.0500
215400 -1.392107 0.068097 0.0500
215600 -1.354649 0.067271 0.0500
215800 -1.382797 0.067245 0.0500
216000 -1.343570 0.067334 0.0500
216200 -1.371010 0.066505 0.0500
216400 -1.397106 0.067411 0.0500
216600 -1.382792 0.066400 0.0500
216800 -1.387999 0.066416 0.0500
217000 -1.411818 0.067865 0.0500
217200 -1.411690 0.067618 0.0500
217400 -1.415160 0.067683 0.0500
217600 -1.439184 0.069931 0.0500
217800 -1.439246 0.069688 0.0500
218000 -1.465355 0.073415 0.0500
218200 -1.447280 0.070230 0.0500
218400 -1.505972 0.082785 0.0500
218600 -1.489195 0.077919 0.0500
218800 -1.538688 0.091869 0.0500
219000 -1.505201 0.081596 0.0500
219200 -1.548104 0.094179 0.0500
219400 -1.529245 0.087826 0.0500
219600 -1.574889 0.103668 0.0500
219800 -1.561223 0.097502 0.0500
220000 -1.584979 0.107474 0.0500
220200 -1.559819 0.096026 0.0500
220400 -1.558468 0.095071 0.0500
220600 -1.562007 0.095885 0.0500
220800 -1.581969 0.103974 0.0500
221000 -1.588977 0.107065 0.0500
221200 -1.616130 0.123996 0.0500
221400 -1.611651 0.119993 0.0500
221600 -1.622197 0.126977 0.0500
221800 -1.640634 0.140744 0.0500
222000 -1.632724 0.133405 0.0500
222200 -1.655291 0.150594 0.0500
222400 -1.671293 0.161691 0.0500
222600 -1.685730 0.170257 0.0500
222800 -1.706786 0.180925 0.0500
223000 -1.693388 0.171936 0.0500
223200 -1.719707 0.184227 0.0500
223400 -1.710566 0.178010 0.0500
223600 -1.731902 0.186909 0.0500
223800 -1.704492 0.171938 0.0500
224000 -1.723858 0.179689 0.0500
224200 -1.691312 0.162680 0.0500
224400 -1.713581 0.171880 0.0500
224600 -1.674373 0.151587 0.0500
224800 -1.695933 0.161068 0.0500
225000 -1.666587 0.145219 0.0500
225200 -1.669272 0.145553 0.0500
225400 -1.642273 0.129716 0.0500
225600 -1.643681 0.129648 0.0500
225800 -1.646311 0.130258 0.0500
226000 -1.655808 0.134639 0.0500
226200 -1.641642 0.125961 0.0500
226400 -1.651546 0.130550 0.0500
226600 -1.646317 0.126844 0.0500
226800 -1.645305 0.125478 0.0500
227000 -1.635419 0.119499 0.0500
227200 -1.648259 0.125503 0.0500
227400 -1.635856 0.118250 0.0500
227600 -1.650916 0.125391 0.0500
227800 -1.655964 0.127323 0.0500
228000 -1.651338 0.124003 0.0500
228200 -1.647702 0.121312 0.0500
228400 -1.652827 0.123241 0.0500
228600 -1.660474 0.126602 0.0500
228800 -1.665720 0.128716 0.0500
229000 -1.678126 0.135133 0.0500
229200 -1.670105 0.129487 0.0500
229400 -1.690386 0.140946 0.0500
229600 -1.652627 0.118671 0.0500
229800 -1.670299 0.127153 0.0500
230000 -1.650847 0.116395 0.0500
230200 -1.685964 0.134999 0.0500
230400 -1.655823 0.117377 0.0500
230600 -1.681228 0.130441 0.0500
230800 -1.650862 0.113760 0.0500
231000 -1.656004 0.115398 0.0500
231200 -1.650425 0.112246 0.0500
231400 -1.623821 0.102213 0.0500
231600 -1.634354 0.104971 0.0500
231800 -1.616644 0.099199 0.0500
232000 -1.624017 0.100690 0.0500
232200 -1.582837 0.091473 0.0500
232400 -1.581285 0.090801 0.0500
232600 -1.562939 0.087755 0.0500
232800 -1.551592 0.085841 0.0500
233000 -1.530714 0.082502 0.0500
233200 -1.525551 0.081346 0.0500
233400 -1.506668 0.077827 0.0500
233600 -1.471201 0.071631 0.0500
233800 -1.474005 0.071775 0.0500
234000 -1.420085 0.066325 0.0500
234200 -1.466195 0.070268 0.0500
234400 -1.420123 0.065946 0.0500
234600 -1.434277 0.066627 0.0500
234800 -1.386437 0.064297 0.0500
235000 -1.380323 0.064049 0.0500
235200 -1.380600 0.063839 0.0500
235400 -1.333364 0.066434 0.0500
235600 -1.372159 0.063553 0.0500
235800 -1.300625 0.070477 0.0500
236000 -1.336536 0.065509 0.0500
236200 -1.298422 0.070373 0.0500
236400 -1.293656 0.070849 0.0500
236600 -1.302099 0.069319 0.0500
236800 -1.261283 0.075967 0.0500
237000 -1.278261 0.072588 0.0500
237200 -1.208529 0.087835 0.0500
237400 -1.207966 0.087595 0.0500
237600 -1.208231 0.087129 0.0500
237800 -1.157541 0.105036 0.0500
238000 -1.211115 0.085702 0.0500
238200 -1.161290 0.102463 0.0500
238400 -1.139925 0.112895 0.0500
238600 -1.184814 0.092324 0.0500
238800 -1.135412 0.114529 0.0500
239000 -1.150363 0.105621 0.0500
239200 -1.167365 0.097363 0.0500
239400 -1.126380 0.118449 0.0500
239600 -1.171329 0.094954 0.0500
239800 -1.162398 0.098001 0.0500
240000 -1.116317 0.123787 0.0500
240200 -1.141196 0.107272 0.0500
240400 -1.139676 0.107524 0.0500
240600 -1.110972 0.125705 0.0500
240800 -1.158279 0.097424 0.0500
241000 -1.141496 0.104869 0.0500
241200 -1.139451 0.105408 0.0500
241400 -1.201709 0.083857 0.0500
241600 -1.182460 0.087767 0.0500
241800 -1.165684 0.092473 0.0500
242000 -1.180582 0.087467 0.0500
242200 -1.151583 0.097371 0.0500
242400 -1.147564 0.098792 0.0500
242600 -1.177839 0.087065 0.0500
242800 -1.172836 0.088081 0.0500
243000 -1.164198 0.090494 0.0500
243200 -1.209964 0.079887 0.0500
243400 -1.171783 0.087327 0.0500
243600 -1.175346 0.085906 0.0500
243800 -1.215417 0.078335 0.0500
244000 -1.196637 0.080653 0.0500
244200 -1.218760 0.077330 0.0500
244400 -1.246533 0.074061 0.0500
244600 -1.254392 0.072957 0.0500
244800 -1.267994 0.071268 0.0500
245000 -1.250207 0.072871 0.0500
245200 -1.307098 0.066863 0.0500
245400 -1.288307 0.068507 0.0500
245600 -1.349992 0.063060 0.0500
245800 -1.315831 0.065422 0.0500
246000 -1.331955 0.063803 0.0500
246200 -1.344144 0.062782 0.0500
246400 -1.338123 0.062948 0.0500
246600 -1.393637 0.062603 0.0500
246800 -1.376406 0.061710 0.0500
247000 -1.400993 0.062668 0.0500
247200 -1.395066 0.062099 0.0500
247400 -1.415984 0.063394 0.0500
247600 -1.430007 0.064446 0.0500
247800 -1.435723 0.064808 0.0500
248000 -1.446458 0.065802 0.0500
248200 -1.459499 0.067337 0.0500
248400 -1.455520 0.066534 0.0500
248600 -1.463200 0.067440 0.0500
248800 -1.508665 0.076110 0.0500
249000 -1.503832 0.074795 0.0500
249200 -1.526273 0.079096 0.0500
249400 -1.536624 0.080713 0.0500
249600 -1.553942 0.083413 0.0500
249800 -1.560783 0.084232 0.0500
250000 -1.568465 0.085215 0.0500
250200 -1.572127 0.085505 0.0500
250400 -1.572152 0.085135 0.0500
250600 -1.587873 0.087875 0.0500
250800 -1.555674 0.081661 0.0500
251000 -1.586878 0.086966 0.0500
251200 -1.568326 0.083044 0.0500
251400 -1.582856 0.085389 0.0500
251600 -1.576544 0.083787 0.0500
251800 -1.575499 0.083236 0.0500
252000 -1.570178 0.081954 0.0500
252200 -1.537982 0.077129 0.0500
252400 -1.533367 0.076236 0.0500
252600 -1.514484 0.073410 0.0500
252800 -1.520209 0.073928 0.0500
253000 -1.503813 0.071336 0.0500
253200 -1.491036 0.069226 0.0500
253400 -1.460234 0.065104 0.0500
253600 -1.474499 0.066528 0.0500
253800 -1.452982 0.063984 0.0500
254000 -1.446898 0.063265 0.0500
254200 -1.430836 0.061986 0.0500
254400 -1.408504 0.060757 0.0500
254600 -1.410507 0.060642 0.0500
254800 -1.349232 0.060986 0.0500
255000 -1.359230 0.060208 0.0500
255200 -1.327921 0.062533 0.0500
255400 -1.320521 0.063150 0.0500
255600 -1.328917 0.062029 0.0500
255800 -1.274721 0.068506 0.0500
256000 -1.325130 0.062103 0.0500
256200 -1.274842 0.068118 0.0500
256400 -1.280428 0.067150 0.0500
256600 -1.242071 0.072092 0.0500
256800 -1.236190 0.072638 0.0500
257000 -1.231818 0.072976 0.0500
257200 -1.236488 0.072057 0.0500
257400 -1.221058 0.073987 0.0500
257600 -1.249169 0.069871 0.0500
257800 -1.275220 0.066507 0.0500
258000 -1.263391 0.067650 0.0500
258200 -1.249170 0.069183 0.0500
258400 -1.276417 0.065723 0.0500
258600 -1.306053 0.062570 0.0500
258800 -1.277707 0.065185 0.0500
259000 -1.322908 0.060779 0.0500
259200 -1.296156 0.062933 0.0500
259400 -1.320046 0.060639 0.0500
259600 -1.322581 0.060257 0.0500
259800 -1.335612 0.059209 0.0500
260000 -1.342706 0.058672 0.0500
260200 -1.319677 0.059956 0.0500
260400 -1.346323 0.058194 0.0500
260600 -1.360536 0.057746 0.0500
260800 -1.366795 0.057594 0.0500
261000 -1.346688 0.057685 0.0500
261200 -1.343293 0.057650 0.0500
261400 -1.363838 0.057089 0.0500
261600 -1.342790 0.057347 0.0500
261800 -1.357351 0.056776 0.0500
262000 -1.401416 0.058303 0.0500
262200 -1.373191 0.056635 0.0500
262400 -1.371985 0.056439 0.0500
262600 -1.371608 0.056266 0.0500
262800 -1.401814 0.057733 0.0500
263000 -1.411660 0.058348 0.0500
263200 -1.415943 0.058537 0.0500
263400 -1.421649 0.058862 0.0500
263600 -1.446749 0.061215 0.0500
263800 -1.446080 0.060946 0.0500
264000 -1.471465 0.064134 0.0500
264200 -1.472719 0.064116 0.0500
264400 -1.518843 0.071824 0.0500
264600 -1.500672 0.068425 0.0500
264800 -1.515887 0.070823 0.0500
265000 -1.496424 0.067217 0.0500
265200 -1.535036 0.073550 0.0500
265400 -1.520696 0.070901 0.0500
265600 -1.568450 0.079026 0.0500
265800 -1.507269 0.068262 0.0500
266000 -1.581132 0.081430 0.0500
266200 -1.525823 0.070899 0.0500
266400 -1.584222 0.081701 0.0500
266600 -1.551454 0.074576 0.0500
266800 -1.586856 0.081794 0.0500
267000 -1.562269 0.075955 0.0500
267200 -1.555398 0.074428 0.0500
267400 -1.557843 0.074569 0.0500
267600 -1.543046 0.071907 0.0500
267800 -1.538609 0.070996 0.0500
268000 -1.533753 0.070058 0.0500
268200 -1.527552 0.068966 0.0500
268400 -1.530014 0.069052 0.0500
268600 -1.514627 0.066805 0.0500
268800 -1.509476 0.065926 0.0500
269000 -1.499888 0.064519 0.0500
269200 -1.517103 0.066461 0.0500
269400 -1.496362 0.063683 0.0500
269600 -1.506470 0.064689 0.0500
269800 -1.496123 0.063241 0.0500
270000 -1.513772 0.065192 0.0500
270200 -1.524211 0.066367 0.0500
270400 -1.542599 0.068923 0.0500
270600 -1.513337 0.064510 0.0500
270800 -1.524926 0.065808 0.0500
271000 -1.517027 0.064545 0.0500
271200 -1.535255 0.066877 0.0500
271400 -1.542286 0.067789 0.0500
271600 -1.537510 0.066770 0.0500
271800 -1.555785 0.069871 0.0500
272000 -1.546080 0.067747 0.0500
272200 -1.567215 0.072003 0.0500
272400 -1.541868 0.066572 0.0500
272600 -1.568674 0.071893 0.0500
272800 -1.546004 0.066818 0.0500
273000 -1.539390 0.065523 0.0500
273200 -1.556600 0.068382 0.0500
273400 -1.528119 0.063579 0.0500
273600 -1.546415 0.066009 0.0500
273800 -1.532272 0.063681 0.0500
274000 -1.541820 0.064824 0.0500
274200 -1.552100 0.066402 0.0500
274400 -1.572438 0.071006 0.0500
274600 -1.564993 0.068776 0.0500
274800 -1.568831 0.069515 0.0500
275000 -1.571420 0.069966 0.0500
275200 -1.571536 0.069748 0.0500
275400 -1.571160 0.069395 0.0500
275600 -1.568971 0.068565 0.0500
275800 -1.576165 0.070328 0.0500
276000 -1.594681 0.076427 0.0500
276200 -1.602754 0.079399 0.0500
276400 -1.601740 0.078651 0.0500
276600 -1.643724 0.099360 0.0500
276800 -1.630133 0.091366 0.0500
277000 -1.666265 0.112512 0.0500
277200 -1.666902 0.112292 0.0500
277400 -1.697475 0.134336 0.0500
277600 -1.701792 0.136910 0.0500
277800 -1.714261 0.146378 0.0500
278000 -1.736344 0.164986 0.0500
278200 -1.749055 0.175723 0.0500
278400 -1.775662 0.202628 0.0500
278600 -1.789480 0.217605 0.0500
278800 -1.802849 0.233516 0.0500
279000 -1.789108 0.212242 0.0500
279200 -1.787721 0.208223 0.0500
279400 -1.798747 0.220262 0.0500
279600 -1.816337 0.243957 0.0500
279800 -1.825594 0.256372 0.0500
280000 -1.821849 0.246705 0.0500
280200 -1.836479 0.269342 0.0500
280400 -1.854614 0.302284 0.0500
280600 -1.875344 0.346923 0.0500
280800 -1.869092 0.325238 0.0500
281000 -1.893304 0.385462 0.0500
281200 -1.905571 0.416980 0.0500
281400 -1.915854 0.443420 0.0500
281600 -1.904260 0.395008 0.0500
281800 -1.925604 0.459769 0.0500
282000 -1.942005 0.509796 0.0500
282200 -1.947405 0.516360 0.0500
282400 -1.950853 0.515075 0.0500
282600 -1.943420 0.476092 0.0500
282800 -1.965149 0.538141 0.0500
283000 -1.974774 0.554263 0.0500
283200 -1.979111 0.551794 0.0500
283400 -1.998885 0.591248 0.0500
283600 -1.997297 0.569545 0.0500
283800 -1.997476 0.553571 0.0500
284000 -1.982640 0.502525 0.0500
284200 -1.987887 0.502004 0.0500
284400 -1.966840 0.443455 0.0500
284600 -1.954024 0.408755 0.0500
284800 -1.927055 0.355688 0.0500
285000 -1.906116 0.320415 0.0500
285200 -1.896862 0.303975 0.0500
285400 -1.857889 0.259070 0.0500
285600 -1.858410 0.256154 0.0500
285800 -1.807249 0.205321 0.0500
286000 -1.797912 0.195390 0.0500
286200 -1.748632 0.160239 0.0500
286400 -1.753302 0.161744 0.0500
286600 -1.721299 0.141344 0.0500
286800 -1.729019 0.144947 0.0500
287000 -1.701165 0.127294 0.0500
287200 -1.722076 0.138921 0.0500
287400 -1.703577 0.127044 0.0500
287600 -1.710569 0.130294 0.0500
287800 -1.690139 0.117828 0.0500
288000 -1.695041 0.119826 0.0500
288200 -1.671830 0.106876 0.0500
288400 -1.681931 0.111429 0.0500
288600 -1.689117 0.114601 0.0500
288800 -1.703759 0.122121 0.0500
289000 -1.697764 0.117953 0.0500
289200 -1.706050 0.121957 0.0500
289400 -1.705849 0.121080 0.0500
289600 -1.698637 0.116282 0.0500
289800 -1.688616 0.110350 0.0500
290000 -1.684393 0.107657 0.0500
290200 -1.687891 0.108764 0.0500
290400 -1.667573 0.099074 0.0500
290600 -1.659093 0.095245 0.0500
290800 -1.654793 0.093178 0.0500
291000 -1.651364 0.091493 0.0500
291200 -1.648151 0.089931 0.0500
291400 -1.644848 0.088379 0.0500
291600 -1.643749 0.087607 0.0500
291800 -1.618453 0.079162 0.0500
292000 -1.605699 0.075055 0.0500
292200 -1.578874 0.067819 0.0500
292400 -1.556319 0.063460 0.0500
292600 -1.534660 0.060924 0.0500
292800 -1.484549 0.058606 0.0500
293000 -1.485563 0.058457 0.0500
293200 -1.441125 0.057379 0.0500
293400 -1.443917 0.057268 0.0500
293600 -1.409556 0.056165 0.0500
293800 -1.402769 0.055770 0.0500
294000 -1.418793 0.056157 0.0500
294200 -1.400594 0.055387 0.0500
294400 -1.414531 0.055702 0.0500
294600 -1.376629 0.054617 0.0500
294800 -1.377305 0.054466 0.0500
295000 -1.386593 0.054420 0.0500
295200 -1.346326 0.055191 0.0500
295400 -1.382209 0.054082 0.0500
295600 -1.357439 0.054273 0.0500
295800 -1.373522 0.053747 0.0500
296000 -1.375374 0.053597 0.0500
296200 -1.363902 0.053603 0.0500
296400 -1.385525 0.053435 0.0500
296600 -1.389404 0.053391 0.0500
296800 -1.403212 0.053784 0.0500
297000 -1.376442 0.052898 0.0500
297200 -1.395184 0.053161 0.0500
297400 -1.387800 0.052776 0.0500
297600 -1.393758 0.052821 0.0500
297800 -1.393252 0.052659 0.0500
298000 -1.390253 0.052419 0.0500
298200 -1.429076 0.054308 0.0500
298400 -1.408200 0.052935 0.0500
298600 -1.439040 0.054631 0.0500
298800 -1.423171 0.053517 0.0500
299000 -1.446168 0.054771 0.0500
299200 -1.433193 0.053831 0.0500
299400 -1.443462 0.054306 0.0500
299600 -1.451445 0.054645 0.0500
299800 -1.459498 0.054994 0.0500
300000 -1.458956 0.054805 0.0500
300200 -1.466748 0.055147 0.0500
300400 -1.468583 0.055110 0.0500
300600 -1.490333 0.056431 0.0500
300800 -1.495488 0.056631 0.0500
301000 -1.502479 0.056968 0.0500
301200 -1.516976 0.057911 0.0500
301400 -1.503267 0.056697 0.0500
301600 -1.532725 0.059028 0.0500
301800 -1.507350 0.056678 0.0500
302000 -1.539533 0.059469 0.0500
302200 -1.516936 0.057087 0.0500
302400 -1.544572 0.059778 0.0500
302600 -1.510902 0.056325 0.0500
302800 -1.515197 0.056475 0.0500
303000 -1.510016 0.055939 0.0500
303200 -1.499833 0.055132 0.0500
303400 -1.509664 0.055600 0.0500
303600 -1.475229 0.053625 0.0500
303800 -1.500209 0.054711 0.0500
304000 -1.484763 0.053750 0.0500
304200 -1.507675 0.054895 0.0500
304400 -1.465238 0.052744 0.0500
304600 -1.477118 0.053010 0.0500
304800 -1.475498 0.052805 0.0500
305000 -1.462417 0.052243 0.0500
305200 -1.471835 0.052393 0.0500
305400 -1.452250 0.051729 0.0500
305600 -1.452751 0.051602 0.0500
305800 -1.431528 0.051116 0.0500
306000 -1.426975 0.050920 0.0500
306200 -1.426415 0.050780 0.0500
306400 -1.417051 0.050535 0.0500
306600 -1.439947 0.050731 0.0500
306800 -1.401516 0.050207 0.0500
307000 -1.420315 0.050199 0.0500
307200 -1.386594 0.050124 0.0500
307400 -1.381437 0.050135 0.0500
307600 -1.368119 0.050632 0.0500
307800 -1.329975 0.054596 0.0500
308000 -1.352235 0.051678 0.0500
308200 -1.313607 0.056831 0.0500
308400 -1.316342 0.056230 0.0500
308600 -1.283368 0.061491 0.0500
308800 -1.276848 0.062387 0.0500
309000 -1.256664 0.065618 0.0500
309200 -1.237688 0.068733 0.0500
309400 -1.211951 0.073327 0.0500
309600 -1.239540 0.067941 0.0500
309800 -1.194746 0.076672 0.0500
310000 -1.207470 0.073481 0.0500
310200 -1.197192 0.075496 0.0500
310400 -1.168239 0.084126 0.0500
310600 -1.210749 0.072044 0.0500
310800 -1.220897 0.069907 0.0500
311000 -1.204898 0.072709 0.0500
311200 -1.227222 0.068346 0.0500
311400 -1.226128 0.068286 0.0500
311600 -1.225421 0.068164 0.0500
311800 -1.235544 0.066329 0.0500
312000 -1.236902 0.065900 0.0500
312200 -1.268171 0.061450 0.0500
312400 -1.243681 0.064514 0.0500
312600 -1.267546 0.061155 0.0500
312800 -1.277611 0.059731 0.0500
313000 -1.298843 0.056980 0.0500
313200 -1.282837 0.058754 0.0500
313400 -1.300717 0.056425 0.0500
313600 -1.286694 0.057951 0.0500
313800 -1.297511 0.056483 0.0500
314000 -1.301912 0.055797 0.0500
314200 -1.311903 0.054468 0.0500
314400 -1.305742 0.055034 0.0500
314600 -1.303987 0.055084 0.0500
314800 -1.298903 0.055530 0.0500
315000 -1.308077 0.054300 0.0500
315200 -1.278043 0.057822 0.0500
315400 -1.282308 0.057099 0.0500
315600 -1.261770 0.059741 0.0500
315800 -1.270266 0.058351 0.0500
316000 -1.285576 0.056205 0.0500
316200 -1.286824 0.055892 0.0500
316400 -1.303255 0.053875 0.0500
316600 -1.263803 0.058660 0.0500
316800 -1.291500 0.054891 0.0500
317000 -1.269995 0.057448 0.0500
317200 -1.282132 0.055690 0.0500
317400 -1.280406 0.055744 0.0500
317600 -1.244897 0.061001 0.0500
317800 -1.263725 0.057702 0.0500
318000 -1.222851 0.065087 0.0500
318200 -1.236695 0.061996 0.0500
318400 -1.229396 0.063267 0.0500
318600 -1.180395 0.076500 0.0500
318800 -1.192058 0.072249 0.0500
319000 -1.152081 0.088988 0.0500
319200 -1.107988 0.120708 0.0500
319400 -1.134885 0.098865 0.0500
319600 -1.077086 0.149168 0.0500
319800 -1.112142 0.115160 0.0500
320000 -1.058245 0.167961 0.0500
320200 -1.066165 0.157682 0.0500
320400 -1.058859 0.164494 0.0500
320600 -1.028719 0.201702 0.0500
320800 -1.060248 0.160191 0.0500
321000 -0.998113 0.252885 0.0500
321200 -1.025783 0.200412 0.0500
321400 -1.078201 0.139443 0.0500
321600 -1.019916 0.206505 0.0500
321800 -1.059148 0.155516 0.0500
322000 -1.062041 0.151433 0.0500
322200 -1.028677 0.188910 0.0500
322400 -1.090724 0.124927 0.0500
322600 -1.095035 0.120892 0.0500
322800 -1.083521 0.128948 0.0500
323000 -1.135238 0.093721 0.0500
323200 -1.103016 0.113264 0.0500
323400 -1.131364 0.094941 0.0500
323600 -1.155030 0.082925 0.0500
323800 -1.174380 0.075388 0.0500
324000 -1.187027 0.071363 0.0500
324200 -1.149717 0.084369 0.0500
324400 -1.203040 0.067035 0.0500
324600 -1.206717 0.066024 0.0500
324800 -1.212158 0.064702 0.0500
325000 -1.257263 0.057246 0.0500
325200 -1.228381 0.061390 0.0500
325400 -1.284982 0.053937 0.0500
325600 -1.276521 0.054600 0.0500
325800 -1.272053 0.054910 0.0500
326000 -1.311649 0.051398 0.0500
326200 -1.253413 0.056923 0.0500
326400 -1.325734 0.050289 0.0500
326600 -1.268638 0.054799 0.0500
326800 -1.309738 0.051089 0.0500
327000 -1.336231 0.049414 0.0500
327200 -1.300489 0.051509 0.0500
327400 -1.350941 0.048641 0.0500
327600 -1.319402 0.049987 0.0500
327800 -1.331166 0.049195 0.0500
328000 -1.342187 0.048582 0.0500
328200 -1.312485 0.050082 0.0500
328400 -1.343758 0.048301 0.0500
328600 -1.320571 0.049316 0.0500
328800 -1.331296 0.048591 0.0500
329000 -1.336432 0.048232 0.0500
329200 -1.317765 0.049138 0.0500
329400 -1.354640 0.047496 0.0500
329600 -1.347982 0.047503 0.0500
329800 -1.374466 0.047353 0.0500
330000 -1.355487 0.047149 0.0500
330200 -1.386164 0.047468 0.0500
330400 -1.362918 0.046896 0.0500
330600 -1.362117 0.046783 0.0500
330800 -1.375276 0.046819 0.0500
331000 -1.363062 0.046562 0.0500
331200 -1.398252 0.047474 0.0500
331400 -1.381923 0.046677 0.0500
331600 -1.419840 0.048390 0.0500
331800 -1.392445 0.046876 0.0500
332000 -1.415579 0.047939 0.0500
332200 -1.407202 0.047373 0.0500
332400 -1.399930 0.046890 0.0500
332600 -1.418760 0.047773 0.0500
332800 -1.409461 0.047152 0.0500
333000 -1.435663 0.048491 0.0500
333200 -1.414021 0.047175 0.0500
333400 -1.436217 0.048296 0.0500
333600 -1.426116 0.047608 0.0500
333800 -1.433291 0.047894 0.0500
334000 -1.452065 0.048898 0.0500
334200 -1.470726 0.050059 0.0500
334400 -1.465080 0.049521 0.0500
334600 -1.455165 0.048732 0.0500
334800 -1.457180 0.048740 0.0500
335000 -1.462991 0.049006 0.0500
335200 -1.489898 0.051069 0.0500
335400 -1.492930 0.051221 0.0500
335600 -1.489804 0.050793 0.0500
335800 -1.490752 0.050748 0.0500
336000 -1.485505 0.050143 0.0500
336200 -1.500289 0.051426 0.0500
336400 -1.496200 0.050877 0.0500
336600 -1.480497 0.049347 0.0500
336800 -1.483289 0.049448 0.0500
337000 -1.487027 0.049641 0.0500
337200 -1.516886 0.052733 0.0500
337400 -1.517455 0.052665 0.0500
337600 -1.537031 0.055433 0.0500
337800 -1.523777 0.053232 0.0500
338000 -1.524668 0.053212 0.0500
338200 -1.529103 0.053714 0.0500
338400 -1.531591 0.053948 0.0500
338600 -1.545095 0.056143 0.0500
338800 -1.539374 0.054931 0.0500
339000 -1.577083 0.063579 0.0500
339200 -1.558222 0.058435 0.0500
339400 -1.590841 0.067442 0.0500
339600 -1.594573 0.068427 0.0500
339800 -1.613264 0.074568 0.0500
340000 -1.621363 0.077132 0.0500
340200 -1.628201 0.079257 0.0500
340400 -1.649066 0.086656 0.0500
340600 -1.646211 0.085177 0.0500
340800 -1.656437 0.088813 0.0500
341000 -1.652522 0.086847 0.0500
341200 -1.664922 0.091587 0.0500
341400 -1.675201 0.095900 0.0500
341600 -1.672801 0.094280 0.0500
341800 -1.677473 0.096081 0.0500
342000 -1.666235 0.090417 0.0500
342200 -1.676283 0.094593 0.0500
342400 -1.679470 0.095709 0.0500
342600 -1.675075 0.093098 0.0500
342800 -1.670780 0.090688 0.0500
343000 -1.694383 0.102569 0.0500
343200 -1.702890 0.107383 0.0500
343400 -1.715309 0.115413 0.0500
343600 -1.702008 0.105613 0.0500
343800 -1.727276 0.123219 0.0500
344000 -1.736620 0.129964 0.0500
344200 -1.747592 0.138308 0.0500
344400 -1.760531 0.148648 0.0500
344600 -1.748253 0.136876 0.0500
344800 -1.770548 0.155625 0.0500
345000 -1.757164 0.142444 0.0500
345200 -1.783340 0.165532 0.0500
345400 -1.775821 0.156913 0.0500
345600 -1.822674 0.205531 0.0500
345800 -1.821657 0.202208 0.0500
346000 -1.852828 0.236234 0.0500
346200 -1.824263 0.201001 0.0500
346400 -1.845860 0.223275 0.0500
346600 -1.833899 0.207320 0.0500
346800 -1.842523 0.214681 0.0500
347000 -1.847157 0.217536 0.0500
347200 -1.857095 0.226559 0.0500
347400 -1.864660 0.232977 0.0500
347600 -1.856195 0.220278 0.0500
347800 -1.862457 0.225024 0.0500
348000 -1.833486 0.192402 0.0500
348200 -1.838658 0.195337 0.0500
348400 -1.826317 0.182365 0.0500
348600 -1.831867 0.185439 0.0500
348800 -1.812744 0.168463 0.0500
349000 -1.782747 0.147725 0.0500
349200 -1.787390 0.149365 0.0500
349400 -1.769902 0.138171 0.0500
349600 -1.771390 0.138026 0.0500
349800 -1.747410 0.123924 0.0500
350000 -1.733437 0.115580 0.0500
350200 -1.735733 0.116127 0.0500
350400 -1.720061 0.107242 0.0500
350600 -1.722826 0.108062 0.0500
350800 -1.704712 0.098707 0.0500
351000 -1.666793 0.084178 0.0500
351200 -1.669021 0.084475 0.0500
351400 -1.640333 0.076668 0.0500
351600 -1.655226 0.079999 0.0500
351800 -1.621088 0.071642 0.0500
352000 -1.621771 0.071537 0.0500
352200 -1.598441 0.065781 0.0500
352400 -1.612091 0.068799 0.0500
352600 -1.598338 0.065312 0.0500
352800 -1.589161 0.062954 0.0500
353000 -1.590529 0.063066 0.0500
353200 -1.598661 0.064756 0.0500
353400 -1.597308 0.064224 0.0500
353600 -1.593321 0.063090 0.0500
353800 -1.571584 0.058228 0.0500
354000 -1.576778 0.059094 0.0500
354200 -1.573309 0.058217 0.0500
354400 -1.565351 0.056546 0.0500
354600 -1.591124 0.061700 0.0500
354800 -1.583119 0.059724 0.0500
355000 -1.596447 0.062557 0.0500
355200 -1.575906 0.057872 0.0500
355400 -1.612385 0.066079 0.0500
355600 -1.586166 0.059664 0.0500
355800 -1.614632 0.066245 0.0500
356000 -1.603857 0.063359 0.0500
356200 -1.621965 0.067680 0.0500
356400 -1.629822 0.069494 0.0500
356600 -1.643632 0.073016 0.0500
356800 -1.635228 0.070429 0.0500
357000 -1.644619 0.072764 0.0500
357200 -1.662302 0.077927 0.0500
357400 -1.674516 0.081975 0.0500
357600 -1.677427 0.082756 0.0500
357800 -1.691112 0.088197 0.0500
358000 -1.672777 0.080294 0.0500
358200 -1.678669 0.082195 0.0500
358400 -1.647868 0.071879 0.0500
358600 -1.697487 0.089890 0.0500
358800 -1.675026 0.079867 0.0500
359000 -1.706998 0.093983 0.0500
359200 -1.712988 0.096768 0.0500
359400 -1.738887 0.111554 0.0500
359600 -1.733219 0.107466 0.0500
359800 -1.748069 0.115995 0.0500
360000 -1.743395 0.112417 0.0500
360200 -1.756970 0.120231 0.0500
360400 -1.754149 0.117718 0.0500
360600 -1.765713 0.124356 0.0500
360800 -1.763984 0.122453 0.0500
361000 -1.765670 0.122762 0.0500
361200 -1.773341 0.126989 0.0500
361400 -1.757713 0.116298 0.0500
361600 -1.773441 0.125514 0.0500
361800 -1.760374 0.116487 0.0500
362000 -1.776098 0.125758 0.0500
362200 -1.751846 0.110198 0.0500
362400 -1.783686 0.129586 0.0500
362600 -1.752131 0.109137 0.0500
362800 -1.778060 0.124211 0.0500
363000 -1.744502 0.103990 0.0500
363200 -1.780414 0.124513 0.0500
363400 -1.756013 0.108830 0.0500
363600 -1.771132 0.116986 0.0500
363800 -1.754597 0.106860 0.0500
364000 -1.756254 0.107143 0.0500
364200 -1.737173 0.097454 0.0500
364400 -1.737038 0.096909 0.0500
364600 -1.730918 0.093872 0.0500
364800 -1.715014 0.087439 0.0500
365000 -1.705237 0.083785 0.0500
365200 -1.686754 0.078052 0.0500
365400 -1.680439 0.076130 0.0500
365600 -1.653823 0.070115 0.0500
365800 -1.623080 0.064326 0.0500
366000 -1.618763 0.063347 0.0500
366200 -1.565192 0.054337 0.0500
366400 -1.569202 0.054727 0.0500
366600 -1.524171 0.050113 0.0500
366800 -1.526181 0.050122 0.0500
367000 -1.501077 0.048506 0.0500
367200 -1.460427 0.046817 0.0500
367400 -1.468422 0.046936 0.0500
367600 -1.400252 0.045348 0.0500
367800 -1.432074 0.045898 0.0500
368000 -1.388638 0.045003 0.0500
368200 -1.408399 0.045210 0.0500
368400 -1.358408 0.045191 0.0500
368600 -1.353384 0.045293 0.0500
368800 -1.371951 0.044648 0.0500
369000 -1.353816 0.045071 0.0500
369200 -1.342813 0.045570 0.0500
369400 -1.311098 0.048170 0.0500
369600 -1.308735 0.048295 0.0500
369800 -1.318991 0.047159 0.0500
370000 -1.304807 0.048479 0.0500
370200 -1.294214 0.049558 0.0500
370400 -1.300378 0.048723 0.0500
370600 -1.265330 0.053252 0.0500
370800 -1.282953 0.050589 0.0500
371000 -1.249859 0.055559 0.0500
371200 -1.267844 0.052449 0.0500
371400 -1.251900 0.054901 0.0500
371600 -1.218091 0.061449 0.0500
371800 -1.251054 0.054755 0.0500
372000 -1.172749 0.073635 0.0500
372200 -1.213622 0.061957 0.0500
372400 -1.201109 0.064737 0.0500
372600 -1.147688 0.083570 0.0500
372800 -1.204525 0.063536 0.0500
373000 -1.151046 0.081450 0.0500
373200 -1.111854 0.103940 0.0500
373400 -1.154967 0.079018 0.0500
373600 -1.095939 0.114673 0.0500
373800 -1.106825 0.106003 0.0500
374000 -1.094723 0.114328 0.0500
374200 -1.035752 0.173162 0.0500
374400 -1.064648 0.138753 0.0500
374600 -1.044432 0.159540 0.0500
374800 -1.001065 0.228938 0.0500
375000 -1.002393 0.223423 0.0500
375200 -0.960563 0.340224 0.0500
375400 -0.933194 0.442992 0.0500
375600 -0.978234 0.272937 0.0500
375800 -0.913374 0.511789 0.0500
376000 -0.922309 0.462573 0.0500
376200 -0.878039 0.610854 0.0500
376400 -0.928243 0.420303 0.0500
376600 -0.906290 0.491203 0.0500
376800 -0.911919 0.459178 0.0500
377000 -0.905792 0.469590 0.0500
377200 -0.943672 0.337885 0.0500
377400 -0.939171 0.345065 0.0500
377600 -0.927406 0.374469 0.0500
377800 -0.959370 0.281215 0.0500
378000 -0.913874 0.406974 0.0500
378200 -0.957168 0.278215 0.0500
378400 -0.976827 0.235848 0.0500
378600 -0.972477 0.240674 0.0500
378800 -1.013387 0.180246 0.0500
379000 -1.028287 0.163243 0.0500
379200 -0.999675 0.193458 0.0500
379400 -1.046641 0.144606 0.0500
379600 -1.017358 0.170197 0.0500
379800 -1.040088 0.147765 0.0500
380000 -1.037423 0.148864 0.0500
380200 -0.999855 0.186730 0.0500
380400 -1.021865 0.160423 0.0500
380600 -1.045308 0.139459 0.0500
380800 -1.049420 0.135500 0.0500
381000 -1.059030 0.128088 0.0500
381200 -1.051338 0.132363 0.0500
381400 -1.065844 0.122175 0.0500
381600 -1.093733 0.105938 0.0500
381800 -1.090729 0.106938 0.0500
382000 -1.092430 0.105464 0.0500
382200 -1.100762 0.100649 0.0500
382400 -1.090669 0.105275 0.0500
382600 -1.106960 0.096577 0.0500
382800 -1.110790 0.094279 0.0500
383000 -1.110019 0.094186 0.0500
383200 -1.103899 0.096644 0.0500
383400 -1.089271 0.103527 0.0500
383600 -1.097489 0.098791 0.0500
383800 -1.070910 0.112820 0.0500
384000 -1.082657 0.105418 0.0500
384200 -1.077616 0.107645 0.0500
384400 -1.063434 0.115676 0.0500
384600 -1.072247 0.109524 0.0500
384800 -1.085568 0.101624 0.0500
385000 -1.053827 0.120460 0.0500
385200 -1.024803 0.145301 0.0500
385400 -1.056305 0.117220 0.0500
385600 -1.032617 0.135724 0.0500
385800 -0.991520 0.186115 0.0500
386000 -1.028211 0.138035 0.0500
386200 -0.949369 0.272224 0.0500
386400 -0.935940 0.306519 0.0500
386600 -0.939066 0.292543 0.0500
386800 -0.885888 0.477590 0.0500
387000 -0.906032 0.390013 0.0500
387200 -0.864905 0.537073 0.0500
387400 -0.894262 0.415773 0.0500
387600 -0.891637 0.416231 0.0500
387800 -0.884478 0.432643 0.0500
388000 -0.890654 0.401883 0.0500
388200 -0.889410 0.397816 0.0500
388400 -0.925648 0.288634 0.0500
388600 -0.913969 0.312856 0.0500
388800 -0.907119 0.326081 0.0500
389000 -0.960208 0.213677 0.0500
389200 -0.953278 0.221991 0.0500
389400 -0.968041 0.197929 0.0500
389600 -0.979834 0.180897 0.0500
389800 -0.975953 0.183956 0.0500
390000 -1.004620 0.151390 0.0500
390200 -1.028251 0.130476 0.0500
390400 -0.976906 0.179146 0.0500
390600 -1.022910 0.132858 0.0500
390800 -1.054149 0.111933 0.0500
391000 -1.066283 0.105221 0.0500
391200 -1.106458 0.088947 0.0500
391400 -1.086744 0.095640 0.0500
391600 -1.131885 0.080052 0.0500
391800 -1.121411 0.082951 0.0500
392000 -1.151722 0.073784 0.0500
392200 -1.141246 0.076382 0.0500
392400 -1.173905 0.067889 0.0500
392600 -1.171459 0.068192 0.0500
392800 -1.154669 0.071985 0.0500
393000 -1.176997 0.066531 0.0500
393200 -1.159027 0.070393 0.0500
393400 -1.153572 0.071526 0.0500
393600 -1.144869 0.073622 0.0500
393800 -1.121412 0.080574 0.0500
394000 -1.159060 0.069406 0.0500
394200 -1.118827 0.080899 0.0500
394400 -1.125000 0.078516 0.0500
394600 -1.125466 0.078049 0.0500
394800 -1.103963 0.085232 0.0500
395000 -1.144208 0.071971 0.0500
395200 -1.121335 0.078498 0.0500
395400 -1.124807 0.077061 0.0500
395600 -1.139494 0.072432 0.0500
395800 -1.138251 0.072503 0.0500
396000 -1.109869 0.081306 0.0500
396200 -1.099667 0.084853 0.0500
396400 -1.147621 0.069398 0.0500
396600 -1.112311 0.079531 0.0500
396800 -1.120289 0.076505 0.0500
397000 -1.088751 0.088274 0.0500
397200 -1.093256 0.085921 0.0500
397400 -1.104997 0.080880 0.0500
397600 -1.092381 0.085569 0.0500
397800 -1.080304 0.090671 0.0500
398000 -1.055987 0.103644 0.0500
398200 -1.044329 0.110772 0.0500
398400 -1.088166 0.085917 0.0500
398600 -1.032606 0.118480 0.0500
398800 -1.029979 0.119829 0.0500
399000 -1.053894 0.102327 0.0500
399200 -1.030825 0.117868 0.0500
399400 -1.000939 0.144463 0.0500
399600 -0.992439 0.152652 0.0500
399800 -0.991954 0.152007 0.0500
400000 -0.970067 0.178470 0.0500
400200 -0.975202 0.169841 0.0500
400400 -0.952207 0.203041 0.0500
400600 -0.925171 0.255965 0.0500
400800 -0.913320 0.283014 0.0500
401000 -0.896941 0.328334 0.0500
401200 -0.900854 0.310388 0.0500
401400 -0.857877 0.467452 0.0500
401600 -0.873689 0.393097 0.0500
401800 -0.831855 0.552203 0.0500
402000 -0.860281 0.427473 0.0500
402200 -0.832998 0.522583 0.0500
402400 -0.834716 0.502486 0.0500
402600 -0.844463 0.454853 0.0500
402800 -0.851222 0.421003 0.0500
403000 -0.855551 0.397697 0.0500
403200 -0.842548 0.432911 0.0500
403400 -0.861728 0.362777 0.0500
403600 -0.843224 0.413862 0.0500
403800 -0.862797 0.346138 0.0500
404000 -0.864053 0.336683 0.0500
404200 -0.839040 0.406219 0.0500
404400 -0.850310 0.362396 0.0500
404600 -0.828748 0.426152 0.0500
404800 -0.866739 0.307630 0.0500
405000 -0.817113 0.454921 0.0500
405200 -0.829299 0.400882 0.0500
405400 -0.809610 0.463838 0.0500
405600 -0.843544 0.342392 0.0500
405800 -0.835209 0.359617 0.0500
406000 -0.806207 0.452434 0.0500
406200 -0.838580 0.337105 0.0500
406400 -0.868454 0.271628 0.0500
406600 -0.890814 0.240305 0.0500
406800 -0.897893 0.230329 0.0500
407000 -0.937189 0.193009 0.0500
407200 -0.947401 0.182021 0.0500
407400 -0.957727 0.171123 0.0500
407600 -0.969328 0.159445 0.0500
407800 -0.956749 0.169144 0.0500
408000 -0.949797 0.173819 0.0500
408200 -0.985328 0.142664 0.0500
408400 -0.970430 0.153535 0.0500
408600 -1.007893 0.124550 0.0500
408800 -0.980542 0.143444 0.0500
409000 -0.998562 0.129194 0.0500
409200 -1.019309 0.115180 0.0500
409400 -0.995177 0.129997 0.0500
409600 -1.023100 0.111677 0.0500
409800 -1.021694 0.111822 0.0500
410000 -0.976541 0.142106 0.0500
410200 -1.028723 0.106925 0.0500
410400 -0.989417 0.130576 0.0500
410600 -0.984256 0.133577 0.0500
410800 -0.991410 0.127389 0.0500
411000 -0.971054 0.142515 0.0500
411200 -0.984722 0.130530 0.0500
411400 -0.966355 0.144661 0.0500
411600 -0.945361 0.163683 0.0500
411800 -0.933477 0.174681 0.0500
412000 -0.939685 0.166650 0.0500
412200 -0.924450 0.181337 0.0500
412400 -0.911654 0.193919 0.0500
412600 -0.904626 0.200160 0.0500
412800 -0.898236 0.205815 0.0500
413000 -0.904161 0.196587 0.0500
413200 -0.888869 0.213610 0.0500
413400 -0.884477 0.217316 0.0500
413600 -0.882467 0.217760 0.0500
413800 -0.872869 0.230123 0.0500
414000 -0.893440 0.198731 0.0500
414200 -0.871315 0.227893 0.0500
414400 -0.899453 0.188054 0.0500
414600 -0.944750 0.148547 0.0500
414800 -0.920551 0.165784 0.0500
415000 -0.946781 0.144920 0.0500
415200 -0.937480 0.150312 0.0500
415400 -0.942332 0.145763 0.0500
415600 -1.012289 0.108120 0.0500
415800 -0.988225 0.117948 0.0500
416000 -1.034814 0.098684 0.0500
416200 -1.059232 0.090142 0.0500
416400 -1.039139 0.096292 0.0500
416600 -1.083455 0.082217 0.0500
416800 -1.078450 0.083273 0.0500
417000 -1.138081 0.068708 0.0500
417200 -1.115761 0.073151 0.0500
417400 -1.128753 0.070059 0.0500
417600 -1.140225 0.067602 0.0500
417800 -1.156082 0.064793 0.0500
418000 -1.135978 0.067941 0.0500
418200 -1.160411 0.063770 0.0500
418400 -1.178379 0.061442 0.0500
418600 -1.160607 0.063347 0.0500
418800 -1.168584 0.062140 0.0500
419000 -1.142985 0.065683 0.0500
419200 -1.179337 0.060617 0.0500
419400 -1.156816 0.063085 0.0500
419600 -1.131013 0.067451 0.0500
419800 -1.130566 0.067312 0.0500
420000 -1.095287 0.076078 0.0500
420200 -1.112290 0.071128 0.0500
420400 -1.081226 0.079798 0.0500
420600 -1.062594 0.085623 0.0500
420800 -1.047943 0.090438 0.0500
421000 -1.029395 0.097065 0.0500
421200 -1.028941 0.096762 0.0500
421400 -1.008019 0.105083 0.0500
421600 -0.998053 0.109157 0.0500
421800 -0.991758 0.111656 0.0500
422000 -0.975028 0.120109 0.0500
422200 -0.977026 0.118222 0.0500
422400 -0.996536 0.107444 0.0500
422600 -0.992468 0.108786 0.0500
422800 -1.001739 0.103922 0.0500
423000 -0.989030 0.109305 0.0500
423200 -1.000829 0.103202 0.0500
423400 -1.032667 0.091058 0.0500
423600 -1.007297 0.099560 0.0500
423800 -1.033439 0.089991 0.0500
424000 -1.023232 0.092818 0.0500
424200 -1.043720 0.086205 0.0500
424400 -1.058899 0.081839 0.0500
424600 -1.056539 0.082092 0.0500
424800 -1.092439 0.073337 0.0500
425000 -1.075630 0.076861 0.0500
425200 -1.094598 0.072324 0.0500
425400 -1.097379 0.071466 0.0500
425600 -1.104066 0.069829 0.0500
425800 -1.110839 0.068251 0.0500
426000 -1.091207 0.072036 0.0500
426200 -1.115340 0.066951 0.0500
426400 -1.070880 0.076315 0.0500
426600 -1.082424 0.073254 0.0500
426800 -1.067150 0.076679 0.0500
427000 -1.071146 0.075376 0.0500
427200 -1.042231 0.083112 0.0500
427400 -1.026319 0.088120 0.0500
427600 -1.053835 0.079019 0.0500
427800 -1.030503 0.085924 0.0500
428000 -1.041326 0.082004 0.0500
428200 -1.049275 0.079322 0.0500
428400 -1.032510 0.084180 0.0500
428600 -1.085058 0.070458 0.0500
428800 -1.079513 0.071289 0.0500
429000 -1.079001 0.071131 0.0500
429200 -1.086983 0.069337 0.0500
429400 -1.076680 0.071095 0.0500
429600 -1.121773 0.063634 0.0500
429800 -1.096901 0.066948 0.0500
430000 -1.122529 0.063145 0.0500
430200 -1.098599 0.066253 0.0500
430400 -1.123004 0.062695 0.0500
430600 -1.127455 0.062006 0.0500
430800 -1.099728 0.065479 0.0500
431000 -1.150535 0.059736 0.0500
431200 -1.119270 0.062381 0.0500
431400 -1.134039 0.060630 0.0500
431600 -1.119785 0.061934 0.0500
431800 -1.122910 0.061375 0.0500
432000 -1.113026 0.062404 0.0500
432200 -1.109968 0.062627 0.0500
432400 -1.093668 0.065084 0.0500
432600 -1.084663 0.066639 0.0500
432800 -1.077047 0.068091 0.0500
433000 -1.083835 0.066355 0.0500
433200 -1.081222 0.066688 0.0500
433400 -1.040146 0.078265 0.0500
433600 -1.040909 0.077678 0.0500
433800 -1.025612 0.083294 0.0500
434000 -1.004410 0.092915 0.0500
434200 -1.025392 0.082668 0.0500
434400 -1.005668 0.091459 0.0500
434600 -1.039341 0.076719 0.0500
434800 -1.043065 0.075167 0.0500
435000 -1.029382 0.079763 0.0500
435200 -1.045793 0.073717 0.0500
435400 -1.009125 0.088132 0.0500
435600 -0.999523 0.092820 0.0500
435800 -1.044377 0.073388 0.0500
436000 -1.005923 0.088695 0.0500
436200 -0.969032 0.111942 0.0500
436400 -1.002923 0.089460 0.0500
436600 -0.995582 0.093095 0.0500
436800 -0.973186 0.107325 0.0500
437000 -0.969109 0.109773 0.0500
437200 -0.939729 0.134042 0.0500
437400 -0.940431 0.132476 0.0500
437600 -0.920145 0.151317 0.0500
437800 -0.888409 0.188160 0.0500
438000 -0.891717 0.181777 0.0500
438200 -0.881124 0.195429 0.0500
438400 -0.849512 0.258436 0.0500
438600 -0.806410 0.408437 0.0500
438800 -0.806718 0.398650 0.0500
439000 -0.773500 0.533773 0.0500
439200 -0.793813 0.434889 0.0500
439400 -0.767211 0.533581 0.0500
439600 -0.791988 0.422416 0.0500
439800 -0.753588 0.558723 0.0500
440000 -0.782496 0.439349 0.0500
440200 -0.794785 0.386012 0.0500
440400 -0.805702 0.342712 0.0500
440600 -0.802413 0.347034 0.0500
440800 -0.828999 0.268579 0.0500
441000 -0.772002 0.443027 0.0500
441200 -0.814106 0.297628 0.0500
441400 -0.855794 0.210663 0.0500
441600 -0.846964 0.221889 0.0500
441800 -0.858156 0.202814 0.0500
442000 -0.922782 0.140017 0.0500
442200 -0.902875 0.154583 0.0500
442400 -0.944320 0.122217 0.0500
442600 -0.943594 0.121970 0.0500
442800 -0.934952 0.127417 0.0500
443000 -0.968685 0.103866 0.0500
443200 -0.942482 0.120648 0.0500
443400 -0.986255 0.093007 0.0500
443600 -0.985306 0.093048 0.0500
443800 -1.003813 0.084108 0.0500
444000 -1.014793 0.079571 0.0500
444200 -1.019022 0.077799 0.0500
444400 -1.013613 0.079349 0.0500
444600 -0.981825 0.093140 0.0500
444800 -1.003426 0.082561 0.0500
445000 -0.975022 0.096127 0.0500
445200 -0.962354 0.103414 0.0500
445400 -0.955553 0.107382 0.0500
445600 -0.940461 0.117570 0.0500
445800 -0.949802 0.110118 0.0500
446000 -0.935050 0.120288 0.0500
446200 -0.925988 0.126608 0.0500
446400 -0.902693 0.145538 0.0500
446600 -0.914309 0.134376 0.0500
446800 -0.893691 0.151900 0.0500
447000 -0.877942 0.167197 0.0500
447200 -0.861999 0.185838 0.0500
447400 -0.859432 0.187706 0.0500
447600 -0.869320 0.172789 0.0500
447800 -0.867379 0.173666 0.0500
448000 -0.803507 0.307801 0.0500
448200 -0.806083 0.295068 0.0500
448400 -0.854724 0.186073 0.0500
448600 -0.823448 0.242429 0.0500
448800 -0.781630 0.368993 0.0500
449000 -0.822087 0.239347 0.0500
449200 -0.765807 0.421075 0.0500
449400 -0.805410 0.275084 0.0500
449600 -0.782514 0.343978 0.0500
449800 -0.732902 0.535197 0.0500
450000 -0.763020 0.402944 0.0500
450200 -0.714457 0.578100 0.0500
450400 -0.753007 0.423727 0.0500
450600 -0.731289 0.493728 0.0500
450800 -0.747144 0.425479 0.0500
451000 -0.747050 0.416606 0.0500
451200 -0.714024 0.522091 0.0500
451400 -0.808351 0.241246 0.0500
451600 -0.744818 0.403948 0.0500
451800 -0.789895 0.273411 0.0500
452000 -0.846559 0.179120 0.0500
452200 -0.765122 0.330301 0.0500
452400 -0.848282 0.174904 0.0500
452600 -0.887273 0.142154 0.0500
452800 -0.808564 0.226387 0.0500
453000 -0.916655 0.123228 0.0500
453200 -0.887883 0.139512 0.0500
453400 -0.876160 0.146280 0.0500
453600 -0.938187 0.109431 0.0500
453800 -0.888848 0.136441 0.0500
454000 -0.945086 0.104793 0.0500
454200 -0.886014 0.136893 0.0500
454400 -0.921123 0.116124 0.0500
454600 -0.901735 0.125882 0.0500
454800 -0.886662 0.134057 0.0500
455000 -0.906871 0.121464 0.0500
455200 -0.898705 0.125171 0.0500
455400 -0.906847 0.119959 0.0500
455600 -0.901055 0.122315 0.0500
455800 -0.892998 0.126119 0.0500
456000 -0.925400 0.108906 0.0500
456200 -0.921354 0.110134 0.0500
456400 -0.890419 0.125705 0.0500
456600 -0.917631 0.110615 0.0500
456800 -0.907798 0.114670 0.0500
457000 -0.930226 0.103941 0.0500
457200 -0.930808 0.103150 0.0500
457400 -0.935496 0.100728 0.0500
457600 -0.945359 0.096445 0.0500
457800 -0.963703 0.089517 0.0500
458000 -0.973923 0.085801 0.0500
458200 -0.993399 0.079769 0.0500
458400 -0.995894 0.078783 0.0500
458600 -0.986731 0.080957 0.0500
458800 -1.012920 0.074102 0.0500
459000 -0.992512 0.078757 0.0500
459200 -0.995120 0.077752 0.0500
459400 -0.993824 0.077780 0.0500
459600 -0.974320 0.083153 0.0500
459800 -0.968160 0.084823 0.0500
460000 -0.932365 0.098373 0.0500
460200 -0.947129 0.091739 0.0500
460400 -0.934070 0.096691 0.0500
460600 -0.943945 0.092120 0.0500
460800 -0.923559 0.100529 0.0500
461000 -0.882521 0.124716 0.0500
461200 -0.920169 0.101155 0.0500
461400 -0.887570 0.119695 0.0500
461600 -0.838130 0.169113 0.0500
461800 -0.842936 0.161313 0.0500
462000 -0.816953 0.198926 0.0500
462200 -0.824768 0.184037 0.0500
462400 -0.785571 0.259873 0.0500
462600 -0.788196 0.250213 0.0500
462800 -0.777210 0.273942 0.0500
463000 -0.755218 0.333376 0.0500
463200 -0.742070 0.371263 0.0500
463400 -0.728955 0.411076 0.0500
463600 -0.711118 0.469560 0.0500
463800 -0.721949 0.418386 0.0500
464000 -0.682014 0.556169 0.0500
464200 -0.710967 0.438689 0.0500
464400 -0.706553 0.444146 0.0500
464600 -0.710508 0.420813 0.0500
464800 -0.712520 0.405292 0.0500
465000 -0.700546 0.436330 0.0500
465200 -0.714002 0.383909 0.0500
465400 -0.769781 0.251581 0.0500
465600 -0.799471 0.203154 0.0500
465800 -0.809695 0.187548 0.0500
466000 -0.799106 0.199657 0.0500
466200 -0.869724 0.126450 0.0500
466400 -0.879524 0.119190 0.0500
466600 -0.878069 0.119370 0.0500
466800 -0.899692 0.106744 0.0500
467000 -0.913304 0.100085 0.0500
467200 -0.938164 0.090419 0.0500
467400 -0.942882 0.088474 0.0500
467600 -0.918726 0.096585 0.0500
467800 -0.952226 0.084890 0.0500
468000 -0.924433 0.093583 0.0500
468200 -0.947659 0.085485 0.0500
468400 -0.931634 0.090191 0.0500
468600 -0.921816 0.093332 0.0500
468800 -0.969647 0.078820 0.0500
469000 -0.942037 0.085728 0.0500
469200 -0.936194 0.087181 0.0500
469400 -0.955678 0.081200 0.0500
469600 -0.985691 0.074520 0.0500
469800 -0.985320 0.074300 0.0500
470000 -0.985605 0.073968 0.0500
470200 -1.011018 0.069970 0.0500
470400 -1.023270 0.068284 0.0500
470600 -1.027687 0.067565 0.0500
470800 -1.060385 0.064121 0.0500
471000 -1.061006 0.063853 0.0500
471200 -1.091292 0.061032 0.0500
471400 -1.096093 0.060473 0.0500
471600 -1.097562 0.060176 0.0500
471800 -1.101049 0.059740 0.0500
472000 -1.116843 0.058586 0.0500
472200 -1.145186 0.057419 0.0500
472400 -1.120500 0.058074 0.0500
472600 -1.182628 0.056972 0.0500
472800 -1.167081 0.056807 0.0500
473000 -1.203424 0.056368 0.0500
473200 -1.157773 0.056559 0.0500
473400 -1.197746 0.056225 0.0500
473600 -1.175330 0.056208 0.0500
473800 -1.183422 0.056036 0.0500
474000 -1.163474 0.055928 0.0500
474200 -1.171274 0.055736 0.0500
474400 -1.162647 0.055617 0.0500
474600 -1.145510 0.055778 0.0500
474800 -1.141011 0.055771 0.0500
475000 -1.110861 0.057440 0.0500
475200 -1.118327 0.056698 0.0500
475400 -1.123482 0.056186 0.0500
475600 -1.081865 0.059823 0.0500
475800 -1.065617 0.061533 0.0500
476000 -1.034608 0.065212 0.0500
476200 -1.063916 0.061371 0.0500
476400 -1.022188 0.066499 0.0500
476600 -1.031042 0.065074 0.0500
476800 -1.000903 0.069317 0.0500
477000 -1.008037 0.067910 0.0500
477200 -0.997265 0.069462 0.0500
477400 -0.974806 0.073782 0.0500
477600 -0.972557 0.074032 0.0500
477800 -0.965570 0.075486 0.0500
478000 -0.936728 0.084080 0.0500
478200 -0.953855 0.078129 0.0500
478400 -0.924702 0.088061 0.0500
478600 -0.905918 0.096368 0.0500
478800 -0.913997 0.091934 0.0500
479000 -0.894104 0.101980 0.0500
479200 -0.897483 0.099493 0.0500
479400 -0.897114 0.099194 0.0500
479600 -0.867864 0.118637 0.0500
479800 -0.856630 0.127512 0.0500
480000 -0.836441 0.146815 0.0500
480200 -0.808448 0.179949 0.0500
480400 -0.804853 0.183201 0.0500
480600 -0.798761 0.190040 0.0500
480800 -0.786411 0.206720 0.0500
481000 -0.778651 0.217084 0.0500
481200 -0.761652 0.245292 0.0500
481400 -0.754764 0.256049 0.0500
481600 -0.768413 0.226722 0.0500
481800 -0.751152 0.257454 0.0500
482000 -0.770569 0.217707 0.0500
482200 -0.785701 0.192675 0.0500
482400 -0.786454 0.189765 0.0500
482600 -0.791836 0.181014 0.0500
482800 -0.794420 0.176206 0.0500
483000 -0.780486 0.192691 0.0500
483200 -0.807033 0.159397 0.0500
483400 -0.843551 0.127743 0.0500
483600 -0.823774 0.142084 0.0500
483800 -0.837930 0.130066 0.0500
484000 -0.835421 0.131038 0.0500
484200 -0.848836 0.120856 0.0500
484400 -0.860589 0.112837 0.0500
484600 -0.842079 0.123964 0.0500
484800 -0.864175 0.109487 0.0500
485000 -0.869802 0.105836 0.0500
485200 -0.889508 0.095936 0.0500
485400 -0.881764 0.098896 0.0500
485600 -0.884581 0.097121 0.0500
485800 -0.906403 0.088100 0.0500
486000 -0.886873 0.095236 0.0500
486200 -0.858337 0.109406 0.0500
486400 -0.894786 0.091133 0.0500
486600 -0.904353 0.087282 0.0500
486800 -0.897271 0.089379 0.0500
487000 -0.924696 0.080586 0.0500
487200 -0.913899 0.083189 0.0500
487400 -0.953429 0.073803 0.0500
487600 -0.960976 0.072206 0.0500
487800 -0.976888 0.069485 0.0500
488000 -1.002291 0.066110 0.0500
488200 -0.996838 0.066487 0.0500
488400 -1.036420 0.062491 0.0500
488600 -1.038305 0.062130 0.0500
488800 -1.109618 0.056253 0.0500
489000 -1.073235 0.058865 0.0500
489200 -1.131577 0.054922 0.0500
489400 -1.113142 0.055607 0.0500
489600 -1.112354 0.055495 0.0500
489800 -1.131995 0.054465 0.0500
490000 -1.115035 0.055040 0.0500
490200 -1.133561 0.054126 0.0500
490400 -1.071127 0.058284 0.0500
490600 -1.097271 0.055811 0.0500
490800 -1.079835 0.057141 0.0500
491000 -1.068009 0.058102 0.0500
491200 -1.067577 0.057971 0.0500
491400 -1.017056 0.063103 0.0500
491600 -1.046937 0.059729 0.0500
491800 -1.011657 0.063367 0.0500
492000 -1.010805 0.063262 0.0500
492200 -0.984831 0.066550 0.0500
492400 -0.998011 0.064453 0.0500
492600 -1.001136 0.063836 0.0500
492800 -1.013932 0.062116 0.0500
493000 -1.026346 0.060637 0.0500
493200 -0.978952 0.066540 0.0500
493400 -1.031268 0.059861 0.0500
493600 -0.981296 0.065803 0.0500
493800 -1.013241 0.061295 0.0500
494000 -0.998458 0.062859 0.0500
494200 -0.998329 0.062673 0.0500
494400 -1.050918 0.057588 0.0500
494600 -1.013614 0.060553 0.0500
494800 -1.036092 0.058356 0.0500
495000 -1.023001 0.059277 0.0500
495200 -1.029406 0.058540 0.0500
495400 -1.049209 0.056925 0.0500
495600 -1.038982 0.057460 0.0500
495800 -1.042117 0.057068 0.0500
496000 -1.049443 0.056416 0.0500
496200 -1.044475 0.056576 0.0500
496400 -1.064947 0.055214 0.0500
496600 -1.056963 0.055488 0.0500
496800 -1.070988 0.054609 0.0500
497000 -1.073070 0.054361 0.0500
497200 -1.047542 0.055628 0.0500
497400 -1.079533 0.053809 0.0500
497600 -1.054551 0.054889 0.0500
497800 -1.077647 0.053598 0.0500
498000 -1.073283 0.053628 0.0500
498200 -1.067327 0.053751 0.0500
498400 -1.074463 0.053285 0.0500
498600 -1.048241 0.054610 0.0500
498800 -1.053826 0.054073 0.0500
499000 -1.029271 0.055988 0.0500
499200 -1.059090 0.053473 0.0500
499400 -1.071779 0.052734 0.0500
499600 -1.071449 0.052604 0.0500
499800 -1.067700 0.052617 0.0500
500000 -1.054098 0.053211 0.0500
500200 -1.053888 0.053079 0.0500
500400 -1.053258 0.052976 0.0500
500600 -1.023507 0.055670 0.0500
500800 -1.060543 0.052286 0.0500
501000 -1.069064 0.051774 0.0500
501200 -1.058877 0.052097 0.0500
501400 -1.087494 0.051113 0.0500
501600 -1.074532 0.051201 0.0500
501800 -1.111694 0.051039 0.0500
502000 -1.115201 0.050984 0.0500
502200 -1.116721 0.050888 0.0500
502400 -1.140252 0.051605 0.0500
502600 -1.129464 0.051023 0.0500
502800 -1.160451 0.052413 0.0500
503000 -1.161977 0.052361 0.0500
503200 -1.183361 0.053444 0.0500
503400 -1.175886 0.052893 0.0500
503600 -1.191850 0.053551 0.0500
503800 -1.204562 0.053782 0.0500
504000 -1.192652 0.053293 0.0500
504200 -1.191810 0.053114 0.0500
504400 -1.177399 0.052295 0.0500
504600 -1.201662 0.053162 0.0500
504800 -1.176405 0.051979 0.0500
505000 -1.186249 0.052317 0.0500
505200 -1.165060 0.051154 0.0500
505400 -1.174437 0.051474 0.0500
505600 -1.118556 0.049683 0.0500
505800 -1.150558 0.050195 0.0500
506000 -1.125718 0.049500 0.0500
506200 -1.139816 0.049622 0.0500
506400 -1.122823 0.049231 0.0500
506600 -1.085841 0.049615 0.0500
506800 -1.114973 0.048985 0.0500
507000 -1.051391 0.051506 0.0500
507200 -1.073042 0.049838 0.0500
507400 -1.031156 0.053479 0.0500
507600 -1.024971 0.054177 0.0500
507800 -1.047377 0.051365 0.0500
508000 -1.008378 0.056583 0.0500
508200 -1.035902 0.052330 0.0500
508400 -1.018987 0.054502 0.0500
508600 -1.013497 0.055240 0.0500
508800 -1.016837 0.054535 0.0500
509000 -0.981399 0.061523 0.0500
509200 -0.993268 0.058640 0.0500
509400 -0.957204 0.067410 0.0500
509600 -0.968969 0.064037 0.0500
509800 -0.945460 0.070292 0.0500
510000 -0.928728 0.075134 0.0500
510200 -0.923601 0.076509 0.0500
510400 -0.924900 0.075783 0.0500
510600 -0.917890 0.077834 0.0500
510800 -0.882617 0.092182 0.0500
511000 -0.900746 0.083577 0.0500
511200 -0.902636 0.082465 0.0500
511400 -0.880335 0.092181 0.0500
511600 -0.890527 0.086839 0.0500
511800 -0.864485 0.100289 0.0500
512000 -0.870714 0.096080 0.0500
512200 -0.878831 0.091224 0.0500
512400 -0.869936 0.095610 0.0500
512600 -0.900098 0.081055 0.0500
512800 -0.920985 0.073900 0.0500
513000 -0.899739 0.080573 0.0500
513200 -0.940413 0.068341 0.0500
513400 -0.926129 0.071688 0.0500
513600 -0.947626 0.066207 0.0500
513800 -0.959674 0.063377 0.0500
514000 -0.961093 0.062876 0.0500
514200 -0.953723 0.064229 0.0500
514400 -0.983223 0.058226 0.0500
514600 -0.998356 0.055544 0.0500
514800 -0.978048 0.058832 0.0500
515000 -1.022895 0.052051 0.0500
515200 -1.011040 0.053312 0.0500
515400 -1.056755 0.049213 0.0500
515600 -1.044950 0.049760 0.0500
515800 -1.022450 0.051598 0.0500
516000 -1.033925 0.050346 0.0500
516200 -1.005635 0.053458 0.0500
516400 -1.049811 0.049006 0.0500
516600 -1.018913 0.051487 0.0500
516800 -1.004903 0.053192 0.0500
517000 -1.027562 0.050305 0.0500
517200 -0.974723 0.058279 0.0500
517400 -0.995125 0.054313 0.0500
517600 -0.963227 0.060414 0.0500
517800 -0.922252 0.070817 0.0500
518000 -0.964177 0.059864 0.0500
518200 -0.925196 0.069517 0.0500
518400 -0.966639 0.059002 0.0500
518600 -0.950895 0.062327 0.0500
518800 -0.910419 0.073761 0.0500
519000 -0.932310 0.066645 0.0500
519200 -0.906311 0.074764 0.0500
519400 -0.897813 0.077875 0.0500
519600 -0.934271 0.065469 0.0500
519800 -0.896330 0.078001 0.0500
520000 -0.861881 0.096754 0.0500
520200 -0.860343 0.097329 0.0500
520400 -0.835151 0.116801 0.0500
520600 -0.818573 0.132176 0.0500
520800 -0.866917 0.091650 0.0500
521000 -0.784617 0.173795 0.0500
521200 -0.763457 0.208802 0.0500
521400 -0.762037 0.209373 0.0500
521600 -0.719116 0.320776 0.0500
521800 -0.698629 0.390507 0.0500
522000 -0.694418 0.399281 0.0500
522200 -0.695697 0.386218 0.0500
522400 -0.705212 0.343993 0.0500
522600 -0.691968 0.386291 0.0500
522800 -0.717231 0.294198 0.0500
523000 -0.706899 0.321208 0.0500
523200 -0.686521 0.388781 0.0500
523400 -0.707027 0.309807 0.0500
523600 -0.731932 0.241554 0.0500
523800 -0.727241 0.248688 0.0500
524000 -0.699566 0.321829 0.0500
524200 -0.709998 0.284645 0.0500
524400 -0.757989 0.188134 0.0500
524600 -0.749642 0.197778 0.0500
524800 -0.781433 0.158197 0.0500
525000 -0.798851 0.140670 0.0500
525200 -0.810638 0.129650 0.0500
525400 -0.798522 0.139046 0.0500
525600 -0.855297 0.096190 0.0500
525800 -0.848378 0.100020 0.0500
526000 -0.855195 0.095291 0.0500
526200 -0.919100 0.068056 0.0500
526400 -0.915825 0.068713 0.0500
526600 -0.909434 0.070325 0.0500
526800 -0.944108 0.061593 0.0500
527000 -0.939635 0.062321 0.0500
527200 -0.997207 0.052518 0.0500
527400 -0.962448 0.057654 0.0500
527600 -0.996108 0.052392 0.0500
527800 -0.978472 0.054718 0.0500
528000 -0.969749 0.055956 0.0500
528200 -1.039785 0.048348 0.0500
528400 -0.941766 0.061027 0.0500
528600 -1.011047 0.050188 0.0500
528800 -1.035532 0.048299 0.0500
529000 -1.044916 0.047784 0.0500
529200 -1.080067 0.047292 0.0500
529400 -1.064070 0.047169 0.0500
529600 -1.105304 0.047526 0.0500
529800 -1.120376 0.047859 0.0500
530000 -1.139223 0.048497 0.0500
530200 -1.186277 0.051260 0.0500
530400 -1.180213 0.050732 0.0500
530600 -1.211155 0.052177 0.0500
530800 -1.197182 0.051494 0.0500
531000 -1.218185 0.052033 0.0500
531200 -1.214907 0.051849 0.0500
531400 -1.222364 0.051781 0.0500
531600 -1.213507 0.051549 0.0500
531800 -1.225293 0.051506 0.0500
532000 -1.208914 0.051173 0.0500
532200 -1.216642 0.051198 0.0500
532400 -1.186134 0.049965 0.0500
532600 -1.192618 0.050156 0.0500
532800 -1.175689 0.049177 0.0500
533000 -1.159486 0.048293 0.0500
533200 -1.164479 0.048392 0.0500
533400 -1.185976 0.049361 0.0500
533600 -1.182011 0.049027 0.0500
533800 -1.176203 0.048603 0.0500
534000 -1.167061 0.048043 0.0500
534200 -1.189416 0.049064 0.0500
534400 -1.170913 0.047990 0.0500
534600 -1.175690 0.048103 0.0500
534800 -1.181141 0.048265 0.0500
535000 -1.180792 0.048127 0.0500
535200 -1.182376 0.048092 0.0500
535400 -1.205829 0.049224 0.0500
535600 -1.188760 0.048205 0.0500
535800 -1.213208 0.049312 0.0500
536000 -1.189635 0.048024 0.0500
536200 -1.190042 0.047928 0.0500
536400 -1.201416 0.048412 0.0500
536600 -1.165289 0.046615 0.0500
536800 -1.179164 0.047047 0.0500
537000 -1.137398 0.046002 0.0500
537200 -1.163254 0.046241 0.0500
537400 -1.122266 0.045875 0.0500
537600 -1.144943 0.045721 0.0500
537800 -1.106689 0.045843 0.0500
538000 -1.119753 0.045591 0.0500
538200 -1.113557 0.045549 0.0500
538400 -1.107218 0.045519 0.0500
538600 -1.122571 0.045254 0.0500
538800 -1.086432 0.045646 0.0500
539000 -1.134177 0.045042 0.0500
539200 -1.086849 0.045464 0.0500
539400 -1.120997 0.044894 0.0500
539600 -1.079886 0.045434 0.0500
539800 -1.122087 0.044711 0.0500
540000 -1.103539 0.044789 0.0500
540200 -1.121385 0.044515 0.0500
540400 -1.134321 0.044431 0.0500
540600 -1.127827 0.044303 0.0500
540800 -1.170734 0.045396 0.0500
541000 -1.103112 0.044382 0.0500
541200 -1.141312 0.044151 0.0500
541400 -1.107942 0.044121 0.0500
541600 -1.108297 0.044015 0.0500
541800 -1.137500 0.043832 0.0500
542000 -1.067490 0.045082 0.0500
542200 -1.084110 0.044341 0.0500
542400 -1.079984 0.044379 0.0500
542600 -1.085092 0.044109 0.0500
542800 -1.102269 0.043591 0.0500
543000 -1.059472 0.045021 0.0500
543200 -1.094429 0.043578 0.0500
543400 -1.061133 0.044746 0.0500
543600 -1.065669 0.044408 0.0500
543800 -1.066388 0.044272 0.0500
544000 -1.069011 0.044048 0.0500
544200 -1.056917 0.044585 0.0500
544400 -1.031485 0.046458 0.0500
544600 -1.080696 0.043344 0.0500
544800 -1.077185 0.043360 0.0500
545000 -1.090448 0.042913 0.0500
545200 -1.090427 0.042819 0.0500
545400 -1.075829 0.043129 0.0500
545600 -1.117592 0.042516 0.0500
545800 -1.089095 0.042581 0.0500
546000 -1.123903 0.042431 0.0500
546200 -1.118057 0.042258 0.0500
546400 -1.142433 0.042781 0.0500
546600 -1.141940 0.042668 0.0500
546800 -1.177362 0.044846 0.0500
547000 -1.157656 0.043285 0.0500
547200 -1.198415 0.046531 0.0500
547400 -1.184583 0.045179 0.0500
547600 -1.219678 0.047977 0.0500
547800 -1.196161 0.046014 0.0500
548000 -1.237009 0.048562 0.0500
548200 -1.212261 0.047140 0.0500
548400 -1.247961 0.048537 0.0500
548600 -1.210943 0.046839 0.0500
548800 -1.244119 0.048281 0.0500
549000 -1.212742 0.046762 0.0500
549200 -1.226757 0.047491 0.0500
549400 -1.206166 0.046063 0.0500
549600 -1.213118 0.046457 0.0500
549800 -1.200125 0.045384 0.0500
550000 -1.196009 0.044958 0.0500
550200 -1.212162 0.046075 0.0500
550400 -1.197607 0.044877 0.0500
550600 -1.213053 0.045927 0.0500
550800 -1.199300 0.044802 0.0500
551000 -1.196017 0.044450 0.0500
551200 -1.202506 0.044841 0.0500
551400 -1.196362 0.044273 0.0500
551600 -1.217292 0.045715 0.0500
551800 -1.194161 0.043915 0.0500
552000 -1.207887 0.044840 0.0500
552200 -1.194786 0.043765 0.0500
552400 -1.188526 0.043224 0.0500
552600 -1.197347 0.043758 0.0500
552800 -1.183172 0.042684 0.0500
553000 -1.190066 0.043045 0.0500
553200 -1.193789 0.043213 0.0500
553400 -1.179778 0.042204 0.0500
553600 -1.182639 0.042281 0.0500
553800 -1.159342 0.041166 0.0500
554000 -1.180913 0.042006 0.0500
554200 -1.180050 0.041865 0.0500
554400 -1.178506 0.041688 0.0500
554600 -1.185853 0.042043 0.0500
554800 -1.172030 0.041189 0.0500
555000 -1.211865 0.043886 0.0500
555200 -1.178052 0.041324 0.0500
555400 -1.198441 0.042610 0.0500
555600 -1.203652 0.042936 0.0500
555800 -1.206801 0.043102 0.0500
556000 -1.220795 0.044175 0.0500
556200 -1.210750 0.043241 0.0500
556400 -1.230954 0.044775 0.0500
556600 -1.220306 0.043840 0.0500
556800 -1.211445 0.043015 0.0500
557000 -1.223698 0.043920 0.0500
557200 -1.202696 0.042134 0.0500
557400 -1.212216 0.042798 0.0500
557600 -1.186206 0.040856 0.0500
557800 -1.162286 0.039948 0.0500
558000 -1.176968 0.040254 0.0500
558200 -1.180126 0.040305 0.0500
558400 -1.179208 0.040181 0.0500
558600 -1.184966 0.040379 0.0500
558800 -1.176740 0.039915 0.0500
559000 -1.201158 0.041300 0.0500
559200 -1.188823 0.040352 0.0500
559400 -1.195165 0.040683 0.0500
559600 -1.213248 0.042062 0.0500
559800 -1.228586 0.043340 0.0500
560000 -1.239152 0.044127 0.0500
560200 -1.239070 0.044021 0.0500
560400 -1.253756 0.044948 0.0500
560600 -1.248096 0.044484 0.0500
560800 -1.263224 0.045241 0.0500
561000 -1.234203 0.043255 0.0500
561200 -1.261756 0.044982 0.0500
561400 -1.221758 0.042062 0.0500
561600 -1.254148 0.044393 0.0500
561800 -1.206667 0.040718 0.0500
562000 -1.260053 0.044568 0.0500
562200 -1.222433 0.041793 0.0500
562400 -1.259120 0.044344 0.0500
562600 -1.208720 0.040590 0.0500
562800 -1.241220 0.043011 0.0500
563000 -1.211083 0.040601 0.0500
563200 -1.223401 0.041454 0.0500
563400 -1.198002 0.039591 0.0500
563600 -1.234001 0.042136 0.0500
563800 -1.229787 0.041711 0.0500
564000 -1.231472 0.041755 0.0500
564200 -1.212504 0.040215 0.0500
564400 -1.222012 0.040840 0.0500
564600 -1.259576 0.043581 0.0500
564800 -1.230229 0.041323 0.0500
565000 -1.247874 0.042597 0.0500
565200 -1.207470 0.039520 0.0500
565400 -1.243289 0.042095 0.0500
565600 -1.203747 0.039158 0.0500
565800 -1.215804 0.039840 0.0500
566000 -1.190154 0.038403 0.0500
566200 -1.221212 0.040082 0.0500
566400 -1.215520 0.039589 0.0500
566600 -1.221975 0.039976 0.0500
566800 -1.224603 0.040094 0.0500
567000 -1.197089 0.038313 0.0500
567200 -1.190220 0.037996 0.0500
567400 -1.152234 0.038188 0.0500
567600 -1.154089 0.038046 0.0500
567800 -1.134442 0.038857 0.0500
568000 -1.131667 0.038926 0.0500
568200 -1.120037 0.039489 0.0500
568400 -1.095567 0.040811 0.0500
568600 -1.075162 0.041990 0.0500
568800 -1.054735 0.043431 0.0500
569000 -1.043578 0.044346 0.0500
569200 -1.011840 0.047982 0.0500
569400 -1.007883 0.048422 0.0500
569600 -0.959282 0.056731 0.0500
569800 -0.987798 0.051322 0.0500
570000 -0.946124 0.059206 0.0500
570200 -0.950742 0.058031 0.0500
570400 -0.968333 0.054365 0.0500
570600 -0.920373 0.065122 0.0500
570800 -0.927569 0.062941 0.0500
571000 -0.948079 0.057937 0.0500
571200 -0.926184 0.062932 0.0500
571400 -0.970694 0.053290 0.0500
571600 -0.931661 0.061202 0.0500
571800 -0.972913 0.052644 0.0500
572000 -1.011178 0.047023 0.0500
572200 -0.954929 0.055689 0.0500
572400 -1.034538 0.044416 0.0500
572600 -0.971477 0.052456 0.0500
572800 -1.023822 0.045278 0.0500
573000 -0.994865 0.048626 0.0500
573200 -0.990515 0.049119 0.0500
573400 -1.038742 0.043656 0.0500
573600 -1.016010 0.045699 0.0500
573800 -1.060203 0.041998 0.0500
574000 -1.049999 0.042550 0.0500
574200 -1.039814 0.043203 0.0500
574400 -1.080919 0.040697 0.0500
574600 -1.052779 0.042108 0.0500
574800 -1.089021 0.040194 0.0500
575000 -1.059768 0.041516 0.0500
575200 -1.088564 0.040058 0.0500
575400 -1.090002 0.039918 0.0500
575600 -1.066597 0.040899 0.0500
575800 -1.083508 0.040022 0.0500
576000 -1.075474 0.040291 0.0500
576200 -1.077915 0.040097 0.0500
576400 -1.077355 0.040040 0.0500
576600 -1.068753 0.040373 0.0500
576800 -1.031261 0.043103 0.0500
577000 -1.050604 0.041337 0.0500
577200 -1.017184 0.044487 0.0500
577400 -1.011566 0.045091 0.0500
577600 -1.023845 0.043513 0.0500
577800 -0.973811 0.050860 0.0500
578000 -1.025613 0.043158 0.0500
578200 -0.956062 0.054209 0.0500
578400 -0.973715 0.050548 0.0500
578600 -0.988949 0.047787 0.0500
578800 -0.956623 0.053700 0.0500
579000 -0.974178 0.050083 0.0500
579200 -0.933859 0.058854 0.0500
579400 -0.979854 0.048851 0.0500
579600 -0.944301 0.055938 0.0500
579800 -0.980562 0.048501 0.0500
580000 -0.984334 0.047765 0.0500
580200 -0.996651 0.045814 0.0500
580400 -0.981652 0.047974 0.0500
580600 -0.981152 0.047939 0.0500
580800 -0.994122 0.045842 0.0500
581000 -0.981278 0.047691 0.0500
581200 -1.009033 0.043750 0.0500
581400 -0.969878 0.049498 0.0500
581600 -0.984771 0.046805 0.0500
581800 -0.968562 0.049508 0.0500
582000 -0.919343 0.061915 0.0500
582200 -0.951267 0.052895 0.0500
582400 -0.917749 0.062115 0.0500
582600 -0.872192 0.082246 0.0500
582800 -0.875883 0.079856 0.0500
583000 -0.834833 0.106237 0.0500
583200 -0.830493 0.108938 0.0500
583400 -0.780378 0.152860 0.0500
583600 -0.789067 0.142927 0.0500
583800 -0.753871 0.182697 0.0500
584000 -0.723889 0.235435 0.0500
584200 -0.705743 0.281106 0.0500
584400 -0.645620 0.526536 0.0500
584600 -0.679935 0.363726 0.0500
584800 -0.652005 0.477043 0.0500
585000 -0.663016 0.418168 0.0500
585200 -0.639612 0.508145 0.0500
585400 -0.632920 0.521561 0.0500
585600 -0.660062 0.402241 0.0500
585800 -0.655762 0.410325 0.0500
586000 -0.670348 0.349410 0.0500
586200 -0.670882 0.341415 0.0500
586400 -0.702380 0.249838 0.0500
586600 -0.756181 0.167806 0.0500
586800 -0.745460 0.177782 0.0500
587000 -0.768035 0.153800 0.0500
587200 -0.815326 0.116127 0.0500
587400 -0.825773 0.108262 0.0500
587600 -0.848885 0.092898 0.0500
587800 -0.837096 0.099768 0.0500
588000 -0.856552 0.087548 0.0500
588200 -0.870158 0.079902 0.0500
588400 -0.867288 0.081031 0.0500
588600 -0.860033 0.084532 0.0500
588800 -0.867439 0.080272 0.0500
589000 -0.883350 0.072513 0.0500
589200 -0.837860 0.096733 0.0500
589400 -0.831900 0.100144 0.0500
589600 -0.860644 0.082481 0.0500
589800 -0.832902 0.098611 0.0500
590000 -0.849024 0.088155 0.0500
590200 -0.822456 0.104789 0.0500
590400 -0.834653 0.096049 0.0500
590600 -0.833382 0.096392 0.0500
590800 -0.837445 0.093352 0.0500
591000 -0.851480 0.084780 0.0500
591200 -0.857993 0.081023 0.0500
591400 -0.930582 0.056123 0.0500
591600 -0.877495 0.071837 0.0500
591800 -0.887993 0.067653 0.0500
592000 -0.921649 0.057752 0.0500
592200 -0.926633 0.056425 0.0500
592400 -0.938136 0.053795 0.0500
592600 -0.931338 0.055071 0.0500
592800 -0.943177 0.052499 0.0500
593000 -0.964709 0.048581 0.0500
593200 -0.958830 0.049418 0.0500
593400 -0.935581 0.053640 0.0500
593600 -0.972375 0.047078 0.0500
593800 -0.958621 0.049091 0.0500
594000 -0.985930 0.045068 0.0500
594200 -0.965407 0.047781 0.0500
594400 -0.975982 0.046131 0.0500
594600 -0.972719 0.046473 0.0500
594800 -0.959349 0.048410 0.0500
595000 -0.975207 0.045909 0.0500
595200 -0.982891 0.044817 0.0500
595400 -1.002050 0.042716 0.0500
595600 -0.998776 0.042920 0.0500
595800 -1.005476 0.042236 0.0500
596000 -1.055943 0.039550 0.0500
596200 -1.011032 0.041653 0.0500
596400 -1.056838 0.039390 0.0500
596600 -1.048439 0.039557 0.0500
596800 -1.062371 0.039098 0.0500
597000 -1.079955 0.038704 0.0500
597200 -1.085871 0.038544 0.0500
597400 -1.089449 0.038420 0.0500
597600 -1.105846 0.038117 0.0500
597800 -1.120627 0.037786 0.0500
598000 -1.135423 0.037411 0.0500
598200 -1.118084 0.037693 0.0500
598400 -1.122292 0.037538 0.0500
598600 -1.133446 0.037241 0.0500
598800 -1.131581 0.037208 0.0500
599000 -1.150160 0.036819 0.0500
599200 -1.110991 0.037497 0.0500
599400 -1.145967 0.036751 0.0500
599600 -1.117854 0.037227 0.0500
599800 -1.134653 0.036811 0.0500
