# step cv h sig
0 -1.462384 0.239006 0.0500
100 -1.469813 0.223722 0.0500
200 -1.481419 0.211338 0.0500
300 -1.500336 0.204278 0.0500
400 -1.516572 0.200064 0.0500
500 -1.522599 0.192284 0.0500
600 -1.523301 0.182584 0.0500
700 -1.520810 0.172307 0.0500
800 -1.519563 0.163672 0.0500
900 -1.500076 0.152616 0.0500
1000 -1.487585 0.148240 0.0500
1100 -1.498589 0.140493 0.0500
1200 -1.518185 0.139496 0.0500
1300 -1.523073 0.136661 0.0500
1400 -1.524473 0.132332 0.0500
1500 -1.517407 0.124199 0.0500
1600 -1.503685 0.117595 0.0500
1700 -1.477147 0.124062 0.0500
1800 -1.460742 0.134675 0.0500
1900 -1.470127 0.120883 0.0500
2000 -1.493150 0.105211 0.0500
2100 -1.496115 0.101726 0.0500
2200 -1.489333 0.100223 0.0500
2300 -1.495905 0.096186 0.0500
2400 -1.505646 0.094089 0.0500
2500 -1.492407 0.091785 0.0500
2600 -1.470951 0.100452 0.0500
2700 -1.471881 0.096941 0.0500
2800 -1.500416 0.084761 0.0500
2900 -1.527879 0.096105 0.0500
3000 -1.533802 0.099206 0.0500
3100 -1.522370 0.086846 0.0500
3200 -1.522571 0.084895 0.0500
3300 -1.531225 0.089644 0.0500
3400 -1.524882 0.082411 0.0500
3500 -1.507476 0.073170 0.0500
3600 -1.504181 0.071295 0.0500
3700 -1.518852 0.074029 0.0500
3800 -1.552072 0.105267 0.0500
3900 -1.562280 0.118007 0.0500
4000 -1.540124 0.084597 0.0500
4100 -1.539823 0.082317 0.0500
4200 -1.569200 0.120853 0.0500
4300 -1.585174 0.144735 0.0500
4400 -1.565528 0.106814 0.0500
4500 -1.558042 0.093411 0.0500
4600 -1.586138 0.133836 0.0500
4700 -1.598237 0.149087 0.0500
4800 -1.575795 0.108273 0.0500
4900 -1.573791 0.102284 0.0500
5000 -1.600270 0.138882 0.0500
5100 -1.609634 0.147987 0.0500
5200 -1.578816 0.099111 0.0500
5300 -1.566854 0.083124 0.0500
5400 -1.578801 0.094232 0.0500
5500 -1.577539 0.090336 0.0500
5600 -1.551704 0.065350 0.0500
5700 -1.553889 0.065596 0.0500
5800 -1.579375 0.087325 0.0500
5900 -1.580902 0.086926 0.0500
6000 -1.558712 0.064868 0.0500
6100 -1.541098 0.054482 0.0500
6200 -1.546838 0.056026 0.0500
6300 -1.564491 0.066055 0.0500
6400 -1.555739 0.058849 0.0500
6500 -1.544710 0.052458 0.0500
6600 -1.564823 0.063198 0.0500
6700 -1.599530 0.100320 0.0500
6800 -1.585853 0.080159 0.0500
6900 -1.556781 0.054557 0.0500
7000 -1.563660 0.057834 0.0500
7100 -1.585504 0.075871 0.0500
7200 -1.582348 0.071002 0.0500
7300 -1.570973 0.059757 0.0500
7400 -1.568408 0.056942 0.0500
7500 -1.581088 0.066243 0.0500
7600 -1.592007 0.076399 0.0500
7700 -1.583583 0.065988 0.0500
7800 -1.570639 0.054492 0.0500
7900 -1.579519 0.060261 0.0500
8000 -1.579038 0.058862 0.0500
8100 -1.572116 0.052882 0.0500
8200 -1.583221 0.060549 0.0500
8300 -1.608700 0.089310 0.0500
8400 -1.605347 0.082416 0.0500
8500 -1.594963 0.068057 0.0500
8600 -1.605174 0.078825 0.0500
8700 -1.624469 0.106136 0.0500
8800 -1.619329 0.094760 0.0500
8900 -1.598498 0.065745 0.0500
9000 -1.610269 0.078069 0.0500
9100 -1.646812 0.136252 0.0500
9200 -1.631158 0.103952 0.0500
9300 -1.607053 0.068665 0.0500
9400 -1.627436 0.093526 0.0500
9500 -1.653873 0.135424 0.0500
9600 -1.627812 0.088685 0.0500
9700 -1.612157 0.067741 0.0500
9800 -1.622396 0.077979 0.0500
9900 -1.632760 0.089935 0.0500
10000 -1.620698 0.072488 0.0500
10100 -1.607397 0.058122 0.0500
10200 -1.617069 0.066082 0.0500
10300 -1.638106 0.090795 0.0500
10400 -1.627045 0.074099 0.0500
10500 -1.614877 0.060093 0.0500
10600 -1.625851 0.070053 0.0500
10700 -1.632194 0.076110 0.0500
10800 -1.617252 0.058864 0.0500
10900 -1.612658 0.054124 0.0500
11000 -1.627027 0.066465 0.0500
11100 -1.637808 0.077967 0.0500
11200 -1.612354 0.051154 0.0500
11300 -1.586999 0.037847 0.0500
11400 -1.584061 0.036575 0.0500
11500 -1.589260 0.037804 0.0500
11600 -1.569197 0.032883 0.0500
11700 -1.525892 0.034730 0.0500
11800 -1.498963 0.045089 0.0500
11900 -1.513632 0.037620 0.0500
12000 -1.534505 0.032116 0.0500
12100 -1.526490 0.033249 0.0500
12200 -1.488586 0.050469 0.0500
12300 -1.481560 0.055713 0.0500
12400 -1.507429 0.038054 0.0500
12500 -1.508057 0.037390 0.0500
12600 -1.467692 0.068763 0.0500
12700 -1.442938 0.105526 0.0500
12800 -1.473026 0.059783 0.0500
12900 -1.498249 0.039832 0.0500
13000 -1.463706 0.068860 0.0500
13100 -1.420466 0.141203 0.0500
13200 -1.433909 0.110808 0.0500
13300 -1.457215 0.071839 0.0500
13400 -1.421431 0.127953 0.0500
13500 -1.378532 0.194105 0.0500
13600 -1.405548 0.144927 0.0500
13700 -1.435228 0.093706 0.0500
13800 -1.407509 0.133114 0.0500
13900 -1.383868 0.162513 0.0500
14000 -1.420152 0.105745 0.0500
14100 -1.438298 0.080076 0.0500
14200 -1.396524 0.132596 0.0500
14300 -1.386737 0.140827 0.0500
14400 -1.425583 0.088076 0.0500
14500 -1.433655 0.077416 0.0500
14600 -1.406165 0.106422 0.0500
14700 -1.414482 0.093733 0.0500
14800 -1.458550 0.052306 0.0500
14900 -1.454443 0.054339 0.0500
15000 -1.409970 0.094466 0.0500
15100 -1.417661 0.083758 0.0500
15200 -1.466848 0.044488 0.0500
15300 -1.475792 0.039739 0.0500
15400 -1.440198 0.060527 0.0500
15500 -1.440144 0.059553 0.0500
15600 -1.484887 0.035021 0.0500
15700 -1.503336 0.030104 0.0500
15800 -1.469645 0.040256 0.0500
15900 -1.444177 0.054465 0.0500
16000 -1.480521 0.035071 0.0500
16100 -1.526914 0.026840 0.0500
16200 -1.513743 0.027519 0.0500
16300 -1.476267 0.035863 0.0500
16400 -1.483854 0.032940 0.0500
16500 -1.530588 0.026060 0.0500
16600 -1.547986 0.026488 0.0500
16700 -1.519355 0.026099 0.0500
16800 -1.502066 0.027905 0.0500
16900 -1.534500 0.025358 0.0500
17000 -1.566231 0.028215 0.0500
17100 -1.538376 0.025101 0.0500
17200 -1.499704 0.027713 0.0500
17300 -1.506767 0.026348 0.0500
17400 -1.544010 0.024908 0.0500
17500 -1.543203 0.024686 0.0500
17600 -1.499914 0.027004 0.0500
17700 -1.480363 0.031909 0.0500
17800 -1.508475 0.025264 0.0500
17900 -1.531523 0.023758 0.0500
18000 -1.499936 0.026249 0.0500
18100 -1.457015 0.041735 0.0500
18200 -1.466984 0.036093 0.0500
18300 -1.503970 0.024999 0.0500
18400 -1.498875 0.025646 0.0500
18500 -1.461485 0.038024 0.0500
18600 -1.455039 0.041169 0.0500
18700 -1.487509 0.027453 0.0500
18800 -1.502336 0.024341 0.0500
18900 -1.473789 0.031353 0.0500
19000 -1.446137 0.045585 0.0500
19100 -1.457499 0.038079 0.0500
19200 -1.470868 0.031525 0.0500
19300 -1.456060 0.038135 0.0500
19400 -1.430727 0.055677 0.0500
19500 -1.432460 0.053331 0.0500
19600 -1.458303 0.035589 0.0500
19700 -1.465278 0.032100 0.0500
19800 -1.446307 0.041613 0.0500
19900 -1.442281 0.043761 0.0500
20000 -1.456792 0.034855 0.0500
20100 -1.463919 0.031367 0.0500
20200 -1.456099 0.034554 0.0500
20300 -1.443309 0.041420 0.0500
20400 -1.452464 0.035647 0.0500
20500 -1.468876 0.028404 0.0500
20600 -1.462466 0.030504 0.0500
20700 -1.446292 0.038124 0.0500
20800 -1.454145 0.033545 0.0500
20900 -1.472920 0.026221 0.0500
21000 -1.469235 0.027115 0.0500
21100 -1.449685 0.035005 0.0500
21200 -1.442992 0.038486 0.0500
21300 -1.460516 0.029406 0.0500
21400 -1.481622 0.023208 0.0500
21500 -1.476049 0.024240 0.0500
21600 -1.454001 0.031544 0.0500
21700 -1.462531 0.027814 0.0500
21800 -1.496015 0.020644 0.0500
21900 -1.507677 0.019876 0.0500
22000 -1.488464 0.021250 0.0500
22100 -1.469681 0.024956 0.0500
22200 -1.475039 0.023408 0.0500
22300 -1.494112 0.020221 0.0500
22400 -1.494578 0.020064 0.0500
22500 -1.464307 0.026017 0.0500
22600 -1.440298 0.037242 0.0500
22700 -1.445288 0.033876 0.0500
22800 -1.453613 0.029418 0.0500
22900 -1.431738 0.042186 0.0500
23000 -1.405152 0.068685 0.0500
23100 -1.418787 0.052122 0.0500
23200 -1.436807 0.036956 0.0500
23300 -1.422067 0.047824 0.0500
23400 -1.398752 0.073366 0.0500
23500 -1.405931 0.062812 0.0500
23600 -1.429456 0.039833 0.0500
23700 -1.423733 0.043699 0.0500
23800 -1.407055 0.059128 0.0500
23900 -1.415165 0.049848 0.0500
24000 -1.433846 0.035061 0.0500
24100 -1.428805 0.037895 0.0500
24200 -1.409970 0.053255 0.0500
24300 -1.406172 0.056457 0.0500
24400 -1.422996 0.040440 0.0500
24500 -1.422047 0.040684 0.0500
24600 -1.406161 0.054403 0.0500
24700 -1.412000 0.047860 0.0500
24800 -1.432147 0.032807 0.0500
24900 -1.430571 0.033380 0.0500
25000 -1.395777 0.063898 0.0500
25100 -1.386896 0.074768 0.0500
25200 -1.418369 0.039779 0.0500
25300 -1.441401 0.026920 0.0500
25400 -1.424775 0.034832 0.0500
25500 -1.407816 0.047302 0.0500
25600 -1.435103 0.028748 0.0500
25700 -1.473354 0.018790 0.0500
25800 -1.471180 0.018952 0.0500
25900 -1.437485 0.027278 0.0500
26000 -1.413962 0.040671 0.0500
26100 -1.431522 0.029408 0.0500
26200 -1.456904 0.020821 0.0500
26300 -1.444927 0.023804 0.0500
26400 -1.415930 0.038055 0.0500
26500 -1.419972 0.034899 0.0500
26600 -1.459446 0.019777 0.0500
26700 -1.470636 0.018058 0.0500
26800 -1.434028 0.026931 0.0500
26900 -1.403972 0.046752 0.0500
27000 -1.435770 0.025738 0.0500
27100 -1.474673 0.017296 0.0500
27200 -1.463554 0.018450 0.0500
27300 -1.439485 0.023990 0.0500
27400 -1.455734 0.019549 0.0500
27500 -1.498049 0.016331 0.0500
27600 -1.505745 0.016505 0.0500
27700 -1.474294 0.016847 0.0500
27800 -1.452496 0.019909 0.0500
27900 -1.472529 0.016831 0.0500
28000 -1.495086 0.015944 0.0500
28100 -1.497199 0.015902 0.0500
28200 -1.478419 0.016187 0.0500
28300 -1.475500 0.016306 0.0500
28400 -1.491777 0.015653 0.0500
28500 -1.506988 0.015984 0.0500
28600 -1.504919 0.015811 0.0500
28700 -1.489802 0.015464 0.0500
28800 -1.490991 0.015388 0.0500
28900 -1.520918 0.016761 0.0500
29000 -1.547541 0.020354 0.0500
29100 -1.533439 0.018035 0.0500
29200 -1.526031 0.017043 0.0500
29300 -1.546951 0.019948 0.0500
29400 -1.569043 0.024754 0.0500
29500 -1.568345 0.024393 0.0500
29600 -1.558290 0.021790 0.0500
29700 -1.569253 0.024329 0.0500
29800 -1.579477 0.027298 0.0500
29900 -1.572775 0.024972 0.0500
30000 -1.556032 0.020761 0.0500
30100 -1.557863 0.021011 0.0500
30200 -1.568417 0.023330 0.0500
30300 -1.565447 0.022436 0.0500
30400 -1.558042 0.020663 0.0500
30500 -1.572278 0.023940 0.0500
30600 -1.592018 0.030921 0.0500
30700 -1.590002 0.029758 0.0500
30800 -1.575016 0.024180 0.0500
30900 -1.568188 0.022200 0.0500
31000 -1.584378 0.026925 0.0500
31100 -1.604203 0.036265 0.0500
31200 -1.606135 0.037113 0.0500
31300 -1.607392 0.037546 0.0500
31400 -1.621010 0.047811 0.0500
31500 -1.641076 0.070341 0.0500
31600 -1.640080 0.067608 0.0500
31700 -1.625546 0.049682 0.0500
31800 -1.627591 0.050999 0.0500
31900 -1.634752 0.057986 0.0500
32000 -1.629008 0.050876 0.0500
32100 -1.616197 0.039309 0.0500
32200 -1.619438 0.041269 0.0500
32300 -1.631629 0.051705 0.0500
32400 -1.631786 0.051124 0.0500
32500 -1.618686 0.039127 0.0500
32600 -1.624563 0.043238 0.0500
32700 -1.638674 0.056731 0.0500
32800 -1.633170 0.049882 0.0500
32900 -1.617636 0.036484 0.0500
33000 -1.620446 0.038013 0.0500
33100 -1.624517 0.040612 0.0500
33200 -1.627597 0.042634 0.0500
33300 -1.622809 0.038409 0.0500
33400 -1.627035 0.041222 0.0500
33500 -1.628226 0.041718 0.0500
33600 -1.614120 0.031773 0.0500
33700 -1.590692 0.022624 0.0500
33800 -1.590202 0.022358 0.0500
33900 -1.608335 0.028325 0.0500
34000 -1.610314 0.029001 0.0500
34100 -1.595178 0.023198 0.0500
34200 -1.598310 0.023981 0.0500
34300 -1.613197 0.029796 0.0500
34400 -1.610669 0.028331 0.0500
34500 -1.596342 0.022871 0.0500
34600 -1.600471 0.023981 0.0500
34700 -1.617300 0.031116 0.0500
34800 -1.616376 0.030338 0.0500
34900 -1.588507 0.020340 0.0500
35000 -1.577553 0.018330 0.0500
35100 -1.575989 0.018020 0.0500
35200 -1.563785 0.016581 0.0500
35300 -1.540234 0.014939 0.0500
35400 -1.526416 0.014319 0.0500
35500 -1.528428 0.014329 0.0500
35600 -1.525746 0.014184 0.0500
35700 -1.499324 0.013874 0.0500
35800 -1.490675 0.014064 0.0500
35900 -1.503779 0.013718 0.0500
36000 -1.501214 0.013688 0.0500
36100 -1.460175 0.016982 0.0500
36200 -1.434717 0.024034 0.0500
36300 -1.445771 0.020077 0.0500
36400 -1.462938 0.016256 0.0500
36500 -1.452362 0.018196 0.0500
36600 -1.426420 0.027338 0.0500
36700 -1.422444 0.029296 0.0500
36800 -1.448346 0.018813 0.0500
36900 -1.464404 0.015622 0.0500
37000 -1.444267 0.019739 0.0500
37100 -1.425615 0.026967 0.0500
37200 -1.435070 0.022545 0.0500
37300 -1.437945 0.021357 0.0500
37400 -1.416270 0.031938 0.0500
37500 -1.396986 0.048575 0.0500
37600 -1.402076 0.042667 0.0500
37700 -1.411291 0.034356 0.0500
37800 -1.401146 0.042658 0.0500
37900 -1.383940 0.062639 0.0500
38000 -1.387964 0.056120 0.0500
38100 -1.406622 0.036144 0.0500
38200 -1.403675 0.038196 0.0500
38300 -1.388893 0.053021 0.0500
38400 -1.399332 0.041083 0.0500
38500 -1.415902 0.028385 0.0500
38600 -1.418223 0.026884 0.0500
38700 -1.402269 0.037451 0.0500
38800 -1.404178 0.035512 0.0500
38900 -1.424191 0.023375 0.0500
39000 -1.436873 0.018846 0.0500
39100 -1.419814 0.025081 0.0500
39200 -1.403653 0.034979 0.0500
39300 -1.425187 0.022335 0.0500
39400 -1.455539 0.014756 0.0500
39500 -1.456076 0.014625 0.0500
39600 -1.441955 0.016991 0.0500
39700 -1.443713 0.016535 0.0500
39800 -1.464628 0.013536 0.0500
39900 -1.481892 0.012571 0.0500
40000 -1.477279 0.012673 0.0500
40100 -1.471264 0.012919 0.0500
40200 -1.479230 0.012514 0.0500
40300 -1.498439 0.012333 0.0500
40400 -1.510661 0.012595 0.0500
40500 -1.518010 0.012838 0.0500
40600 -1.513219 0.012598 0.0500
40700 -1.516132 0.012668 0.0500
40800 -1.522629 0.012915 0.0500
40900 -1.529788 0.013242 0.0500
41000 -1.532515 0.013349 0.0500
41100 -1.535701 0.013489 0.0500
41200 -1.547910 0.014263 0.0500
41300 -1.569160 0.016201 0.0500
41400 -1.572984 0.016611 0.0500
41500 -1.560930 0.015175 0.0500
41600 -1.549410 0.014142 0.0500
41700 -1.544683 0.013752 0.0500
41800 -1.541861 0.013514 0.0500
41900 -1.537596 0.013202 0.0500
42000 -1.542903 0.013480 0.0500
42100 -1.555120 0.014325 0.0500
42200 -1.558111 0.014525 0.0500
42300 -1.565216 0.015156 0.0500
42400 -1.558151 0.014409 0.0500
42500 -1.539331 0.013009 0.0500
42600 -1.532677 0.012605 0.0500
42700 -1.541843 0.013066 0.0500
42800 -1.548887 0.013478 0.0500
42900 -1.545002 0.013166 0.0500
43000 -1.549286 0.013407 0.0500
43100 -1.555553 0.013833 0.0500
43200 -1.552476 0.013538 0.0500
43300 -1.538972 0.012616 0.0500
43400 -1.531717 0.012209 0.0500
43500 -1.516615 0.011618 0.0500
43600 -1.512885 0.011490 0.0500
43700 -1.526340 0.011865 0.0500
43800 -1.529842 0.011970 0.0500
43900 -1.521514 0.011614 0.0500
44000 -1.523757 0.011653 0.0500
44100 -1.533656 0.012027 0.0500
44200 -1.524930 0.011618 0.0500
44300 -1.506874 0.011144 0.0500
44400 -1.510088 0.011153 0.0500
44500 -1.522218 0.011418 0.0500
44600 -1.517115 0.011231 0.0500
44700 -1.503661 0.010983 0.0500
44800 -1.504207 0.010952 0.0500
44900 -1.521794 0.011267 0.0500
45000 -1.528253 0.011471 0.0500
45100 -1.513260 0.010972 0.0500
45200 -1.495458 0.010848 0.0500
45300 -1.502003 0.010783 0.0500
45400 -1.506535 0.010775 0.0500
45500 -1.480141 0.011193 0.0500
45600 -1.463606 0.012393 0.0500
45700 -1.477268 0.011271 0.0500
45800 -1.488277 0.010789 0.0500
45900 -1.501321 0.010599 0.0500
46000 -1.498940 0.010570 0.0500
46100 -1.491672 0.010618 0.0500
46200 -1.492036 0.010580 0.0500
46300 -1.496654 0.010490 0.0500
46400 -1.501373 0.010445 0.0500
46500 -1.498138 0.010419 0.0500
46600 -1.487874 0.010552 0.0500
46700 -1.484788 0.010617 0.0500
46800 -1.501575 0.010326 0.0500
46900 -1.516659 0.010534 0.0500
47000 -1.510131 0.010353 0.0500
47100 -1.491940 0.010313 0.0500
47200 -1.487383 0.010391 0.0500
47300 -1.502832 0.010185 0.0500
47400 -1.511948 0.010275 0.0500
47500 -1.492264 0.010193 0.0500
47600 -1.478753 0.010628 0.0500
47700 -1.491835 0.010142 0.0500
47800 -1.518179 0.010334 0.0500
47900 -1.527219 0.010655 0.0500
48000 -1.514111 0.010159 0.0500
48100 -1.512177 0.010086 0.0500
48200 -1.533511 0.010884 0.0500
48300 -1.539375 0.011201 0.0500
48400 -1.525314 0.010419 0.0500
48500 -1.512748 0.009986 0.0500
48600 -1.524304 0.010319 0.0500
48700 -1.538539 0.011024 0.0500
48800 -1.531334 0.010580 0.0500
48900 -1.506981 0.009786 0.0500
49000 -1.494445 0.009786 0.0500
49100 -1.507138 0.009736 0.0500
49200 -1.532777 0.010552 0.0500
49300 -1.528332 0.010298 0.0500
49400 -1.514468 0.009782 0.0500
49500 -1.529558 0.010300 0.0500
49600 -1.553108 0.011882 0.0500
49700 -1.546418 0.011284 0.0500
49800 -1.526393 0.010067 0.0500
49900 -1.520477 0.009818 0.0500
50000 -1.537267 0.010568 0.0500
50100 -1.554002 0.011800 0.0500
50200 -1.548396 0.011279 0.0500
50300 -1.541906 0.010765 0.0500
50400 -1.564551 0.012802 0.0500
50500 -1.581932 0.015424 0.0500
50600 -1.573841 0.013961 0.0500
50700 -1.557109 0.011855 0.0500
50800 -1.560332 0.012143 0.0500
50900 -1.571876 0.013527 0.0500
51000 -1.564016 0.012462 0.0500
51100 -1.543087 0.010574 0.0500
51200 -1.537320 0.010195 0.0500
51300 -1.551387 0.011122 0.0500
51400 -1.559714 0.011851 0.0500
51500 -1.540813 0.010306 0.0500
51600 -1.521908 0.009444 0.0500
51700 -1.534245 0.009893 0.0500
51800 -1.548532 0.010744 0.0500
51900 -1.542659 0.010306 0.0500
52000 -1.534672 0.009830 0.0500
52100 -1.529498 0.009574 0.0500
52200 -1.529379 0.009544 0.0500
52300 -1.542397 0.010179 0.0500
52400 -1.544581 0.010291 0.0500
52500 -1.532959 0.009617 0.0500
52600 -1.521642 0.009191 0.0500
52700 -1.516393 0.009056 0.0500
52800 -1.517868 0.009060 0.0500
52900 -1.515579 0.008998 0.0500
53000 -1.498886 0.008975 0.0500
53100 -1.483833 0.009443 0.0500
53200 -1.485303 0.009347 0.0500
53300 -1.484962 0.009339 0.0500
53400 -1.470495 0.010295 0.0500
53500 -1.445472 0.013914 0.0500
53600 -1.435561 0.016374 0.0500
53700 -1.436480 0.016032 0.0500
53800 -1.438302 0.015456 0.0500
53900 -1.431367 0.017471 0.0500
54000 -1.426585 0.019109 0.0500
54100 -1.420925 0.021404 0.0500
54200 -1.418102 0.022635 0.0500
54300 -1.422787 0.020317 0.0500
54400 -1.423643 0.019840 0.0500
54500 -1.412350 0.025362 0.0500
54600 -1.399434 0.034492 0.0500
54700 -1.407477 0.028010 0.0500
54800 -1.429660 0.017089 0.0500
54900 -1.435917 0.015152 0.0500
55000 -1.410610 0.025578 0.0500
55100 -1.391324 0.041132 0.0500
55200 -1.396139 0.035929 0.0500
55300 -1.404915 0.028539 0.0500
55400 -1.387700 0.043885 0.0500
55500 -1.364357 0.078153 0.0500
55600 -1.372079 0.063349 0.0500
55700 -1.380362 0.050463 0.0500
55800 -1.352607 0.096777 0.0500
55900 -1.336680 0.128039 0.0500
56000 -1.354174 0.088054 0.0500
56100 -1.355503 0.083479 0.0500
56200 -1.346705 0.097967 0.0500
56300 -1.341512 0.105359 0.0500
56400 -1.359150 0.071269 0.0500
56500 -1.374628 0.048971 0.0500
56600 -1.360786 0.066489 0.0500
56700 -1.353309 0.076864 0.0500
56800 -1.375499 0.045591 0.0500
56900 -1.390875 0.031527 0.0500
57000 -1.376169 0.043944 0.0500
57100 -1.369082 0.051205 0.0500
57200 -1.386174 0.033930 0.0500
57300 -1.404624 0.022424 0.0500
57400 -1.403791 0.022671 0.0500
57500 -1.397056 0.026003 0.0500
57600 -1.402108 0.023165 0.0500
57700 -1.422451 0.015637 0.0500
57800 -1.427606 0.014324 0.0500
57900 -1.417992 0.016751 0.0500
58000 -1.408343 0.020008 0.0500
58100 -1.413159 0.018120 0.0500
58200 -1.434275 0.012751 0.0500
58300 -1.447594 0.010805 0.0500
58400 -1.444138 0.011188 0.0500
58500 -1.447525 0.010747 0.0500
58600 -1.460924 0.009502 0.0500
58700 -1.471558 0.008870 0.0500
58800 -1.479907 0.008545 0.0500
58900 -1.490995 0.008320 0.0500
59000 -1.506630 0.008346 0.0500
59100 -1.534792 0.009306 0.0500
59200 -1.549889 0.010318 0.0500
59300 -1.542358 0.009721 0.0500
59400 -1.529884 0.008980 0.0500
59500 -1.540037 0.009519 0.0500
59600 -1.562906 0.011487 0.0500
59700 -1.570256 0.012388 0.0500
59800 -1.574470 0.012973 0.0500
59900 -1.598524 0.018455 0.0500
60000 -1.617680 0.026845 0.0500
60100 -1.619332 0.027634 0.0500
60200 -1.623852 0.030377 0.0500
60300 -1.637851 0.042139 0.0500
60400 -1.651115 0.057882 0.0500
60500 -1.645147 0.049118 0.0500
60600 -1.639870 0.042507 0.0500
60700 -1.650792 0.055092 0.0500
60800 -1.662742 0.072586 0.0500
60900 -1.654411 0.058149 0.0500
61000 -1.634964 0.035535 0.0500
61100 -1.644045 0.043877 0.0500
61200 -1.675069 0.091089 0.0500
61300 -1.666187 0.072613 0.0500
61400 -1.655017 0.054444 0.0500
61500 -1.681896 0.099261 0.0500
61600 -1.695289 0.124381 0.0500
61700 -1.669597 0.071650 0.0500
61800 -1.676262 0.081345 0.0500
61900 -1.702880 0.131070 0.0500
62000 -1.697610 0.115984 0.0500
62100 -1.682322 0.084651 0.0500
62200 -1.698921 0.112232 0.0500
62300 -1.714754 0.138072 0.0500
62400 -1.686748 0.084611 0.0500
62500 -1.668578 0.057609 0.0500
62600 -1.688298 0.083787 0.0500
62700 -1.678524 0.067846 0.0500
62800 -1.648444 0.035871 0.0500
62900 -1.636688 0.028059 0.0500
63000 -1.644463 0.032492 0.0500
63100 -1.635712 0.027075 0.0500
63200 -1.606203 0.016384 0.0500
63300 -1.588583 0.013136 0.0500
63400 -1.592662 0.013691 0.0500
63500 -1.587958 0.012952 0.0500
63600 -1.573068 0.011217 0.0500
63700 -1.561399 0.010226 0.0500
63800 -1.558811 0.010017 0.0500
63900 -1.562097 0.010219 0.0500
64000 -1.558327 0.009928 0.0500
64100 -1.547025 0.009238 0.0500
64200 -1.540747 0.008914 0.0500
64300 -1.541315 0.008917 0.0500
64400 -1.542039 0.008928 0.0500
64500 -1.525537 0.008306 0.0500
64600 -1.510564 0.008003 0.0500
64700 -1.516122 0.008060 0.0500
64800 -1.521473 0.008148 0.0500
64900 -1.516598 0.008032 0.0500
65000 -1.509579 0.007922 0.0500
65100 -1.519243 0.008046 0.0500
65200 -1.522949 0.008111 0.0500
65300 -1.497935 0.007856 0.0500
65400 -1.475943 0.008344 0.0500
65500 -1.485022 0.008023 0.0500
65600 -1.507454 0.007807 0.0500
65700 -1.506469 0.007784 0.0500
65800 -1.483110 0.008026 0.0500
65900 -1.475761 0.008265 0.0500
66000 -1.492533 0.007792 0.0500
66100 -1.501517 0.007709 0.0500
66200 -1.482712 0.007968 0.0500
66300 -1.459896 0.009127 0.0500
66400 -1.459867 0.009106 0.0500
66500 -1.472772 0.008288 0.0500
66600 -1.473985 0.008213 0.0500
66700 -1.460614 0.008985 0.0500
66800 -1.464097 0.008717 0.0500
66900 -1.488102 0.007715 0.0500
67000 -1.499368 0.007578 0.0500
67100 -1.493811 0.007598 0.0500
67200 -1.490388 0.007626 0.0500
67300 -1.494411 0.007560 0.0500
67400 -1.491748 0.007574 0.0500
67500 -1.473132 0.008098 0.0500
67600 -1.459863 0.008887 0.0500
67700 -1.473025 0.008065 0.0500
67800 -1.486032 0.007611 0.0500
67900 -1.470679 0.008144 0.0500
68000 -1.450980 0.009610 0.0500
68100 -1.448839 0.009816 0.0500
68200 -1.453491 0.009308 0.0500
68300 -1.450400 0.009594 0.0500
68400 -1.429187 0.012783 0.0500
68500 -1.416070 0.016108 0.0500
68600 -1.437799 0.011126 0.0500
68700 -1.461381 0.008531 0.0500
68800 -1.448273 0.009681 0.0500
68900 -1.420318 0.014693 0.0500
69000 -1.422608 0.014034 0.0500
69100 -1.436781 0.011115 0.0500
69200 -1.428363 0.012619 0.0500
69300 -1.394656 0.025027 0.0500
69400 -1.384227 0.031981 0.0500
69500 -1.402071 0.020774 0.0500
69600 -1.420700 0.014118 0.0500
69700 -1.412873 0.016345 0.0500
69800 -1.391647 0.026115 0.0500
69900 -1.380619 0.034004 0.0500
70000 -1.397848 0.022194 0.0500
70100 -1.414026 0.015583 0.0500
70200 -1.398342 0.021717 0.0500
70300 -1.374866 0.038366 0.0500
70400 -1.383417 0.030610 0.0500
70500 -1.403816 0.018763 0.0500
70600 -1.394307 0.023170 0.0500
70700 -1.360811 0.053161 0.0500
70800 -1.360379 0.052944 0.0500
70900 -1.395109 0.022068 0.0500
71000 -1.401032 0.019186 0.0500
71100 -1.376017 0.034798 0.0500
71200 -1.367035 0.043304 0.0500
71300 -1.392027 0.022986 0.0500
71400 -1.419648 0.012946 0.0500
71500 -1.402385 0.018023 0.0500
71600 -1.368575 0.040652 0.0500
71700 -1.383018 0.027881 0.0500
71800 -1.422641 0.012066 0.0500
71900 -1.425280 0.011537 0.0500
72000 -1.410349 0.014909 0.0500
72100 -1.418553 0.012777 0.0500
72200 -1.443834 0.009003 0.0500
72300 -1.446475 0.008747 0.0500
72400 -1.427855 0.010931 0.0500
72500 -1.419339 0.012470 0.0500
72600 -1.428578 0.010747 0.0500
72700 -1.434329 0.009907 0.0500
72800 -1.433170 0.010030 0.0500
72900 -1.434983 0.009771 0.0500
73000 -1.453117 0.008100 0.0500
73100 -1.462509 0.007585 0.0500
73200 -1.459120 0.007726 0.0500
73300 -1.440190 0.009102 0.0500
73400 -1.429478 0.010406 0.0500
73500 -1.439467 0.009128 0.0500
73600 -1.455644 0.007837 0.0500
73700 -1.457270 0.007731 0.0500
73800 -1.468058 0.007265 0.0500
73900 -1.483441 0.006952 0.0500
74000 -1.496667 0.006937 0.0500
74100 -1.499158 0.006946 0.0500
74200 -1.501645 0.006963 0.0500
74300 -1.512231 0.007153 0.0500
74400 -1.515972 0.007238 0.0500
74500 -1.508690 0.007043 0.0500
74600 -1.511728 0.007098 0.0500
74700 -1.524990 0.007495 0.0500
74800 -1.523788 0.007435 0.0500
74900 -1.511615 0.007052 0.0500
75000 -1.516310 0.007161 0.0500
75100 -1.536267 0.007926 0.0500
75200 -1.536997 0.007945 0.0500
75300 -1.515288 0.007090 0.0500
75400 -1.524853 0.007384 0.0500
75500 -1.551371 0.008729 0.0500
75600 -1.559283 0.009272 0.0500
75700 -1.544513 0.008262 0.0500
75800 -1.543162 0.008166 0.0500
75900 -1.555926 0.008959 0.0500
76000 -1.555921 0.008936 0.0500
76100 -1.542427 0.008068 0.0500
76200 -1.536922 0.007767 0.0500
76300 -1.552741 0.008657 0.0500
76400 -1.556408 0.008890 0.0500
76500 -1.533619 0.007563 0.0500
76600 -1.514738 0.006904 0.0500
76700 -1.524194 0.007165 0.0500
76800 -1.542207 0.007938 0.0500
76900 -1.521827 0.007059 0.0500
77000 -1.488893 0.006610 0.0500
77100 -1.486225 0.006617 0.0500
77200 -1.524418 0.007109 0.0500
77300 -1.545351 0.008050 0.0500
77400 -1.512169 0.006746 0.0500
77500 -1.492364 0.006543 0.0500
77600 -1.514611 0.006775 0.0500
77700 -1.540934 0.007756 0.0500
77800 -1.510367 0.006662 0.0500
77900 -1.467714 0.006953 0.0500
78000 -1.484330 0.006545 0.0500
78100 -1.530256 0.007218 0.0500
78200 -1.528753 0.007144 0.0500
78300 -1.494936 0.006455 0.0500
78400 -1.506278 0.006527 0.0500
78500 -1.550272 0.008210 0.0500
78600 -1.555558 0.008551 0.0500
78700 -1.515057 0.006657 0.0500
78800 -1.512204 0.006583 0.0500
78900 -1.554873 0.008459 0.0500
79000 -1.569972 0.009691 0.0500
79100 -1.537082 0.007380 0.0500
79200 -1.533250 0.007192 0.0500
79300 -1.561843 0.008913 0.0500
79400 -1.557308 0.008540 0.0500
79500 -1.527929 0.006938 0.0500
79600 -1.530884 0.007037 0.0500
79700 -1.561808 0.008838 0.0500
79800 -1.561957 0.008829 0.0500
79900 -1.540266 0.007410 0.0500
80000 -1.537069 0.007242 0.0500
80100 -1.560320 0.008645 0.0500
80200 -1.562941 0.008834 0.0500
80300 -1.553101 0.008084 0.0500
80400 -1.549105 0.007813 0.0500
80500 -1.558775 0.008448 0.0500
80600 -1.564803 0.008909 0.0500
80700 -1.555017 0.008139 0.0500
80800 -1.548886 0.007729 0.0500
80900 -1.564439 0.008818 0.0500
81000 -1.582726 0.010712 0.0500
81100 -1.584510 0.010915 0.0500
81200 -1.582550 0.010625 0.0500
81300 -1.597551 0.012928 0.0500
81400 -1.614563 0.016942 0.0500
81500 -1.600848 0.013467 0.0500
81600 -1.585255 0.010830 0.0500
81700 -1.584018 0.010634 0.0500
81800 -1.587613 0.011089 0.0500
81900 -1.577510 0.009798 0.0500
82000 -1.564568 0.008563 0.0500
82100 -1.572767 0.009262 0.0500
82200 -1.589240 0.011209 0.0500
82300 -1.588175 0.011020 0.0500
82400 -1.572655 0.009173 0.0500
82500 -1.565575 0.008532 0.0500
82600 -1.579511 0.009838 0.0500
82700 -1.584293 0.010384 0.0500
82800 -1.576432 0.009450 0.0500
82900 -1.566782 0.008541 0.0500
83000 -1.570975 0.008878 0.0500
83100 -1.586332 0.010545 0.0500
83200 -1.592547 0.011417 0.0500
83300 -1.582146 0.009954 0.0500
83400 -1.576483 0.009304 0.0500
83500 -1.595115 0.011740 0.0500
83600 -1.602244 0.013031 0.0500
83700 -1.577844 0.009362 0.0500
83800 -1.556258 0.007623 0.0500
83900 -1.564984 0.008187 0.0500
84000 -1.576723 0.009184 0.0500
84100 -1.563364 0.008031 0.0500
84200 -1.545740 0.007017 0.0500
84300 -1.568090 0.008352 0.0500
84400 -1.607880 0.014080 0.0500
84500 -1.602151 0.012757 0.0500
84600 -1.569961 0.008436 0.0500
84700 -1.574801 0.008841 0.0500
84800 -1.606963 0.013706 0.0500
84900 -1.621630 0.017901 0.0500
85000 -1.602495 0.012623 0.0500
85100 -1.594269 0.011104 0.0500
85200 -1.616515 0.016031 0.0500
85300 -1.623182 0.018184 0.0500
85400 -1.597996 0.011591 0.0500
85500 -1.576625 0.008798 0.0500
85600 -1.593377 0.010780 0.0500
85700 -1.606540 0.013173 0.0500
85800 -1.582519 0.009316 0.0500
85900 -1.552021 0.007064 0.0500
86000 -1.558981 0.007406 0.0500
86100 -1.571420 0.008225 0.0500
86200 -1.543451 0.006671 0.0500
86300 -1.509950 0.006003 0.0500
86400 -1.522993 0.006126 0.0500
86500 -1.551788 0.006979 0.0500
86600 -1.546811 0.006753 0.0500
86700 -1.519050 0.006041 0.0500
86800 -1.519554 0.006037 0.0500
86900 -1.533401 0.006288 0.0500
87000 -1.520354 0.006026 0.0500
87100 -1.495214 0.005971 0.0500
87200 -1.495951 0.005954 0.0500
87300 -1.525068 0.006072 0.0500
87400 -1.544893 0.006602 0.0500
87500 -1.528225 0.006111 0.0500
87600 -1.520810 0.005975 0.0500
87700 -1.543729 0.006526 0.0500
87800 -1.564752 0.007567 0.0500
87900 -1.539003 0.006344 0.0500
88000 -1.511787 0.005855 0.0500
88100 -1.529234 0.006071 0.0500
88200 -1.561577 0.007320 0.0500
88300 -1.554298 0.006906 0.0500
88400 -1.539289 0.006298 0.0500
88500 -1.552453 0.006793 0.0500
88600 -1.583666 0.009126 0.0500
88700 -1.588837 0.009735 0.0500
88800 -1.561058 0.007202 0.0500
88900 -1.542018 0.006329 0.0500
89000 -1.551579 0.006687 0.0500
89100 -1.572093 0.007926 0.0500
89200 -1.573446 0.008020 0.0500
89300 -1.571108 0.007813 0.0500
89400 -1.577801 0.008372 0.0500
89500 -1.596655 0.010738 0.0500
89600 -1.596265 0.010641 0.0500
89700 -1.578993 0.008420 0.0500
89800 -1.574505 0.007993 0.0500
89900 -1.590030 0.009644 0.0500
90000 -1.599744 0.011130 0.0500
90100 -1.588572 0.009398 0.0500
90200 -1.577516 0.008176 0.0500
90300 -1.582580 0.008656 0.0500
90400 -1.586472 0.009072 0.0500
90500 -1.575271 0.007921 0.0500
90600 -1.564347 0.007118 0.0500
90700 -1.564769 0.007129 0.0500
90800 -1.583042 0.008611 0.0500
90900 -1.592215 0.009717 0.0500
91000 -1.582894 0.008552 0.0500
91100 -1.587504 0.009053 0.0500
91200 -1.612149 0.013504 0.0500
91300 -1.615070 0.014242 0.0500
91400 -1.597840 0.010427 0.0500
91500 -1.589971 0.009249 0.0500
91600 -1.597590 0.010329 0.0500
91700 -1.599211 0.010570 0.0500
91800 -1.586306 0.008731 0.0500
91900 -1.571408 0.007362 0.0500
92000 -1.567148 0.007064 0.0500
92100 -1.575966 0.007679 0.0500
92200 -1.582387 0.008242 0.0500
92300 -1.577498 0.007772 0.0500
92400 -1.571010 0.007257 0.0500
92500 -1.570453 0.007204 0.0500
92600 -1.567943 0.007026 0.0500
92700 -1.555206 0.006363 0.0500
92800 -1.542733 0.005941 0.0500
92900 -1.547025 0.006051 0.0500
93000 -1.561744 0.006629 0.0500
93100 -1.572299 0.007257 0.0500
93200 -1.556990 0.006382 0.0500
93300 -1.535912 0.005743 0.0500
93400 -1.540319 0.005824 0.0500
93500 -1.539801 0.005803 0.0500
93600 -1.523331 0.005557 0.0500
93700 -1.511462 0.005521 0.0500
93800 -1.515391 0.005509 0.0500
93900 -1.521555 0.005520 0.0500
94000 -1.511445 0.005496 0.0500
94100 -1.493565 0.005667 0.0500
94200 -1.492080 0.005686 0.0500
94300 -1.504200 0.005511 0.0500
94400 -1.495877 0.005602 0.0500
94500 -1.483316 0.005865 0.0500
94600 -1.484479 0.005824 0.0500
94700 -1.486635 0.005759 0.0500
94800 -1.481588 0.005886 0.0500
94900 -1.468101 0.006386 0.0500
95000 -1.463392 0.006612 0.0500
95100 -1.479724 0.005913 0.0500
95200 -1.486106 0.005725 0.0500
95300 -1.464939 0.006498 0.0500
95400 -1.459650 0.006783 0.0500
95500 -1.476093 0.005994 0.0500
95600 -1.484623 0.005725 0.0500
95700 -1.461663 0.006631 0.0500
95800 -1.445140 0.007846 0.0500
95900 -1.463044 0.006529 0.0500
96000 -1.474684 0.005993 0.0500
96100 -1.453469 0.007110 0.0500
96200 -1.438720 0.008461 0.0500
96300 -1.463010 0.006482 0.0500
96400 -1.491585 0.005504 0.0500
96500 -1.483473 0.005671 0.0500
96600 -1.454179 0.006999 0.0500
96700 -1.452539 0.007105 0.0500
96800 -1.474327 0.005925 0.0500
96900 -1.476106 0.005852 0.0500
97000 -1.454500 0.006928 0.0500
97100 -1.445651 0.007627 0.0500
97200 -1.456045 0.006795 0.0500
97300 -1.470306 0.006028 0.0500
97400 -1.466959 0.006164 0.0500
97500 -1.459833 0.006525 0.0500
97600 -1.462694 0.006353 0.0500
97700 -1.461100 0.006429 0.0500
97800 -1.463152 0.006307 0.0500
97900 -1.465955 0.006157 0.0500
98000 -1.464962 0.006194 0.0500
98100 -1.469323 0.005986 0.0500
98200 -1.474722 0.005770 0.0500
98300 -1.482964 0.005520 0.0500
98400 -1.483994 0.005487 0.0500
98500 -1.481189 0.005548 0.0500
98600 -1.480117 0.005568 0.0500
98700 -1.485048 0.005438 0.0500
98800 -1.486106 0.005407 0.0500
98900 -1.482704 0.005476 0.0500
99000 -1.478116 0.005592 0.0500
99100 -1.490547 0.005300 0.0500
99200 -1.503846 0.005161 0.0500
99300 -1.495842 0.005213 0.0500
99400 -1.477828 0.005569 0.0500
99500 -1.486984 0.005333 0.0500
99600 -1.510341 0.005125 0.0500
99700 -1.520769 0.005179 0.0500
99800 -1.517257 0.005141 0.0500
99900 -1.522798 0.005186 0.0500
100000 -1.535950 0.005408 0.0500
100100 -1.543534 0.005603 0.0500
100200 -1.542279 0.005557 0.0500
100300 -1.541209 0.005517 0.0500
100400 -1.541868 0.005527 0.0500
100500 -1.559790 0.006222 0.0500
100600 -1.572597 0.007013 0.0500
100700 -1.562392 0.006338 0.0500
100800 -1.543854 0.005550 0.0500
100900 -1.542457 0.005500 0.0500
101000 -1.552571 0.005841 0.0500
101100 -1.567396 0.006596 0.0500
101200 -1.569378 0.006715 0.0500
101300 -1.560694 0.006184 0.0500
101400 -1.561615 0.006222 0.0500
101500 -1.571123 0.006801 0.0500
101600 -1.578094 0.007345 0.0500
101700 -1.572356 0.006864 0.0500
101800 -1.574009 0.006977 0.0500
101900 -1.598568 0.009832 0.0500
102000 -1.619400 0.014713 0.0500
102100 -1.611780 0.012489 0.0500
102200 -1.602193 0.010370 0.0500
102300 -1.609374 0.011831 0.0500
102400 -1.617599 0.013961 0.0500
102500 -1.626628 0.017007 0.0500
102600 -1.633740 0.020021 0.0500
102700 -1.641791 0.024254 0.0500
102800 -1.647439 0.027747 0.0500
102900 -1.651286 0.030334 0.0500
103000 -1.661032 0.038433 0.0500
103100 -1.659249 0.036363 0.0500
103200 -1.651126 0.029347 0.0500
103300 -1.663643 0.039851 0.0500
103400 -1.671114 0.047362 0.0500
103500 -1.658821 0.034489 0.0500
103600 -1.663715 0.038594 0.0500
103700 -1.696426 0.081342 0.0500
103800 -1.695564 0.078111 0.0500
103900 -1.680552 0.054990 0.0500
104000 -1.702094 0.085940 0.0500
104100 -1.715547 0.107393 0.0500
104200 -1.695406 0.071295 0.0500
104300 -1.685158 0.056219 0.0500
104400 -1.706599 0.085869 0.0500
104500 -1.717067 0.101261 0.0500
104600 -1.686893 0.054900 0.0500
104700 -1.684700 0.051594 0.0500
104800 -1.712965 0.089296 0.0500
104900 -1.707670 0.078986 0.0500
105000 -1.670440 0.035957 0.0500
105100 -1.682820 0.046454 0.0500
105200 -1.715604 0.087820 0.0500
105300 -1.685758 0.047794 0.0500
105400 -1.656455 0.025334 0.0500
105500 -1.682576 0.043862 0.0500
105600 -1.704579 0.067811 0.0500
105700 -1.658281 0.025552 0.0500
105800 -1.634473 0.015639 0.0500
105900 -1.661766 0.027196 0.0500
106000 -1.672783 0.034081 0.0500
106100 -1.636987 0.016123 0.0500
106200 -1.617128 0.011195 0.0500
106300 -1.634885 0.015366 0.0500
106400 -1.646460 0.019249 0.0500
106500 -1.620235 0.011659 0.0500
106600 -1.594187 0.007914 0.0500
106700 -1.602213 0.008770 0.0500
106800 -1.613291 0.010317 0.0500
106900 -1.605696 0.009164 0.0500
107000 -1.594752 0.007892 0.0500
107100 -1.600975 0.008536 0.0500
107200 -1.607669 0.009368 0.0500
107300 -1.600721 0.008465 0.0500
107400 -1.579948 0.006653 0.0500
107500 -1.562209 0.005765 0.0500
107600 -1.560363 0.005688 0.0500
107700 -1.562505 0.005757 0.0500
107800 -1.541531 0.005168 0.0500
107900 -1.529610 0.004988 0.0500
108000 -1.542684 0.005176 0.0500
108100 -1.561783 0.005699 0.0500
108200 -1.554591 0.005451 0.0500
108300 -1.534171 0.005014 0.0500
108400 -1.529269 0.004951 0.0500
108500 -1.532605 0.004981 0.0500
108600 -1.519234 0.004874 0.0500
108700 -1.494613 0.005021 0.0500
108800 -1.490478 0.005087 0.0500
108900 -1.506171 0.004878 0.0500
109000 -1.506185 0.004872 0.0500
109100 -1.481217 0.005292 0.0500
109200 -1.470891 0.005649 0.0500
109300 -1.479403 0.005330 0.0500
109400 -1.479753 0.005312 0.0500
109500 -1.474312 0.005488 0.0500
109600 -1.472934 0.005532 0.0500
109700 -1.468810 0.005696 0.0500
109800 -1.466514 0.005794 0.0500
109900 -1.462054 0.006015 0.0500
110000 -1.447162 0.007063 0.0500
110100 -1.426722 0.009605 0.0500
110200 -1.413016 0.012511 0.0500
110300 -1.423134 0.010190 0.0500
110400 -1.441834 0.007503 0.0500
110500 -1.449447 0.006788 0.0500
110600 -1.430392 0.008902 0.0500
110700 -1.418208 0.011108 0.0500
110800 -1.437630 0.007896 0.0500
110900 -1.457313 0.006171 0.0500
111000 -1.447859 0.006846 0.0500
111100 -1.423929 0.009869 0.0500
111200 -1.425600 0.009546 0.0500
111300 -1.447853 0.006801 0.0500
111400 -1.458394 0.006045 0.0500
111500 -1.449446 0.006647 0.0500
111600 -1.442248 0.007274 0.0500
111700 -1.455503 0.006190 0.0500
111800 -1.463310 0.005737 0.0500
111900 -1.455434 0.006174 0.0500
112000 -1.444961 0.006967 0.0500
112100 -1.445545 0.006901 0.0500
112200 -1.468586 0.005461 0.0500
112300 -1.486572 0.004925 0.0500
112400 -1.481009 0.005042 0.0500
112500 -1.471515 0.005325 0.0500
112600 -1.489960 0.004845 0.0500
112700 -1.512628 0.004684 0.0500
112800 -1.497011 0.004741 0.0500
112900 -1.482165 0.004981 0.0500
113000 -1.504421 0.004677 0.0500
113100 -1.538357 0.004925 0.0500
113200 -1.543825 0.005033 0.0500
113300 -1.527138 0.004743 0.0500
113400 -1.529651 0.004767 0.0500
113500 -1.564759 0.005681 0.0500
113600 -1.574350 0.006139 0.0500
113700 -1.549093 0.005129 0.0500
113800 -1.537390 0.004861 0.0500
113900 -1.556063 0.005322 0.0500
114000 -1.568954 0.005829 0.0500
114100 -1.550542 0.005139 0.0500
114200 -1.525615 0.004675 0.0500
114300 -1.538207 0.004843 0.0500
114400 -1.566130 0.005670 0.0500
114500 -1.544939 0.004969 0.0500
114600 -1.513321 0.004586 0.0500
114700 -1.519847 0.004602 0.0500
114800 -1.548667 0.005043 0.0500
114900 -1.551118 0.005103 0.0500
115000 -1.517091 0.004573 0.0500
115100 -1.500561 0.004604 0.0500
115200 -1.540865 0.004839 0.0500
115300 -1.566769 0.005644 0.0500
115400 -1.530238 0.004655 0.0500
115500 -1.496987 0.004621 0.0500
115600 -1.521175 0.004560 0.0500
115700 -1.547694 0.004965 0.0500
115800 -1.520240 0.004543 0.0500
115900 -1.488564 0.004728 0.0500
116000 -1.507428 0.004518 0.0500
116100 -1.536433 0.004708 0.0500
116200 -1.511281 0.004499 0.0500
116300 -1.475767 0.005033 0.0500
116400 -1.485106 0.004772 0.0500
116500 -1.508873 0.004487 0.0500
116600 -1.506689 0.004488 0.0500
116700 -1.491635 0.004630 0.0500
116800 -1.511865 0.004467 0.0500
116900 -1.547226 0.004899 0.0500
117000 -1.539837 0.004726 0.0500
117100 -1.525464 0.004514 0.0500
117200 -1.536973 0.004661 0.0500
117300 -1.552378 0.005017 0.0500
117400 -1.544277 0.004796 0.0500
117500 -1.526236 0.004499 0.0500
117600 -1.534149 0.004591 0.0500
117700 -1.558268 0.005184 0.0500
117800 -1.570085 0.005679 0.0500
117900 -1.555995 0.005091 0.0500
118000 -1.544598 0.004765 0.0500
118100 -1.557245 0.005119 0.0500
118200 -1.566340 0.005471 0.0500
118300 -1.553081 0.004970 0.0500
118400 -1.542892 0.004702 0.0500
118500 -1.557222 0.005090 0.0500
118600 -1.565467 0.005403 0.0500
118700 -1.548296 0.004809 0.0500
118800 -1.535764 0.004546 0.0500
118900 -1.548380 0.004799 0.0500
119000 -1.557938 0.005081 0.0500
119100 -1.547284 0.004758 0.0500
119200 -1.541333 0.004620 0.0500
119300 -1.553104 0.004904 0.0500
119400 -1.558935 0.005089 0.0500
119500 -1.549570 0.004791 0.0500
119600 -1.540495 0.004580 0.0500
119700 -1.548406 0.004749 0.0500
119800 -1.562641 0.005203 0.0500
119900 -1.562166 0.005176 0.0500
120000 -1.555373 0.004928 0.0500
120100 -1.552006 0.004819 0.0500
120200 -1.550241 0.004764 0.0500
120300 -1.534852 0.004446 0.0500
120400 -1.518332 0.004306 0.0500
120500 -1.520930 0.004309 0.0500
120600 -1.530969 0.004381 0.0500
120700 -1.523433 0.004311 0.0500
120800 -1.520804 0.004293 0.0500
120900 -1.529999 0.004355 0.0500
121000 -1.539115 0.004477 0.0500
121100 -1.543619 0.004558 0.0500
121200 -1.545860 0.004601 0.0500
121300 -1.545664 0.004591 0.0500
121400 -1.549880 0.004689 0.0500
121500 -1.553352 0.004780 0.0500
121600 -1.543743 0.004531 0.0500
121700 -1.533017 0.004347 0.0500
121800 -1.540561 0.004457 0.0500
121900 -1.545473 0.004552 0.0500
122000 -1.527014 0.004270 0.0500
122100 -1.508968 0.004239 0.0500
122200 -1.511329 0.004224 0.0500
122300 -1.528359 0.004267 0.0500
122400 -1.525630 0.004240 0.0500
122500 -1.492370 0.004412 0.0500
122600 -1.479788 0.004712 0.0500
122700 -1.506372 0.004225 0.0500
122800 -1.520196 0.004194 0.0500
122900 -1.497540 0.004308 0.0500
123000 -1.477354 0.004770 0.0500
123100 -1.494491 0.004344 0.0500
123200 -1.515601 0.004169 0.0500
123300 -1.502526 0.004228 0.0500
123400 -1.466806 0.005174 0.0500
123500 -1.463784 0.005317 0.0500
123600 -1.484825 0.004518 0.0500
123700 -1.486989 0.004460 0.0500
123800 -1.449445 0.006240 0.0500
123900 -1.428750 0.008603 0.0500
124000 -1.445274 0.006576 0.0500
124100 -1.465862 0.005165 0.0500
124200 -1.452906 0.005930 0.0500
124300 -1.424548 0.009249 0.0500
124400 -1.424431 0.009246 0.0500
124500 -1.443264 0.006703 0.0500
124600 -1.446270 0.006412 0.0500
124700 -1.424809 0.009124 0.0500
124800 -1.405497 0.013851 0.0500
124900 -1.408297 0.012911 0.0500
125000 -1.435029 0.007526 0.0500
125100 -1.440990 0.006836 0.0500
125200 -1.416835 0.010586 0.0500
125300 -1.402306 0.014773 0.0500
125400 -1.419572 0.009926 0.0500
125500 -1.437556 0.007133 0.0500
125600 -1.434399 0.007493 0.0500
125700 -1.420945 0.009587 0.0500
125800 -1.434300 0.007471 0.0500
125900 -1.469438 0.004855 0.0500
126000 -1.485310 0.004373 0.0500
126100 -1.469565 0.004838 0.0500
126200 -1.458613 0.005349 0.0500
126300 -1.470762 0.004779 0.0500
126400 -1.484961 0.004359 0.0500
126500 -1.473434 0.004671 0.0500
126600 -1.459368 0.005280 0.0500
126700 -1.474468 0.004624 0.0500
126800 -1.495670 0.004158 0.0500
126900 -1.497831 0.004128 0.0500
127000 -1.487188 0.004281 0.0500
127100 -1.479623 0.004450 0.0500
127200 -1.489839 0.004223 0.0500
127300 -1.503276 0.004064 0.0500
127400 -1.499648 0.004087 0.0500
127500 -1.489345 0.004217 0.0500
127600 -1.499865 0.004076 0.0500
127700 -1.531779 0.004158 0.0500
127800 -1.542133 0.004337 0.0500
127900 -1.540131 0.004290 0.0500
128000 -1.539047 0.004263 0.0500
128100 -1.551764 0.004571 0.0500
128200 -1.552486 0.004587 0.0500
128300 -1.557850 0.004761 0.0500
128400 -1.547861 0.004443 0.0500
128500 -1.540832 0.004273 0.0500
128600 -1.553003 0.004580 0.0500
128700 -1.561698 0.004885 0.0500
128800 -1.558876 0.004768 0.0500
128900 -1.567693 0.005136 0.0500
129000 -1.577668 0.005682 0.0500
129100 -1.571808 0.005330 0.0500
129200 -1.563899 0.004942 0.0500
129300 -1.568996 0.005170 0.0500
129400 -1.592882 0.006847 0.0500
129500 -1.603720 0.008051 0.0500
129600 -1.599508 0.007518 0.0500
129700 -1.613289 0.009430 0.0500
129800 -1.622420 0.011139 0.0500
129900 -1.615803 0.009811 0.0500
130000 -1.603149 0.007879 0.0500
130100 -1.609121 0.008677 0.0500
130200 -1.625388 0.011681 0.0500
130300 -1.628416 0.012365 0.0500
130400 -1.618171 0.010107 0.0500
130500 -1.629802 0.012637 0.0500
130600 -1.647420 0.018285 0.0500
130700 -1.630334 0.012668 0.0500
130800 -1.607415 0.008251 0.0500
130900 -1.619434 0.010180 0.0500
131000 -1.644343 0.016882 0.0500
131100 -1.640353 0.015415 0.0500
131200 -1.626320 0.011491 0.0500
131300 -1.645147 0.016975 0.0500
131400 -1.671851 0.030795 0.0500
131500 -1.663721 0.025386 0.0500
131600 -1.647704 0.017614 0.0500
131700 -1.658255 0.022170 0.0500
131800 -1.682482 0.038206 0.0500
131900 -1.680882 0.036456 0.0500
132000 -1.669826 0.028076 0.0500
132100 -1.678642 0.034036 0.0500
132200 -1.687370 0.041078 0.0500
132300 -1.671453 0.028324 0.0500
132400 -1.656591 0.020154 0.0500
132500 -1.653320 0.018656 0.0500
132600 -1.665781 0.024466 0.0500
132700 -1.654587 0.018952 0.0500
132800 -1.627828 0.010911 0.0500
132900 -1.619695 0.009392 0.0500
133000 -1.636489 0.012829 0.0500
133100 -1.643537 0.014761 0.0500
133200 -1.618205 0.009066 0.0500
133300 -1.605468 0.007384 0.0500
133400 -1.617908 0.008980 0.0500
133500 -1.621307 0.009500 0.0500
133600 -1.611017 0.007979 0.0500
133700 -1.613098 0.008230 0.0500
133800 -1.631354 0.011359 0.0500
133900 -1.640366 0.013555 0.0500
134000 -1.624883 0.009991 0.0500
134100 -1.615589 0.008475 0.0500
134200 -1.616081 0.008525 0.0500
134300 -1.610927 0.007825 0.0500
134400 -1.594579 0.006207 0.0500
134500 -1.578017 0.005177 0.0500
134600 -1.581969 0.005372 0.0500
134700 -1.582762 0.005407 0.0500
134800 -1.563636 0.004588 0.0500
134900 -1.548396 0.004197 0.0500
135000 -1.557211 0.004392 0.0500
135100 -1.571646 0.004857 0.0500
135200 -1.563580 0.004563 0.0500
135300 -1.544090 0.004101 0.0500
135400 -1.535060 0.003975 0.0500
135500 -1.556304 0.004343 0.0500
135600 -1.578920 0.005154 0.0500
135700 -1.561310 0.004468 0.0500
135800 -1.528131 0.003901 0.0500
135900 -1.531817 0.003923 0.0500
136000 -1.559457 0.004401 0.0500
136100 -1.553772 0.004252 0.0500
136200 -1.515862 0.003854 0.0500
136300 -1.503429 0.003913 0.0500
136400 -1.521723 0.003849 0.0500
136500 -1.521855 0.003845 0.0500
136600 -1.490749 0.004075 0.0500
136700 -1.471026 0.004619 0.0500
136800 -1.484013 0.004210 0.0500
136900 -1.505641 0.003870 0.0500
137000 -1.486845 0.004135 0.0500
137100 -1.455179 0.005396 0.0500
137200 -1.450924 0.005679 0.0500
137300 -1.468201 0.004699 0.0500
137400 -1.462142 0.004974 0.0500
137500 -1.430654 0.007742 0.0500
137600 -1.421472 0.009232 0.0500
137700 -1.441729 0.006406 0.0500
137800 -1.446662 0.005952 0.0500
137900 -1.426404 0.008317 0.0500
138000 -1.410178 0.011762 0.0500
138100 -1.416524 0.010145 0.0500
138200 -1.422647 0.008887 0.0500
138300 -1.410936 0.011457 0.0500
138400 -1.397333 0.016040 0.0500
138500 -1.398179 0.015617 0.0500
138600 -1.399528 0.015011 0.0500
138700 -1.400423 0.014606 0.0500
138800 -1.389725 0.019371 0.0500
138900 -1.387293 0.020614 0.0500
139000 -1.388265 0.019947 0.0500
139100 -1.383857 0.022452 0.0500
139200 -1.379463 0.025292 0.0500
139300 -1.372724 0.030504 0.0500
139400 -1.377076 0.026671 0.0500
139500 -1.379448 0.024728 0.0500
139600 -1.362763 0.039758 0.0500
139700 -1.367747 0.034060 0.0500
139800 -1.385981 0.020022 0.0500
139900 -1.386940 0.019387 0.0500
140000 -1.370824 0.030542 0.0500
140100 -1.363836 0.037077 0.0500
140200 -1.375759 0.025991 0.0500
140300 -1.384658 0.020044 0.0500
140400 -1.374774 0.026400 0.0500
140500 -1.372324 0.028130 0.0500
140600 -1.388785 0.017531 0.0500
140700 -1.393654 0.015320 0.0500
140800 -1.380417 0.021925 0.0500
140900 -1.375760 0.024899 0.0500
141000 -1.375577 0.024858 0.0500
141100 -1.375407 0.024807 0.0500
141200 -1.380254 0.021442 0.0500
141300 -1.386006 0.018147 0.0500
141400 -1.390295 0.016073 0.0500
141500 -1.394532 0.014316 0.0500
141600 -1.398230 0.012984 0.0500
141700 -1.402522 0.011654 0.0500
141800 -1.401405 0.011931 0.0500
141900 -1.389506 0.016116 0.0500
142000 -1.394599 0.014028 0.0500
142100 -1.410196 0.009651 0.0500
142200 -1.421542 0.007684 0.0500
142300 -1.427214 0.006951 0.0500
142400 -1.424250 0.007294 0.0500
142500 -1.413317 0.008958 0.0500
142600 -1.420740 0.007731 0.0500
142700 -1.444454 0.005409 0.0500
142800 -1.455703 0.004801 0.0500
142900 -1.442251 0.005539 0.0500
143000 -1.425800 0.007028 0.0500
143100 -1.435392 0.006044 0.0500
143200 -1.457722 0.004686 0.0500
143300 -1.457093 0.004706 0.0500
143400 -1.441764 0.005530 0.0500
143500 -1.448620 0.005099 0.0500
143600 -1.472030 0.004196 0.0500
143700 -1.486322 0.003911 0.0500
143800 -1.473511 0.004150 0.0500
143900 -1.461328 0.004507 0.0500
144000 -1.469723 0.004237 0.0500
144100 -1.485674 0.003903 0.0500
144200 -1.479680 0.003999 0.0500
144300 -1.466057 0.004329 0.0500
144400 -1.466900 0.004298 0.0500
144500 -1.484626 0.003901 0.0500
144600 -1.499429 0.003739 0.0500
144700 -1.495438 0.003765 0.0500
144800 -1.491433 0.003800 0.0500
144900 -1.514597 0.003695 0.0500
145000 -1.533788 0.003823 0.0500
145100 -1.531328 0.003791 0.0500
145200 -1.524323 0.003726 0.0500
145300 -1.535105 0.003827 0.0500
145400 -1.543486 0.003950 0.0500
145500 -1.523345 0.003708 0.0500
145600 -1.510654 0.003667 0.0500
145700 -1.529803 0.003752 0.0500
145800 -1.542625 0.003919 0.0500
145900 -1.536835 0.003826 0.0500
146000 -1.528001 0.003724 0.0500
146100 -1.526681 0.003709 0.0500
146200 -1.534486 0.003784 0.0500
146300 -1.531403 0.003745 0.0500
146400 -1.522133 0.003667 0.0500
146500 -1.530662 0.003730 0.0500
146600 -1.538507 0.003822 0.0500
146700 -1.533295 0.003750 0.0500
146800 -1.523543 0.003660 0.0500
146900 -1.511237 0.003621 0.0500
147000 -1.504497 0.003632 0.0500
147100 -1.509392 0.003615 0.0500
147200 -1.507570 0.003615 0.0500
147300 -1.514722 0.003608 0.0500
147400 -1.531075 0.003701 0.0500
147500 -1.547948 0.003957 0.0500
147600 -1.539544 0.003802 0.0500
147700 -1.524314 0.003633 0.0500
147800 -1.529405 0.003670 0.0500
147900 -1.539853 0.003795 0.0500
148000 -1.534515 0.003717 0.0500
148100 -1.530039 0.003664 0.0500
148200 -1.536576 0.003736 0.0500
148300 -1.551918 0.004013 0.0500
148400 -1.546708 0.003896 0.0500
148500 -1.524494 0.003605 0.0500
148600 -1.511474 0.003563 0.0500
148700 -1.522078 0.003584 0.0500
148800 -1.538125 0.003735 0.0500
148900 -1.526268 0.003603 0.0500
149000 -1.520769 0.003567 0.0500
149100 -1.534968 0.003682 0.0500
149200 -1.537082 0.003706 0.0500
149300 -1.532569 0.003646 0.0500
149400 -1.531841 0.003635 0.0500
149500 -1.536214 0.003683 0.0500
149600 -1.536312 0.003680 0.0500
149700 -1.530163 0.003607 0.0500
149800 -1.519550 0.003534 0.0500
149900 -1.520870 0.003536 0.0500
150000 -1.526229 0.003563 0.0500
150100 -1.526619 0.003562 0.0500
150200 -1.519663 0.003520 0.0500
150300 -1.531027 0.003594 0.0500
150400 -1.544113 0.003774 0.0500
150500 -1.535719 0.003640 0.0500
150600 -1.516886 0.003499 0.0500
150700 -1.513874 0.003493 0.0500
150800 -1.531658 0.003583 0.0500
150900 -1.534494 0.003611 0.0500
151000 -1.526957 0.003533 0.0500
151100 -1.531866 0.003574 0.0500
151200 -1.552875 0.003932 0.0500
151300 -1.556417 0.004020 0.0500
151400 -1.528954 0.003536 0.0500
151500 -1.509211 0.003473 0.0500
151600 -1.520775 0.003478 0.0500
151700 -1.540026 0.003659 0.0500
151800 -1.527752 0.003512 0.0500
151900 -1.508448 0.003463 0.0500
152000 -1.517380 0.003454 0.0500
152100 -1.537242 0.003605 0.0500
152200 -1.532139 0.003539 0.0500
152300 -1.503662 0.003471 0.0500
152400 -1.489058 0.003617 0.0500
152500 -1.502405 0.003473 0.0500
152600 -1.510537 0.003435 0.0500
152700 -1.497464 0.003506 0.0500
152800 -1.486992 0.003636 0.0500
152900 -1.496619 0.003507 0.0500
153000 -1.508772 0.003426 0.0500
153100 -1.505439 0.003435 0.0500
153200 -1.496423 0.003499 0.0500
153300 -1.502589 0.003445 0.0500
153400 -1.514865 0.003407 0.0500
153500 -1.510974 0.003405 0.0500
153600 -1.504349 0.003425 0.0500
153700 -1.506083 0.003413 0.0500
153800 -1.515190 0.003394 0.0500
153900 -1.512918 0.003390 0.0500
154000 -1.506380 0.003402 0.0500
154100 -1.501382 0.003427 0.0500
154200 -1.494464 0.003488 0.0500
154300 -1.476424 0.003799 0.0500
154400 -1.453881 0.004588 0.0500
154500 -1.444727 0.005099 0.0500
154600 -1.447322 0.004930 0.0500
154700 -1.449556 0.004795 0.0500
154800 -1.452808 0.004617 0.0500
154900 -1.460891 0.004252 0.0500
155000 -1.461445 0.004226 0.0500
155100 -1.462087 0.004197 0.0500
155200 -1.464427 0.004107 0.0500
155300 -1.462906 0.004157 0.0500
155400 -1.446084 0.004958 0.0500
155500 -1.434066 0.005854 0.0500
155600 -1.452275 0.004598 0.0500
155700 -1.474286 0.003790 0.0500
155800 -1.472146 0.003842 0.0500
155900 -1.452166 0.004588 0.0500
156000 -1.452953 0.004543 0.0500
156100 -1.472495 0.003819 0.0500
156200 -1.481420 0.003614 0.0500
156300 -1.470990 0.003852 0.0500
156400 -1.467845 0.003940 0.0500
156500 -1.492860 0.003431 0.0500
156600 -1.511350 0.003324 0.0500
156700 -1.491740 0.003438 0.0500
156800 -1.468587 0.003904 0.0500
156900 -1.473645 0.003760 0.0500
157000 -1.499090 0.003358 0.0500
157100 -1.493809 0.003401 0.0500
157200 -1.469094 0.003874 0.0500
157300 -1.477415 0.003657 0.0500
157400 -1.503680 0.003319 0.0500
157500 -1.504473 0.003312 0.0500
157600 -1.484680 0.003508 0.0500
157700 -1.477909 0.003633 0.0500
157800 -1.497041 0.003349 0.0500
157900 -1.518787 0.003304 0.0500
158000 -1.506991 0.003290 0.0500
158100 -1.493823 0.003370 0.0500
158200 -1.509341 0.003280 0.0500
158300 -1.527641 0.003355 0.0500
158400 -1.517019 0.003283 0.0500
158500 -1.487017 0.003444 0.0500
158600 -1.476265 0.003644 0.0500
158700 -1.491009 0.003384 0.0500
158800 -1.494331 0.003344 0.0500
158900 -1.475715 0.003646 0.0500
159000 -1.463113 0.004012 0.0500
159100 -1.478869 0.003569 0.0500
159200 -1.489812 0.003382 0.0500
159300 -1.474363 0.003664 0.0500
159400 -1.456214 0.004273 0.0500
159500 -1.462221 0.004024 0.0500
159600 -1.474367 0.003652 0.0500
159700 -1.469167 0.003788 0.0500
159800 -1.448223 0.004659 0.0500
159900 -1.448958 0.004612 0.0500
160000 -1.465446 0.003890 0.0500
160100 -1.469492 0.003761 0.0500
160200 -1.461038 0.004037 0.0500
160300 -1.461904 0.004000 0.0500
160400 -1.476949 0.003562 0.0500
160500 -1.479176 0.003511 0.0500
160600 -1.456944 0.004186 0.0500
160700 -1.437894 0.005315 0.0500
160800 -1.444859 0.004811 0.0500
160900 -1.468455 0.003758 0.0500
161000 -1.471452 0.003671 0.0500
161100 -1.455817 0.004211 0.0500
161200 -1.451423 0.004416 0.0500
161300 -1.467240 0.003778 0.0500
161400 -1.486401 0.003357 0.0500
161500 -1.479863 0.003462 0.0500
161600 -1.466055 0.003804 0.0500
161700 -1.468292 0.003732 0.0500
161800 -1.487966 0.003323 0.0500
161900 -1.500924 0.003207 0.0500
162000 -1.488246 0.003313 0.0500
162100 -1.479449 0.003451 0.0500
162200 -1.491069 0.003274 0.0500
162300 -1.505209 0.003181 0.0500
162400 -1.502531 0.003186 0.0500
162500 -1.489271 0.003286 0.0500
162600 -1.494268 0.003231 0.0500
162700 -1.500965 0.003184 0.0500
162800 -1.490053 0.003268 0.0500
162900 -1.494882 0.003217 0.0500
163000 -1.506140 0.003160 0.0500
163100 -1.501391 0.003170 0.0500
163200 -1.495404 0.003204 0.0500
163300 -1.499250 0.003175 0.0500
163400 -1.504171 0.003152 0.0500
163500 -1.505026 0.003148 0.0500
163600 -1.503028 0.003150 0.0500
163700 -1.508362 0.003139 0.0500
163800 -1.522834 0.003195 0.0500
163900 -1.533394 0.003313 0.0500
164000 -1.527387 0.003233 0.0500
164100 -1.519188 0.003160 0.0500
164200 -1.524062 0.003195 0.0500
164300 -1.533753 0.003306 0.0500
164400 -1.538414 0.003379 0.0500
164500 -1.539836 0.003401 0.0500
164600 -1.549374 0.003605 0.0500
164700 -1.560247 0.003920 0.0500
164800 -1.557629 0.003830 0.0500
164900 -1.548089 0.003563 0.0500
165000 -1.541740 0.003421 0.0500
165100 -1.546345 0.003515 0.0500
165200 -1.553376 0.003689 0.0500
165300 -1.561001 0.003922 0.0500
165400 -1.569354 0.004238 0.0500
165500 -1.595616 0.005834 0.0500
165600 -1.620357 0.008774 0.0500
165700 -1.621767 0.008987 0.0500
165800 -1.604713 0.006658 0.0500
165900 -1.600572 0.006229 0.0500
166000 -1.608468 0.007053 0.0500
166100 -1.610307 0.007260 0.0500
166200 -1.607737 0.006940 0.0500
166300 -1.607150 0.006860 0.0500
166400 -1.622021 0.008910 0.0500
166500 -1.630662 0.010532 0.0500
166600 -1.623079 0.009042 0.0500
166700 -1.614467 0.007697 0.0500
166800 -1.609403 0.007040 0.0500
166900 -1.601112 0.006153 0.0500
167000 -1.595673 0.005669 0.0500
167100 -1.598864 0.005929 0.0500
167200 -1.607021 0.006721 0.0500
167300 -1.616997 0.007969 0.0500
167400 -1.624384 0.009135 0.0500
167500 -1.630223 0.010235 0.0500
167600 -1.628391 0.009834 0.0500
167700 -1.629813 0.010093 0.0500
167800 -1.640925 0.012725 0.0500
167900 -1.636705 0.011575 0.0500
168000 -1.613962 0.007408 0.0500
168100 -1.608530 0.006741 0.0500
168200 -1.621704 0.008496 0.0500
168300 -1.625065 0.009041 0.0500
168400 -1.615540 0.007550 0.0500
168500 -1.609113 0.006748 0.0500
168600 -1.609899 0.006823 0.0500
168700 -1.602362 0.006039 0.0500
168800 -1.582225 0.004615 0.0500
168900 -1.584480 0.004731 0.0500
169000 -1.597717 0.005615 0.0500
169100 -1.592794 0.005237 0.0500
169200 -1.582857 0.004623 0.0500
169300 -1.592768 0.005221 0.0500
169400 -1.610363 0.006800 0.0500
169500 -1.605510 0.006269 0.0500
169600 -1.573314 0.004153 0.0500
169700 -1.565396 0.003859 0.0500
169800 -1.581212 0.004501 0.0500
169900 -1.591958 0.005123 0.0500
170000 -1.567170 0.003905 0.0500
170100 -1.541437 0.003280 0.0500
170200 -1.551038 0.003454 0.0500
170300 -1.569209 0.003965 0.0500
170400 -1.549571 0.003417 0.0500
170500 -1.514039 0.003045 0.0500
170600 -1.515595 0.003045 0.0500
170700 -1.546478 0.003348 0.0500
170800 -1.556664 0.003568 0.0500
170900 -1.536195 0.003183 0.0500
171000 -1.536339 0.003182 0.0500
171100 -1.560093 0.003650 0.0500
171200 -1.559352 0.003626 0.0500
171300 -1.531174 0.003116 0.0500
171400 -1.518238 0.003032 0.0500
171500 -1.530248 0.003102 0.0500
171600 -1.539511 0.003208 0.0500
171700 -1.522477 0.003041 0.0500
171800 -1.503193 0.003040 0.0500
171900 -1.495777 0.003092 0.0500
172000 -1.497772 0.003071 0.0500
172100 -1.497809 0.003069 0.0500
172200 -1.477841 0.003363 0.0500
172300 -1.472094 0.003500 0.0500
172400 -1.496107 0.003076 0.0500
172500 -1.519192 0.003009 0.0500
172600 -1.511399 0.002995 0.0500
172700 -1.485713 0.003200 0.0500
172800 -1.489325 0.003143 0.0500
172900 -1.515847 0.002991 0.0500
173000 -1.522428 0.003011 0.0500
173100 -1.494888 0.003070 0.0500
173200 -1.477451 0.003345 0.0500
173300 -1.496157 0.003053 0.0500
173400 -1.509884 0.002978 0.0500
173500 -1.494919 0.003059 0.0500
173600 -1.481663 0.003248 0.0500
173700 -1.493804 0.003066 0.0500
173800 -1.503832 0.002986 0.0500
173900 -1.500935 0.003000 0.0500
174000 -1.495020 0.003045 0.0500
174100 -1.499037 0.003008 0.0500
174200 -1.504350 0.002974 0.0500
174300 -1.507575 0.002960 0.0500
174400 -1.492721 0.003060 0.0500
174500 -1.478781 0.003283 0.0500
174600 -1.482956 0.003197 0.0500
174700 -1.493769 0.003040 0.0500
174800 -1.488235 0.003107 0.0500
174900 -1.480744 0.003231 0.0500
175000 -1.485732 0.003139 0.0500
175100 -1.491656 0.003054 0.0500
175200 -1.483233 0.003176 0.0500
175300 -1.468943 0.003510 0.0500
175400 -1.460500 0.003798 0.0500
175500 -1.462312 0.003725 0.0500
175600 -1.462148 0.003727 0.0500
175700 -1.456848 0.003938 0.0500
175800 -1.458436 0.003866 0.0500
175900 -1.462124 0.003716 0.0500
176000 -1.465005 0.003610 0.0500
176100 -1.453575 0.004073 0.0500
176200 -1.437997 0.005052 0.0500
176300 -1.422040 0.006734 0.0500
176400 -1.416328 0.007584 0.0500
176500 -1.426280 0.006169 0.0500
176600 -1.428756 0.005879 0.0500
176700 -1.425357 0.006258 0.0500
176800 -1.421248 0.006782 0.0500
176900 -1.418203 0.007216 0.0500
177000 -1.421087 0.006778 0.0500
177100 -1.422764 0.006538 0.0500
177200 -1.411387 0.008360 0.0500
177300 -1.383156 0.017841 0.0500
177400 -1.380442 0.019256 0.0500
177500 -1.411857 0.008179 0.0500
177600 -1.421001 0.006683 0.0500
177700 -1.398884 0.011262 0.0500
177800 -1.376232 0.021634 0.0500
177900 -1.386786 0.015669 0.0500
178000 -1.398410 0.011260 0.0500
178100 -1.388096 0.014970 0.0500
178200 -1.368199 0.027260 0.0500
178300 -1.374059 0.022562 0.0500
178400 -1.390643 0.013678 0.0500
178500 -1.389824 0.013947 0.0500
178600 -1.372100 0.023647 0.0500
178700 -1.368788 0.026038 0.0500
178800 -1.379008 0.018865 0.0500
178900 -1.389585 0.013738 0.0500
179000 -1.378341 0.019078 0.0500
179100 -1.367100 0.026872 0.0500
179200 -1.369976 0.024381 0.0500
179300 -1.379538 0.018046 0.0500
179400 -1.365456 0.027753 0.0500
179500 -1.340485 0.058843 0.0500
179600 -1.347305 0.047440 0.0500
179700 -1.370892 0.022652 0.0500
179800 -1.365963 0.026222 0.0500
179900 -1.346431 0.047454 0.0500
180000 -1.357598 0.033330 0.0500
180100 -1.385737 0.014087 0.0500
180200 -1.384970 0.014342 0.0500
180300 -1.358144 0.032245 0.0500
180400 -1.358355 0.031748 0.0500
180500 -1.386711 0.013390 0.0500
180600 -1.403309 0.008675 0.0500
180700 -1.395868 0.010400 0.0500
180800 -1.379178 0.016492 0.0500
180900 -1.393483 0.010987 0.0500
181000 -1.417413 0.006331 0.0500
181100 -1.424101 0.005591 0.0500
181200 -1.414906 0.006629 0.0500
181300 -1.423553 0.005625 0.0500
181400 -1.454157 0.003726 0.0500
181500 -1.470510 0.003257 0.0500
181600 -1.460224 0.003518 0.0500
181700 -1.443196 0.004191 0.0500
181800 -1.451974 0.003793 0.0500
181900 -1.474599 0.003163 0.0500
182000 -1.485079 0.003002 0.0500
182100 -1.474292 0.003163 0.0500
182200 -1.472371 0.003198 0.0500
182300 -1.494203 0.002909 0.0500
182400 -1.509433 0.002861 0.0500
182500 -1.498952 0.002877 0.0500
182600 -1.493195 0.002909 0.0500
182700 -1.501919 0.002862 0.0500
182800 -1.505773 0.002852 0.0500
182900 -1.495966 0.002884 0.0500
183000 -1.487627 0.002949 0.0500
183100 -1.500436 0.002858 0.0500
183200 -1.526279 0.002928 0.0500
183300 -1.524749 0.002912 0.0500
183400 -1.504099 0.002841 0.0500
183500 -1.502900 0.002842 0.0500
183600 -1.515404 0.002848 0.0500
183700 -1.516505 0.002851 0.0500
183800 -1.503578 0.002833 0.0500
183900 -1.504373 0.002830 0.0500
184000 -1.523652 0.002888 0.0500
184100 -1.540304 0.003089 0.0500
184200 -1.530489 0.002949 0.0500
184300 -1.517209 0.002841 0.0500
184400 -1.527106 0.002909 0.0500
184500 -1.526551 0.002901 0.0500
184600 -1.520634 0.002853 0.0500
184700 -1.527829 0.002909 0.0500
184800 -1.552238 0.003314 0.0500
184900 -1.569308 0.003831 0.0500
185000 -1.575150 0.004065 0.0500
185100 -1.568977 0.003810 0.0500
185200 -1.562614 0.003587 0.0500
185300 -1.549050 0.003225 0.0500
185400 -1.543071 0.003104 0.0500
185500 -1.544043 0.003119 0.0500
185600 -1.542692 0.003092 0.0500
185700 -1.545789 0.003147 0.0500
185800 -1.553274 0.003308 0.0500
185900 -1.557525 0.003415 0.0500
186000 -1.543248 0.003090 0.0500
186100 -1.540700 0.003044 0.0500
186200 -1.545413 0.003125 0.0500
186300 -1.541709 0.003056 0.0500
186400 -1.543800 0.003090 0.0500
186500 -1.563357 0.003571 0.0500
186600 -1.579574 0.004218 0.0500
186700 -1.565236 0.003625 0.0500
186800 -1.540728 0.003026 0.0500
186900 -1.553008 0.003269 0.0500
187000 -1.571954 0.003863 0.0500
187100 -1.554806 0.003307 0.0500
187200 -1.524992 0.002828 0.0500
187300 -1.527389 0.002846 0.0500
187400 -1.545937 0.003103 0.0500
187500 -1.547617 0.003134 0.0500
187600 -1.520092 0.002787 0.0500
187700 -1.511775 0.002758 0.0500
187800 -1.538092 0.002961 0.0500
187900 -1.552101 0.003222 0.0500
188000 -1.528900 0.002844 0.0500
188100 -1.527083 0.002825 0.0500
188200 -1.556524 0.003325 0.0500
188300 -1.575415 0.003975 0.0500
188400 -1.565455 0.003585 0.0500
188500 -1.551872 0.003200 0.0500
188600 -1.561401 0.003449 0.0500
188700 -1.564092 0.003530 0.0500
188800 -1.551043 0.003172 0.0500
188900 -1.544503 0.003037 0.0500
189000 -1.542831 0.003005 0.0500
189100 -1.547845 0.003096 0.0500
189200 -1.550010 0.003139 0.0500
189300 -1.544207 0.003022 0.0500
189400 -1.538252 0.002923 0.0500
189500 -1.544833 0.003028 0.0500
189600 -1.545581 0.003039 0.0500
189700 -1.538667 0.002922 0.0500
189800 -1.524314 0.002767 0.0500
189900 -1.533465 0.002849 0.0500
190000 -1.554206 0.003215 0.0500
190100 -1.547372 0.003062 0.0500
190200 -1.535875 0.002872 0.0500
190300 -1.547185 0.003053 0.0500
190400 -1.563557 0.003467 0.0500
190500 -1.553454 0.003183 0.0500
190600 -1.536977 0.002877 0.0500
190700 -1.541221 0.002937 0.0500
190800 -1.545347 0.003005 0.0500
190900 -1.529514 0.002785 0.0500
191000 -1.517693 0.002709 0.0500
191100 -1.529191 0.002778 0.0500
191200 -1.540739 0.002918 0.0500
191300 -1.527928 0.002762 0.0500
191400 -1.515489 0.002695 0.0500
191500 -1.513223 0.002689 0.0500
191600 -1.521252 0.002711 0.0500
191700 -1.521098 0.002708 0.0500
191800 -1.505441 0.002691 0.0500
191900 -1.487357 0.002826 0.0500
192000 -1.482296 0.002894 0.0500
192100 -1.487102 0.002825 0.0500
192200 -1.488893 0.002801 0.0500
192300 -1.483319 0.002872 0.0500
192400 -1.472038 0.003075 0.0500
192500 -1.472950 0.003053 0.0500
192600 -1.476875 0.002972 0.0500
192700 -1.470734 0.003097 0.0500
192800 -1.460430 0.003371 0.0500
192900 -1.468037 0.003155 0.0500
193000 -1.488967 0.002782 0.0500
193100 -1.493642 0.002733 0.0500
193200 -1.486757 0.002805 0.0500
193300 -1.482313 0.002864 0.0500
193400 -1.491258 0.002749 0.0500
193500 -1.506304 0.002656 0.0500
193600 -1.506971 0.002653 0.0500
193700 -1.495874 0.002703 0.0500
193800 -1.498499 0.002683 0.0500
193900 -1.509656 0.002644 0.0500
194000 -1.512321 0.002643 0.0500
194100 -1.503149 0.002654 0.0500
194200 -1.503922 0.002649 0.0500
194300 -1.522310 0.002671 0.0500
194400 -1.541702 0.002886 0.0500
194500 -1.537617 0.002821 0.0500
194600 -1.526859 0.002698 0.0500
194700 -1.532984 0.002756 0.0500
194800 -1.560570 0.003308 0.0500
194900 -1.573128 0.003752 0.0500
195000 -1.566589 0.003497 0.0500
195100 -1.562784 0.003367 0.0500
195200 -1.584353 0.004290 0.0500
195300 -1.601661 0.005538 0.0500
195400 -1.583889 0.004252 0.0500
195500 -1.560793 0.003292 0.0500
195600 -1.569982 0.003599 0.0500
195700 -1.583043 0.004193 0.0500
195800 -1.581192 0.004090 0.0500
195900 -1.574874 0.003786 0.0500
196000 -1.578901 0.003967 0.0500
196100 -1.592925 0.004789 0.0500
196200 -1.595371 0.004963 0.0500
196300 -1.583302 0.004177 0.0500
196400 -1.574296 0.003739 0.0500
196500 -1.592207 0.004716 0.0500
196600 -1.611054 0.006435 0.0500
196700 -1.605320 0.005799 0.0500
196800 -1.581720 0.004067 0.0500
196900 -1.571609 0.003608 0.0500
197000 -1.590780 0.004588 0.0500
197100 -1.600842 0.005352 0.0500
197200 -1.582026 0.004063 0.0500
197300 -1.570983 0.003567 0.0500
197400 -1.588614 0.004428 0.0500
197500 -1.608359 0.006062 0.0500
197600 -1.586598 0.004294 0.0500
197700 -1.563616 0.003300 0.0500
197800 -1.586442 0.004276 0.0500
197900 -1.612616 0.006526 0.0500
198000 -1.598742 0.005116 0.0500
198100 -1.573408 0.003629 0.0500
198200 -1.579916 0.003911 0.0500
198300 -1.600590 0.005254 0.0500
198400 -1.606092 0.005760 0.0500
198500 -1.586997 0.004270 0.0500
198600 -1.574583 0.003655 0.0500
198700 -1.594429 0.004742 0.0500
198800 -1.612651 0.006460 0.0500
198900 -1.602414 0.005372 0.0500
199000 -1.583250 0.004036 0.0500
199100 -1.592137 0.004557 0.0500
199200 -1.606559 0.005748 0.0500
199300 -1.602552 0.005355 0.0500
199400 -1.593666 0.004642 0.0500
199500 -1.607763 0.005847 0.0500
199600 -1.627449 0.008625 0.0500
199700 -1.630645 0.009227 0.0500
199800 -1.617742 0.007016 0.0500
199900 -1.620170 0.007353 0.0500
200000 -1.636334 0.010423 0.0500
200100 -1.639031 0.011062 0.0500
200200 -1.617730 0.006948 0.0500
200300 -1.610162 0.006002 0.0500
200400 -1.634434 0.009888 0.0500
200500 -1.654939 0.016118 0.0500
200600 -1.633041 0.009516 0.0500
200700 -1.610505 0.005983 0.0500
200800 -1.620829 0.007292 0.0500
200900 -1.643895 0.012175 0.0500
201000 -1.638082 0.010577 0.0500
201100 -1.621666 0.007359 0.0500
201200 -1.643518 0.011967 0.0500
201300 -1.673390 0.025269 0.0500
201400 -1.663451 0.019450 0.0500
201500 -1.641419 0.011225 0.0500
201600 -1.654903 0.015539 0.0500
201700 -1.673607 0.024932 0.0500
201800 -1.656816 0.016126 0.0500
201900 -1.624895 0.007650 0.0500
202000 -1.627384 0.008042 0.0500
202100 -1.652677 0.014423 0.0500
202200 -1.648999 0.013122 0.0500
202300 -1.613748 0.006086 0.0500
202400 -1.599322 0.004768 0.0500
202500 -1.615288 0.006244 0.0500
202600 -1.614451 0.006137 0.0500
202700 -1.585160 0.003908 0.0500
202800 -1.571957 0.003378 0.0500
202900 -1.592571 0.004295 0.0500
203000 -1.608026 0.005447 0.0500
203100 -1.596953 0.004559 0.0500
203200 -1.577491 0.003558 0.0500
203300 -1.582320 0.003752 0.0500
203400 -1.590763 0.004166 0.0500
203500 -1.579926 0.003643 0.0500
203600 -1.564134 0.003124 0.0500
203700 -1.567199 0.003203 0.0500
203800 -1.582613 0.003746 0.0500
203900 -1.594797 0.004384 0.0500
204000 -1.597899 0.004582 0.0500
204100 -1.590560 0.004124 0.0500
204200 -1.586926 0.003930 0.0500
204300 -1.598752 0.004626 0.0500
204400 -1.590707 0.004118 0.0500
204500 -1.561264 0.003027 0.0500
204600 -1.561961 0.003041 0.0500
204700 -1.580621 0.003627 0.0500
204800 -1.588014 0.003961 0.0500
204900 -1.581928 0.003673 0.0500
205000 -1.581913 0.003669 0.0500
205100 -1.592254 0.004177 0.0500
205200 -1.595616 0.004376 0.0500
205300 -1.583141 0.003709 0.0500
205400 -1.576417 0.003439 0.0500
205500 -1.585860 0.003826 0.0500
205600 -1.598268 0.004533 0.0500
205700 -1.595347 0.004335 0.0500
205800 -1.581833 0.003633 0.0500
205900 -1.584679 0.003754 0.0500
206000 -1.597612 0.004468 0.0500
206100 -1.599616 0.004601 0.0500
206200 -1.590800 0.004045 0.0500
206300 -1.584559 0.003731 0.0500
206400 -1.588697 0.003926 0.0500
206500 -1.596292 0.004356 0.0500
206600 -1.591194 0.004049 0.0500
206700 -1.591156 0.004042 0.0500
206800 -1.597606 0.004427 0.0500
206900 -1.608056 0.005239 0.0500
207000 -1.626048 0.007428 0.0500
207100 -1.637025 0.009484 0.0500
207200 -1.646142 0.011783 0.0500
207300 -1.640963 0.010351 0.0500
207400 -1.639432 0.009950 0.0500
207500 -1.643198 0.010864 0.0500
207600 -1.635957 0.009117 0.0500
207700 -1.628214 0.007640 0.0500
207800 -1.631415 0.008182 0.0500
207900 -1.638017 0.009501 0.0500
208000 -1.628170 0.007579 0.0500
208100 -1.609346 0.005223 0.0500
208200 -1.609087 0.005192 0.0500
208300 -1.635165 0.008825 0.0500
208400 -1.638953 0.009621 0.0500
208500 -1.611328 0.005370 0.0500
208600 -1.607704 0.005032 0.0500
208700 -1.637744 0.009301 0.0500
208800 -1.655185 0.014318 0.0500
208900 -1.633600 0.008396 0.0500
209000 -1.629463 0.007635 0.0500
209100 -1.664022 0.017926 0.0500
209200 -1.678720 0.026473 0.0500
209300 -1.649774 0.012224 0.0500
209400 -1.633622 0.008260 0.0500
209500 -1.662310 0.016835 0.0500
209600 -1.684992 0.030839 0.0500
209700 -1.662456 0.016690 0.0500
209800 -1.647639 0.011342 0.0500
209900 -1.672062 0.021419 0.0500
210000 -1.690984 0.035461 0.0500
210100 -1.670960 0.020480 0.0500
210200 -1.658822 0.014761 0.0500
210300 -1.685134 0.029745 0.0500
210400 -1.694791 0.038208 0.0500
210500 -1.668513 0.018669 0.0500
210600 -1.664477 0.016689 0.0500
210700 -1.693940 0.036645 0.0500
210800 -1.694298 0.036619 0.0500
210900 -1.666830 0.017368 0.0500
211000 -1.673344 0.020547 0.0500
211100 -1.716705 0.063895 0.0500
211200 -1.720853 0.069316 0.0500
211300 -1.696339 0.036662 0.0500
211400 -1.698885 0.038795 0.0500
211500 -1.723061 0.070275 0.0500
211600 -1.697870 0.036728 0.0500
211700 -1.669798 0.017488 0.0500
211800 -1.691644 0.030752 0.0500
211900 -1.706700 0.045117 0.0500
212000 -1.677671 0.020922 0.0500
212100 -1.662938 0.014324 0.0500
212200 -1.688425 0.027434 0.0500
212300 -1.695030 0.032382 0.0500
212400 -1.667882 0.015899 0.0500
212500 -1.661554 0.013539 0.0500
212600 -1.684433 0.024120 0.0500
212700 -1.689786 0.027574 0.0500
212800 -1.670702 0.016698 0.0500
212900 -1.667904 0.015495 0.0500
213000 -1.685268 0.024093 0.0500
213100 -1.686838 0.024940 0.0500
213200 -1.680972 0.021243 0.0500
213300 -1.682848 0.022174 0.0500
213400 -1.693987 0.029566 0.0500
213500 -1.688198 0.025155 0.0500
213600 -1.664226 0.013576 0.0500
213700 -1.650785 0.009898 0.0500
213800 -1.656225 0.011164 0.0500
213900 -1.650531 0.009785 0.0500
214000 -1.623569 0.005732 0.0500
214100 -1.608664 0.004532 0.0500
214200 -1.618867 0.005284 0.0500
214300 -1.639045 0.007622 0.0500
214400 -1.630494 0.006445 0.0500
214500 -1.610107 0.004597 0.0500
214600 -1.615499 0.004977 0.0500
214700 -1.634643 0.006943 0.0500
214800 -1.634408 0.006898 0.0500
214900 -1.607238 0.004389 0.0500
215000 -1.598870 0.003934 0.0500
215100 -1.619408 0.005258 0.0500
215200 -1.632357 0.006597 0.0500
215300 -1.614899 0.004880 0.0500
215400 -1.603951 0.004171 0.0500
215500 -1.613537 0.004768 0.0500
215600 -1.615542 0.004910 0.0500
215700 -1.600352 0.003970 0.0500
215800 -1.576011 0.003105 0.0500
215900 -1.560893 0.002801 0.0500
216000 -1.557213 0.002744 0.0500
216100 -1.555826 0.002723 0.0500
216200 -1.540737 0.002564 0.0500
216300 -1.532070 0.002513 0.0500
216400 -1.546965 0.002614 0.0500
216500 -1.568210 0.002918 0.0500
216600 -1.557064 0.002730 0.0500
216700 -1.527234 0.002490 0.0500
216800 -1.523867 0.002483 0.0500
216900 -1.546674 0.002602 0.0500
217000 -1.562899 0.002812 0.0500
217100 -1.544064 0.002575 0.0500
217200 -1.520137 0.002475 0.0500
217300 -1.529197 0.002485 0.0500
217400 -1.555951 0.002700 0.0500
217500 -1.550874 0.002635 0.0500
217600 -1.516802 0.002472 0.0500
217700 -1.512020 0.002483 0.0500
217800 -1.534223 0.002497 0.0500
217900 -1.532284 0.002486 0.0500
218000 -1.495765 0.002590 0.0500
218100 -1.484541 0.002735 0.0500
218200 -1.516088 0.002463 0.0500
218300 -1.541142 0.002532 0.0500
218400 -1.520408 0.002455 0.0500
218500 -1.503189 0.002517 0.0500
218600 -1.522740 0.002452 0.0500
218700 -1.539437 0.002514 0.0500
218800 -1.536435 0.002493 0.0500
218900 -1.510753 0.002468 0.0500
219000 -1.507202 0.002483 0.0500
219100 -1.524308 0.002446 0.0500
219200 -1.521878 0.002442 0.0500
219300 -1.500616 0.002524 0.0500
219400 -1.501770 0.002513 0.0500
219500 -1.516848 0.002441 0.0500
219600 -1.519609 0.002436 0.0500
219700 -1.492060 0.002605 0.0500
219800 -1.476603 0.002855 0.0500
219900 -1.487014 0.002669 0.0500
220000 -1.492602 0.002593 0.0500
220100 -1.469410 0.003014 0.0500
220200 -1.445183 0.003895 0.0500
220300 -1.446236 0.003838 0.0500
220400 -1.451491 0.003596 0.0500
220500 -1.444280 0.003929 0.0500
220600 -1.429774 0.004870 0.0500
220700 -1.421101 0.005679 0.0500
220800 -1.436266 0.004381 0.0500
220900 -1.448416 0.003709 0.0500
221000 -1.438604 0.004223 0.0500
221100 -1.424256 0.005329 0.0500
221200 -1.435015 0.004444 0.0500
221300 -1.439944 0.004127 0.0500
221400 -1.432780 0.004591 0.0500
221500 -1.409983 0.007081 0.0500
221600 -1.399317 0.009122 0.0500
221700 -1.422396 0.005464 0.0500
221800 -1.450331 0.003583 0.0500
221900 -1.437992 0.004209 0.0500
222000 -1.407785 0.007387 0.0500
222100 -1.396246 0.009806 0.0500
222200 -1.420816 0.005586 0.0500
222300 -1.444118 0.003844 0.0500
222400 -1.439896 0.004066 0.0500
222500 -1.424646 0.005183 0.0500
222600 -1.437821 0.004178 0.0500
222700 -1.472756 0.002864 0.0500
222800 -1.488238 0.002599 0.0500
222900 -1.472812 0.002858 0.0500
223000 -1.465157 0.003040 0.0500
223100 -1.490481 0.002565 0.0500
223200 -1.505566 0.002438 0.0500
223300 -1.493634 0.002527 0.0500
223400 -1.478896 0.002729 0.0500
223500 -1.502380 0.002451 0.0500
223600 -1.527075 0.002410 0.0500
223700 -1.522046 0.002398 0.0500
223800 -1.500044 0.002463 0.0500
223900 -1.505830 0.002425 0.0500
224000 -1.536982 0.002452 0.0500
224100 -1.539653 0.002470 0.0500
224200 -1.503898 0.002431 0.0500
224300 -1.496824 0.002481 0.0500
224400 -1.533111 0.002423 0.0500
224500 -1.556164 0.002644 0.0500
224600 -1.534393 0.002427 0.0500
224700 -1.522203 0.002383 0.0500
224800 -1.550234 0.002562 0.0500
224900 -1.572190 0.002932 0.0500
225000 -1.545297 0.002505 0.0500
225100 -1.517458 0.002376 0.0500
225200 -1.527059 0.002386 0.0500
225300 -1.556852 0.002641 0.0500
225400 -1.549413 0.002542 0.0500
225500 -1.525411 0.002377 0.0500
225600 -1.526357 0.002377 0.0500
225700 -1.559755 0.002679 0.0500
225800 -1.563214 0.002735 0.0500
225900 -1.541663 0.002457 0.0500
226000 -1.544352 0.002479 0.0500
226100 -1.573910 0.002951 0.0500
226200 -1.580166 0.003112 0.0500
226300 -1.559494 0.002663 0.0500
226400 -1.555359 0.002599 0.0500
226500 -1.576885 0.003016 0.0500
226600 -1.586087 0.003286 0.0500
226700 -1.562897 0.002711 0.0500
226800 -1.552983 0.002560 0.0500
226900 -1.573845 0.002931 0.0500
227000 -1.580516 0.003103 0.0500
227100 -1.566735 0.002773 0.0500
227200 -1.553132 0.002554 0.0500
227300 -1.553113 0.002552 0.0500
227400 -1.558044 0.002618 0.0500
227500 -1.553905 0.002559 0.0500
227600 -1.545335 0.002461 0.0500
227700 -1.552882 0.002542 0.0500
227800 -1.577753 0.003011 0.0500
227900 -1.579526 0.003057 0.0500
228000 -1.556429 0.002584 0.0500
228100 -1.545101 0.002450 0.0500
228200 -1.547002 0.002467 0.0500
228300 -1.548996 0.002486 0.0500
228400 -1.545710 0.002451 0.0500
228500 -1.539777 0.002400 0.0500
228600 -1.536696 0.002378 0.0500
228700 -1.536719 0.002376 0.0500
228800 -1.535955 0.002370 0.0500
228900 -1.535334 0.002365 0.0500
229000 -1.536234 0.002369 0.0500
229100 -1.533721 0.002354 0.0500
229200 -1.539327 0.002385 0.0500
229300 -1.545836 0.002437 0.0500
229400 -1.540304 0.002389 0.0500
229500 -1.520664 0.002317 0.0500
229600 -1.514137 0.002324 0.0500
229700 -1.524502 0.002316 0.0500
229800 -1.532910 0.002340 0.0500
229900 -1.522506 0.002311 0.0500
230000 -1.509411 0.002335 0.0500
230100 -1.514939 0.002315 0.0500
230200 -1.530695 0.002325 0.0500
230300 -1.521559 0.002305 0.0500
230400 -1.497269 0.002413 0.0500
230500 -1.495195 0.002432 0.0500
230600 -1.514873 0.002307 0.0500
230700 -1.518066 0.002301 0.0500
230800 -1.500128 0.002382 0.0500
230900 -1.492178 0.002460 0.0500
231000 -1.502038 0.002363 0.0500
231100 -1.510679 0.002313 0.0500
231200 -1.487834 0.002511 0.0500
231300 -1.464368 0.002991 0.0500
231400 -1.465293 0.002962 0.0500
231500 -1.483937 0.002563 0.0500
231600 -1.492033 0.002450 0.0500
231700 -1.478008 0.002662 0.0500
231800 -1.468295 0.002875 0.0500
231900 -1.481175 0.002601 0.0500
232000 -1.490875 0.002457 0.0500
232100 -1.477199 0.002670 0.0500
232200 -1.459910 0.003105 0.0500
232300 -1.463749 0.002986 0.0500
232400 -1.474434 0.002720 0.0500
232500 -1.480516 0.002601 0.0500
232600 -1.462204 0.003025 0.0500
232700 -1.443270 0.003775 0.0500
232800 -1.445165 0.003676 0.0500
232900 -1.457690 0.003160 0.0500
233000 -1.450617 0.003423 0.0500
233100 -1.434139 0.004306 0.0500
233200 -1.437517 0.004081 0.0500
233300 -1.464343 0.002943 0.0500
233400 -1.474020 0.002706 0.0500
233500 -1.450245 0.003423 0.0500
233600 -1.424499 0.005064 0.0500
233700 -1.429494 0.004624 0.0500
233800 -1.445463 0.003625 0.0500
233900 -1.435182 0.004201 0.0500
234000 -1.409420 0.006897 0.0500
234100 -1.412922 0.006361 0.0500
234200 -1.452967 0.003287 0.0500
234300 -1.476018 0.002646 0.0500
234400 -1.452533 0.003298 0.0500
234500 -1.421495 0.005307 0.0500
234600 -1.427795 0.004714 0.0500
234700 -1.454824 0.003202 0.0500
234800 -1.455242 0.003185 0.0500
234900 -1.431307 0.004424 0.0500
235000 -1.428779 0.004614 0.0500
235100 -1.445734 0.003561 0.0500
235200 -1.449286 0.003400 0.0500
235300 -1.419041 0.005525 0.0500
235400 -1.400944 0.008362 0.0500
235500 -1.410893 0.006557 0.0500
235600 -1.419973 0.005393 0.0500
235700 -1.412898 0.006248 0.0500
235800 -1.396282 0.009386 0.0500
235900 -1.392928 0.010265 0.0500
236000 -1.412792 0.006220 0.0500
236100 -1.428710 0.004539 0.0500
236200 -1.424685 0.004872 0.0500
236300 -1.406823 0.007106 0.0500
236400 -1.402830 0.007822 0.0500
236500 -1.405877 0.007240 0.0500
236600 -1.403396 0.007680 0.0500
236700 -1.389290 0.011217 0.0500
236800 -1.372544 0.018667 0.0500
236900 -1.373389 0.018077 0.0500
237000 -1.380316 0.014476 0.0500
237100 -1.369452 0.020323 0.0500
237200 -1.353932 0.033451 0.0500
237300 -1.337535 0.055268 0.0500
237400 -1.349590 0.037525 0.0500
237500 -1.367619 0.020771 0.0500
237600 -1.334367 0.058844 0.0500
237700 -1.312226 0.102518 0.0500
237800 -1.341506 0.045666 0.0500
237900 -1.358696 0.026333 0.0500
238000 -1.329682 0.063183 0.0500
238100 -1.318579 0.083055 0.0500
238200 -1.352631 0.030622 0.0500
238300 -1.361231 0.023191 0.0500
238400 -1.332149 0.055892 0.0500
238500 -1.328932 0.060213 0.0500
238600 -1.371359 0.016451 0.0500
238700 -1.381039 0.012327 0.0500
238800 -1.355077 0.026953 0.0500
238900 -1.348165 0.033144 0.0500
239000 -1.378052 0.013193 0.0500
239100 -1.393299 0.008680 0.0500
239200 -1.389506 0.009551 0.0500
239300 -1.377526 0.013281 0.0500
239400 -1.390756 0.009186 0.0500
239500 -1.415577 0.005244 0.0500
239600 -1.423253 0.004568 0.0500
239700 -1.406955 0.006221 0.0500
239800 -1.405616 0.006393 0.0500
239900 -1.423882 0.004500 0.0500
240000 -1.440617 0.003531 0.0500
240100 -1.434954 0.003799 0.0500
240200 -1.414329 0.005321 0.0500
240300 -1.410107 0.005778 0.0500
240400 -1.428128 0.004179 0.0500
240500 -1.428139 0.004173 0.0500
240600 -1.418570 0.004890 0.0500
240700 -1.427671 0.004193 0.0500
240800 -1.447184 0.003240 0.0500
240900 -1.451837 0.003083 0.0500
241000 -1.442810 0.003401 0.0500
241100 -1.449384 0.003156 0.0500
241200 -1.463895 0.002758 0.0500
241300 -1.467737 0.002675 0.0500
241400 -1.457660 0.002904 0.0500
241500 -1.457049 0.002917 0.0500
241600 -1.467528 0.002673 0.0500
241700 -1.471388 0.002599 0.0500
241800 -1.457410 0.002901 0.0500
241900 -1.455436 0.002952 0.0500
242000 -1.466699 0.002681 0.0500
242100 -1.462784 0.002763 0.0500
242200 -1.440869 0.003451 0.0500
242300 -1.425755 0.004273 0.0500
242400 -1.432156 0.003870 0.0500
242500 -1.440281 0.003465 0.0500
242600 -1.441551 0.003408 0.0500
242700 -1.439956 0.003473 0.0500
242800 -1.439049 0.003510 0.0500
242900 -1.443229 0.003330 0.0500
243000 -1.444398 0.003282 0.0500
243100 -1.446030 0.003218 0.0500
243200 -1.441466 0.003392 0.0500
243300 -1.429112 0.004015 0.0500
243400 -1.430557 0.003924 0.0500
243500 -1.440090 0.003440 0.0500
243600 -1.437145 0.003570 0.0500
243700 -1.418450 0.004781 0.0500
243800 -1.407990 0.005878 0.0500
243900 -1.418319 0.004779 0.0500
244000 -1.425874 0.004190 0.0500
244100 -1.422507 0.004426 0.0500
244200 -1.420962 0.004540 0.0500
244300 -1.425178 0.004222 0.0500
244400 -1.430114 0.003903 0.0500
244500 -1.434922 0.003639 0.0500
244600 -1.435003 0.003631 0.0500
244700 -1.433688 0.003695 0.0500
244800 -1.433846 0.003683 0.0500
244900 -1.438526 0.003455 0.0500
245000 -1.437014 0.003520 0.0500
245100 -1.441977 0.003303 0.0500
245200 -1.443317 0.003248 0.0500
245300 -1.437467 0.003489 0.0500
245400 -1.444543 0.003196 0.0500
245500 -1.464481 0.002648 0.0500
245600 -1.468398 0.002572 0.0500
245700 -1.460956 0.002718 0.0500
245800 -1.464950 0.002632 0.0500
245900 -1.471397 0.002516 0.0500
246000 -1.467915 0.002573 0.0500
246100 -1.454151 0.002877 0.0500
246200 -1.458071 0.002775 0.0500
246300 -1.460615 0.002713 0.0500
246400 -1.462048 0.002680 0.0500
246500 -1.472307 0.002490 0.0500
246600 -1.489748 0.002286 0.0500
246700 -1.494997 0.002248 0.0500
246800 -1.492823 0.002261 0.0500
246900 -1.496595 0.002236 0.0500
247000 -1.501703 0.002211 0.0500
247100 -1.499720 0.002218 0.0500
247200 -1.509089 0.002190 0.0500
247300 -1.525327 0.002211 0.0500
247400 -1.525862 0.002212 0.0500
247500 -1.532717 0.002248 0.0500
247600 -1.544303 0.002345 0.0500
247700 -1.540572 0.002306 0.0500
247800 -1.524406 0.002201 0.0500
247900 -1.514387 0.002179 0.0500
248000 -1.516639 0.002179 0.0500
248100 -1.518773 0.002181 0.0500
248200 -1.514314 0.002175 0.0500
248300 -1.509725 0.002175 0.0500
248400 -1.522381 0.002186 0.0500
248500 -1.535548 0.002254 0.0500
248600 -1.532578 0.002232 0.0500
248700 -1.533441 0.002236 0.0500
248800 -1.546195 0.002350 0.0500
248900 -1.553723 0.002444 0.0500
249000 -1.545836 0.002342 0.0500
249100 -1.539084 0.002274 0.0500
249200 -1.547723 0.002361 0.0500
249300 -1.570831 0.002752 0.0500
249400 -1.581907 0.003046 0.0500
249500 -1.562754 0.002582 0.0500
249600 -1.554157 0.002439 0.0500
249700 -1.570787 0.002743 0.0500
249800 -1.566219 0.002643 0.0500
249900 -1.543809 0.002307 0.0500
250000 -1.543918 0.002307 0.0500
250100 -1.562700 0.002570 0.0500
250200 -1.575194 0.002841 0.0500
250300 -1.572667 0.002776 0.0500
250400 -1.571491 0.002746 0.0500
250500 -1.585377 0.003135 0.0500
250600 -1.592634 0.003402 0.0500
250700 -1.574430 0.002810 0.0500
250800 -1.560912 0.002525 0.0500
250900 -1.568449 0.002668 0.0500
251000 -1.585525 0.003128 0.0500
251100 -1.590701 0.003312 0.0500
251200 -1.580206 0.002955 0.0500
251300 -1.567471 0.002639 0.0500
251400 -1.570213 0.002695 0.0500
251500 -1.579716 0.002934 0.0500
251600 -1.581687 0.002990 0.0500
251700 -1.571508 0.002718 0.0500
251800 -1.577464 0.002865 0.0500
251900 -1.595748 0.003501 0.0500
252000 -1.597576 0.003581 0.0500
252100 -1.574455 0.002779 0.0500
252200 -1.552512 0.002372 0.0500
252300 -1.557802 0.002446 0.0500
252400 -1.568333 0.002634 0.0500
252500 -1.554446 0.002394 0.0500
252600 -1.542643 0.002257 0.0500
252700 -1.544821 0.002276 0.0500
252800 -1.550507 0.002338 0.0500
252900 -1.544003 0.002265 0.0500
253000 -1.526445 0.002148 0.0500
253100 -1.519289 0.002130 0.0500
253200 -1.520522 0.002130 0.0500
253300 -1.518218 0.002126 0.0500
253400 -1.506654 0.002136 0.0500
253500 -1.500343 0.002160 0.0500
253600 -1.501454 0.002153 0.0500
253700 -1.504492 0.002139 0.0500
253800 -1.489377 0.002232 0.0500
253900 -1.473400 0.002425 0.0500
254000 -1.480933 0.002318 0.0500
254100 -1.493103 0.002197 0.0500
254200 -1.484972 0.002269 0.0500
254300 -1.463078 0.002608 0.0500
254400 -1.453360 0.002846 0.0500
254500 -1.459157 0.002693 0.0500
254600 -1.459746 0.002677 0.0500
254700 -1.440092 0.003301 0.0500
254800 -1.418932 0.004587 0.0500
254900 -1.422446 0.004300 0.0500
255000 -1.435997 0.003475 0.0500
255100 -1.434333 0.003554 0.0500
255200 -1.407225 0.005794 0.0500
255300 -1.377983 0.012477 0.0500
255400 -1.385925 0.009872 0.0500
255500 -1.416033 0.004794 0.0500
255600 -1.418491 0.004569 0.0500
255700 -1.390414 0.008679 0.0500
255800 -1.379205 0.011905 0.0500
255900 -1.395607 0.007529 0.0500
256000 -1.405772 0.005885 0.0500
256100 -1.392940 0.008038 0.0500
256200 -1.377394 0.012456 0.0500
256300 -1.380238 0.011404 0.0500
256400 -1.389962 0.008628 0.0500
256500 -1.387155 0.009298 0.0500
256600 -1.367829 0.016548 0.0500
256700 -1.360445 0.020851 0.0500
256800 -1.374562 0.013282 0.0500
256900 -1.375761 0.012758 0.0500
257000 -1.367688 0.016332 0.0500
257100 -1.356816 0.023043 0.0500
257200 -1.359719 0.020844 0.0500
257300 -1.366906 0.016465 0.0500
257400 -1.362787 0.018689 0.0500
257500 -1.353676 0.024958 0.0500
257600 -1.357434 0.021942 0.0500
257700 -1.380107 0.010762 0.0500
257800 -1.393131 0.007502 0.0500
257900 -1.392572 0.007595 0.0500
258000 -1.384840 0.009333 0.0500
258100 -1.387137 0.008735 0.0500
258200 -1.397811 0.006616 0.0500
258300 -1.407211 0.005337 0.0500
258400 -1.406936 0.005360 0.0500
258500 -1.402726 0.005869 0.0500
258600 -1.407955 0.005230 0.0500
258700 -1.420131 0.004147 0.0500
258800 -1.431631 0.003472 0.0500
258900 -1.441748 0.003057 0.0500
259000 -1.445744 0.002925 0.0500
259100 -1.447027 0.002884 0.0500
259200 -1.443908 0.002978 0.0500
259300 -1.440993 0.003073 0.0500
259400 -1.453099 0.002716 0.0500
259500 -1.472774 0.002352 0.0500
259600 -1.482660 0.002236 0.0500
259700 -1.486048 0.002204 0.0500
259800 -1.487043 0.002195 0.0500
259900 -1.487043 0.002193 0.0500
260000 -1.481973 0.002237 0.0500
260100 -1.478433 0.002273 0.0500
260200 -1.486730 0.002192 0.0500
260300 -1.492510 0.002149 0.0500
260400 -1.492404 0.002148 0.0500
260500 -1.496870 0.002122 0.0500
260600 -1.512103 0.002082 0.0500
260700 -1.516067 0.002083 0.0500
260800 -1.521000 0.002091 0.0500
260900 -1.525211 0.002103 0.0500
261000 -1.524290 0.002098 0.0500
261100 -1.513196 0.002076 0.0500
261200 -1.513144 0.002075 0.0500
261300 -1.522298 0.002088 0.0500
261400 -1.525062 0.002096 0.0500
261500 -1.511345 0.002072 0.0500
261600 -1.500651 0.002093 0.0500
261700 -1.516031 0.002071 0.0500
261800 -1.545618 0.002241 0.0500
261900 -1.542286 0.002206 0.0500
262000 -1.521549 0.002078 0.0500
262100 -1.516938 0.002067 0.0500
262200 -1.534615 0.002139 0.0500
262300 -1.539943 0.002179 0.0500
262400 -1.515313 0.002062 0.0500
262500 -1.500136 0.002085 0.0500
262600 -1.522834 0.002075 0.0500
262700 -1.554378 0.002341 0.0500
262800 -1.543235 0.002204 0.0500
262900 -1.511786 0.002056 0.0500
263000 -1.520008 0.002062 0.0500
263100 -1.560273 0.002429 0.0500
263200 -1.552588 0.002310 0.0500
263300 -1.512696 0.002052 0.0500
263400 -1.520936 0.002060 0.0500
263500 -1.568490 0.002582 0.0500
263600 -1.575408 0.002744 0.0500
263700 -1.537410 0.002141 0.0500
263800 -1.520929 0.002056 0.0500
263900 -1.548472 0.002248 0.0500
264000 -1.558191 0.002382 0.0500
264100 -1.532487 0.002102 0.0500
264200 -1.526565 0.002070 0.0500
264300 -1.564499 0.002490 0.0500
264400 -1.585694 0.003040 0.0500
264500 -1.563726 0.002471 0.0500
264600 -1.538485 0.002139 0.0500
264700 -1.547091 0.002221 0.0500
264800 -1.565281 0.002497 0.0500
264900 -1.549628 0.002248 0.0500
265000 -1.521141 0.002044 0.0500
265100 -1.524559 0.002052 0.0500
265200 -1.549802 0.002246 0.0500
265300 -1.564630 0.002477 0.0500
265400 -1.543252 0.002171 0.0500
265500 -1.534099 0.002095 0.0500
265600 -1.554011 0.002297 0.0500
265700 -1.561059 0.002406 0.0500
265800 -1.538309 0.002122 0.0500
265900 -1.530055 0.002067 0.0500
266000 -1.539314 0.002128 0.0500
266100 -1.558619 0.002360 0.0500
266200 -1.560056 0.002382 0.0500
266300 -1.543461 0.002161 0.0500
266400 -1.544007 0.002165 0.0500
266500 -1.569045 0.002551 0.0500
266600 -1.569857 0.002567 0.0500
266700 -1.545332 0.002175 0.0500
266800 -1.536353 0.002095 0.0500
266900 -1.547079 0.002191 0.0500
267000 -1.544884 0.002166 0.0500
267100 -1.527163 0.002040 0.0500
267200 -1.520676 0.002019 0.0500
267300 -1.531641 0.002059 0.0500
267400 -1.534430 0.002074 0.0500
267500 -1.524405 0.002025 0.0500
267600 -1.511673 0.002010 0.0500
267700 -1.504791 0.002023 0.0500
267800 -1.509393 0.002011 0.0500
267900 -1.517222 0.002006 0.0500
268000 -1.510267 0.002007 0.0500
268100 -1.505580 0.002016 0.0500
268200 -1.522204 0.002011 0.0500
268300 -1.540262 0.002109 0.0500
268400 -1.528939 0.002033 0.0500
268500 -1.509486 0.002003 0.0500
268600 -1.510528 0.002000 0.0500
268700 -1.519644 0.002000 0.0500
268800 -1.512040 0.001996 0.0500
268900 -1.501560 0.002021 0.0500
269000 -1.506221 0.002004 0.0500
269100 -1.529052 0.002026 0.0500
269200 -1.536341 0.002068 0.0500
269300 -1.517200 0.001991 0.0500
269400 -1.507613 0.001997 0.0500
269500 -1.523301 0.002000 0.0500
269600 -1.542746 0.002118 0.0500
269700 -1.535598 0.002057 0.0500
269800 -1.529086 0.002018 0.0500
269900 -1.548627 0.002177 0.0500
270000 -1.567447 0.002481 0.0500
270100 -1.568017 0.002491 0.0500
270200 -1.562566 0.002382 0.0500
270300 -1.576748 0.002699 0.0500
270400 -1.602810 0.003723 0.0500
270500 -1.600019 0.003571 0.0500
270600 -1.578112 0.002729 0.0500
270700 -1.580966 0.002810 0.0500
270800 -1.598572 0.003490 0.0500
270900 -1.603294 0.003733 0.0500
271000 -1.589721 0.003100 0.0500
271100 -1.590930 0.003145 0.0500
271200 -1.608970 0.004065 0.0500
271300 -1.612603 0.004309 0.0500
271400 -1.598977 0.003489 0.0500
271500 -1.590853 0.003129 0.0500
271600 -1.597098 0.003393 0.0500
271700 -1.602300 0.003650 0.0500
271800 -1.597496 0.003405 0.0500
271900 -1.594949 0.003287 0.0500
272000 -1.611911 0.004231 0.0500
272100 -1.633901 0.006380 0.0500
272200 -1.624269 0.005258 0.0500
272300 -1.615089 0.004446 0.0500
272400 -1.629130 0.005764 0.0500
272500 -1.643951 0.007884 0.0500
272600 -1.633748 0.006308 0.0500
272700 -1.615606 0.004457 0.0500
272800 -1.611661 0.004165 0.0500
272900 -1.605854 0.003793 0.0500
273000 -1.597750 0.003369 0.0500
273100 -1.592226 0.003129 0.0500
273200 -1.606250 0.003805 0.0500
273300 -1.618461 0.004658 0.0500
273400 -1.612811 0.004219 0.0500
273500 -1.599520 0.003434 0.0500
273600 -1.599684 0.003439 0.0500
273700 -1.608245 0.003905 0.0500
273800 -1.602600 0.003579 0.0500
273900 -1.592882 0.003130 0.0500
274000 -1.601772 0.003529 0.0500
274100 -1.614157 0.004286 0.0500
274200 -1.623006 0.005018 0.0500
274300 -1.629104 0.005641 0.0500
274400 -1.630327 0.005772 0.0500
274500 -1.627506 0.005447 0.0500
274600 -1.626024 0.005283 0.0500
274700 -1.630014 0.005710 0.0500
274800 -1.632684 0.006021 0.0500
274900 -1.625646 0.005220 0.0500
275000 -1.619159 0.004618 0.0500
275100 -1.617365 0.004466 0.0500
275200 -1.618704 0.004568 0.0500
275300 -1.611671 0.004043 0.0500
275400 -1.614099 0.004206 0.0500
275500 -1.620419 0.004696 0.0500
275600 -1.614204 0.004203 0.0500
275700 -1.601184 0.003427 0.0500
275800 -1.595094 0.003152 0.0500
275900 -1.594721 0.003134 0.0500
276000 -1.591670 0.003014 0.0500
276100 -1.586679 0.002840 0.0500
276200 -1.583642 0.002745 0.0500
276300 -1.581837 0.002691 0.0500
276400 -1.594780 0.003124 0.0500
276500 -1.596663 0.003199 0.0500
276600 -1.584133 0.002750 0.0500
276700 -1.567982 0.002367 0.0500
276800 -1.560969 0.002249 0.0500
276900 -1.560797 0.002245 0.0500
277000 -1.565073 0.002311 0.0500
277100 -1.570030 0.002400 0.0500
277200 -1.573439 0.002469 0.0500
277300 -1.577225 0.002554 0.0500
277400 -1.573796 0.002473 0.0500
277500 -1.569608 0.002385 0.0500
277600 -1.573423 0.002462 0.0500
277700 -1.566566 0.002326 0.0500
277800 -1.550221 0.002100 0.0500
277900 -1.545258 0.002053 0.0500
278000 -1.552000 0.002117 0.0500
278100 -1.547521 0.002071 0.0500
278200 -1.536632 0.001990 0.0500
278300 -1.543161 0.002031 0.0500
278400 -1.561999 0.002242 0.0500
278500 -1.569265 0.002365 0.0500
278600 -1.563029 0.002255 0.0500
278700 -1.560239 0.002212 0.0500
278800 -1.558767 0.002190 0.0500
278900 -1.553066 0.002117 0.0500
279000 -1.538761 0.001993 0.0500
279100 -1.515667 0.001935 0.0500
279200 -1.503264 0.001969 0.0500
279300 -1.514570 0.001934 0.0500
279400 -1.528830 0.001944 0.0500
279500 -1.523366 0.001932 0.0500
279600 -1.514032 0.001931 0.0500
279700 -1.513387 0.001931 0.0500
279800 -1.521639 0.001927 0.0500
279900 -1.508745 0.001940 0.0500
280000 -1.498357 0.001987 0.0500
280100 -1.507458 0.001942 0.0500
280200 -1.520653 0.001922 0.0500
280300 -1.524377 0.001925 0.0500
280400 -1.528024 0.001932 0.0500
280500 -1.536022 0.001963 0.0500
280600 -1.542588 0.002004 0.0500
280700 -1.536508 0.001963 0.0500
280800 -1.518543 0.001916 0.0500
280900 -1.517930 0.001915 0.0500
281000 -1.523056 0.001916 0.0500
281100 -1.532017 0.001938 0.0500
281200 -1.528722 0.001926 0.0500
281300 -1.521872 0.001912 0.0500
281400 -1.520065 0.001910 0.0500
281500 -1.509811 0.001921 0.0500
281600 -1.508453 0.001924 0.0500
281700 -1.515136 0.001909 0.0500
281800 -1.524738 0.001910 0.0500
281900 -1.526884 0.001914 0.0500
282000 -1.514662 0.001906 0.0500
282100 -1.503423 0.001939 0.0500
282200 -1.515245 0.001904 0.0500
282300 -1.527551 0.001912 0.0500
282400 -1.510603 0.001910 0.0500
282500 -1.481912 0.002110 0.0500
282600 -1.477841 0.002160 0.0500
282700 -1.505190 0.001926 0.0500
282800 -1.515182 0.001898 0.0500
282900 -1.493814 0.001991 0.0500
283000 -1.481854 0.002105 0.0500
283100 -1.508133 0.001911 0.0500
283200 -1.529755 0.001910 0.0500
283300 -1.512719 0.001897 0.0500
283400 -1.488512 0.002031 0.0500
283500 -1.502119 0.001932 0.0500
283600 -1.539635 0.001956 0.0500
283700 -1.543564 0.001984 0.0500
283800 -1.518356 0.001886 0.0500
283900 -1.519894 0.001885 0.0500
284000 -1.539492 0.001951 0.0500
284100 -1.539748 0.001952 0.0500
284200 -1.516382 0.001883 0.0500
284300 -1.509518 0.001895 0.0500
284400 -1.518627 0.001880 0.0500
284500 -1.520060 0.001880 0.0500
284600 -1.499893 0.001934 0.0500
284700 -1.492880 0.001982 0.0500
284800 -1.507601 0.001896 0.0500
284900 -1.515593 0.001877 0.0500
285000 -1.494844 0.001963 0.0500
285100 -1.484276 0.002059 0.0500
285200 -1.497907 0.001940 0.0500
285300 -1.502043 0.001915 0.0500
285400 -1.490763 0.001992 0.0500
285500 -1.477596 0.002136 0.0500
285600 -1.491840 0.001981 0.0500
285700 -1.502118 0.001910 0.0500
285800 -1.493805 0.001963 0.0500
285900 -1.485274 0.002039 0.0500
286000 -1.484844 0.002043 0.0500
286100 -1.497136 0.001935 0.0500
286200 -1.490167 0.001988 0.0500
286300 -1.478291 0.002118 0.0500
286400 -1.479063 0.002106 0.0500
286500 -1.495702 0.001941 0.0500
286600 -1.508740 0.001875 0.0500
286700 -1.507818 0.001877 0.0500
286800 -1.516515 0.001859 0.0500
286900 -1.535587 0.001905 0.0500
287000 -1.538774 0.001923 0.0500
287100 -1.524262 0.001861 0.0500
287200 -1.531116 0.001880 0.0500
287300 -1.563711 0.002202 0.0500
287400 -1.573625 0.002393 0.0500
287500 -1.563165 0.002190 0.0500
287600 -1.560588 0.002148 0.0500
287700 -1.583193 0.002634 0.0500
287800 -1.601315 0.003327 0.0500
287900 -1.590652 0.002873 0.0500
288000 -1.580917 0.002563 0.0500
288100 -1.591306 0.002892 0.0500
288200 -1.599093 0.003211 0.0500
288300 -1.598412 0.003177 0.0500
288400 -1.592526 0.002930 0.0500
288500 -1.606824 0.003600 0.0500
288600 -1.625538 0.005031 0.0500
288700 -1.628655 0.005351 0.0500
288800 -1.623569 0.004826 0.0500
288900 -1.627485 0.005210 0.0500
289000 -1.641147 0.006985 0.0500
289100 -1.647118 0.008014 0.0500
289200 -1.638363 0.006533 0.0500
289300 -1.637403 0.006383 0.0500
289400 -1.656294 0.009981 0.0500
289500 -1.662703 0.011732 0.0500
289600 -1.647854 0.008062 0.0500
289700 -1.628631 0.005248 0.0500
289800 -1.642799 0.007132 0.0500
289900 -1.659957 0.010834 0.0500
290000 -1.644697 0.007418 0.0500
290100 -1.636356 0.006129 0.0500
290200 -1.649002 0.008186 0.0500
290300 -1.654312 0.009305 0.0500
290400 -1.636277 0.006079 0.0500
290500 -1.625143 0.004820 0.0500
290600 -1.629633 0.005266 0.0500
290700 -1.631547 0.005471 0.0500
290800 -1.626140 0.004894 0.0500
290900 -1.618754 0.004249 0.0500
291000 -1.622312 0.004533 0.0500
291100 -1.630319 0.005305 0.0500
291200 -1.636194 0.006001 0.0500
291300 -1.632995 0.005592 0.0500
291400 -1.635176 0.005851 0.0500
291500 -1.641592 0.006738 0.0500
291600 -1.638721 0.006303 0.0500
291700 -1.624026 0.004633 0.0500
291800 -1.617024 0.004066 0.0500
291900 -1.619141 0.004218 0.0500
292000 -1.610359 0.003624 0.0500
292100 -1.590793 0.002752 0.0500
292200 -1.580163 0.002451 0.0500
292300 -1.575459 0.002343 0.0500
292400 -1.568071 0.002203 0.0500
292500 -1.557651 0.002051 0.0500
292600 -1.535091 0.001868 0.0500
292700 -1.510457 0.001849 0.0500
292800 -1.503553 0.001875 0.0500
292900 -1.515056 0.001837 0.0500
293000 -1.507993 0.001854 0.0500
293100 -1.488655 0.001981 0.0500
293200 -1.479666 0.002081 0.0500
293300 -1.482644 0.002043 0.0500
293400 -1.486158 0.002003 0.0500
293500 -1.475528 0.002134 0.0500
293600 -1.452559 0.002589 0.0500
293700 -1.448638 0.002698 0.0500
293800 -1.459758 0.002412 0.0500
293900 -1.472459 0.002174 0.0500
294000 -1.470458 0.002205 0.0500
294100 -1.471167 0.002192 0.0500
294200 -1.467427 0.002254 0.0500
294300 -1.477102 0.002101 0.0500
294400 -1.485684 0.001996 0.0500
294500 -1.481976 0.002037 0.0500
294600 -1.472151 0.002170 0.0500
294700 -1.481268 0.002043 0.0500
294800 -1.497445 0.001891 0.0500
294900 -1.495804 0.001902 0.0500
295000 -1.473370 0.002147 0.0500
295100 -1.470654 0.002188 0.0500
295200 -1.486030 0.001984 0.0500
295300 -1.497972 0.001883 0.0500
295400 -1.482988 0.002015 0.0500
295500 -1.472473 0.002155 0.0500
295600 -1.492810 0.001917 0.0500
295700 -1.520270 0.001812 0.0500
295800 -1.515479 0.001813 0.0500
295900 -1.501292 0.001858 0.0500
296000 -1.505619 0.001836 0.0500
296100 -1.523517 0.001811 0.0500
296200 -1.533951 0.001839 0.0500
296300 -1.516296 0.001808 0.0500
296400 -1.505011 0.001835 0.0500
296500 -1.522527 0.001806 0.0500
296600 -1.533349 0.001833 0.0500
296700 -1.523497 0.001805 0.0500
296800 -1.505018 0.001832 0.0500
296900 -1.507737 0.001820 0.0500
297000 -1.525261 0.001805 0.0500
297100 -1.528194 0.001811 0.0500
297200 -1.510898 0.001808 0.0500
297300 -1.501688 0.001843 0.0500
297400 -1.514414 0.001800 0.0500
297500 -1.518945 0.001796 0.0500
297600 -1.504396 0.001827 0.0500
297700 -1.503965 0.001828 0.0500
297800 -1.523438 0.001796 0.0500
297900 -1.531022 0.001813 0.0500
298000 -1.512395 0.001798 0.0500
298100 -1.504306 0.001823 0.0500
298200 -1.516448 0.001790 0.0500
298300 -1.519091 0.001788 0.0500
298400 -1.512013 0.001795 0.0500
298500 -1.504009 0.001821 0.0500
298600 -1.512593 0.001792 0.0500
298700 -1.525935 0.001792 0.0500
298800 -1.516490 0.001785 0.0500
298900 -1.501503 0.001830 0.0500
299000 -1.494732 0.001873 0.0500
299100 -1.512977 0.001787 0.0500
299200 -1.519740 0.001781 0.0500
299300 -1.497955 0.001847 0.0500
299400 -1.485680 0.001951 0.0500
299500 -1.506126 0.001803 0.0500
299600 -1.522674 0.001779 0.0500
299700 -1.506325 0.001801 0.0500
299800 -1.479599 0.002019 0.0500
299900 -1.480991 0.002000 0.0500
