# step cv h sig
0 -1.483269 0.239006 0.0500
100 -1.465725 0.224452 0.0500
200 -1.458670 0.211698 0.0500
300 -1.483947 0.200112 0.0500
400 -1.507011 0.197312 0.0500
500 -1.500739 0.184081 0.0500
600 -1.486519 0.171669 0.0500
700 -1.482787 0.163481 0.0500
800 -1.487596 0.156443 0.0500
900 -1.476144 0.150195 0.0500
1000 -1.450621 0.156742 0.0500
1100 -1.441651 0.157551 0.0500
1200 -1.470474 0.134569 0.0500
1300 -1.487017 0.130208 0.0500
1400 -1.473303 0.124711 0.0500
1500 -1.449685 0.131473 0.0500
1600 -1.439017 0.136188 0.0500
1700 -1.437657 0.132442 0.0500
1800 -1.423715 0.143061 0.0500
1900 -1.413191 0.150681 0.0500
2000 -1.426585 0.128786 0.0500
2100 -1.453411 0.105010 0.0500
2200 -1.476794 0.100647 0.0500
2300 -1.478975 0.098477 0.0500
2400 -1.470355 0.094196 0.0500
2500 -1.470071 0.091730 0.0500
2600 -1.476270 0.090293 0.0500
2700 -1.493039 0.095875 0.0500
2800 -1.521887 0.124600 0.0500
2900 -1.539741 0.147506 0.0500
3000 -1.524720 0.119523 0.0500
3100 -1.521987 0.112094 0.0500
3200 -1.537731 0.130106 0.0500
3300 -1.536847 0.124195 0.0500
3400 -1.520430 0.099836 0.0500
3500 -1.527559 0.104987 0.0500
3600 -1.570452 0.164253 0.0500
3700 -1.589549 0.183773 0.0500
3800 -1.578085 0.159819 0.0500
3900 -1.578232 0.153023 0.0500
4000 -1.603618 0.176767 0.0500
4100 -1.608044 0.172982 0.0500
4200 -1.579717 0.136288 0.0500
4300 -1.579020 0.130526 0.0500
4400 -1.610419 0.157244 0.0500
4500 -1.616953 0.157301 0.0500
4600 -1.603268 0.137361 0.0500
4700 -1.612349 0.140529 0.0500
4800 -1.641289 0.166109 0.0500
4900 -1.644597 0.162314 0.0500
5000 -1.612920 0.125635 0.0500
5100 -1.606806 0.117116 0.0500
5200 -1.624644 0.126732 0.0500
5300 -1.624075 0.121840 0.0500
5400 -1.590451 0.099013 0.0500
5500 -1.584912 0.094522 0.0500
5600 -1.613265 0.104858 0.0500
5700 -1.625805 0.111258 0.0500
5800 -1.599111 0.091963 0.0500
5900 -1.570136 0.083234 0.0500
6000 -1.567812 0.081009 0.0500
6100 -1.568094 0.079231 0.0500
6200 -1.549174 0.075183 0.0500
6300 -1.520581 0.069206 0.0500
6400 -1.515147 0.067063 0.0500
6500 -1.528938 0.068010 0.0500
6600 -1.544873 0.069410 0.0500
6700 -1.530524 0.065759 0.0500
6800 -1.504890 0.061703 0.0500
6900 -1.493172 0.060848 0.0500
7000 -1.492793 0.059851 0.0500
7100 -1.480423 0.060881 0.0500
7200 -1.453136 0.073340 0.0500
7300 -1.447850 0.076141 0.0500
7400 -1.460480 0.065540 0.0500
7500 -1.463595 0.062685 0.0500
7600 -1.446136 0.073486 0.0500
7700 -1.427333 0.092424 0.0500
7800 -1.415023 0.107470 0.0500
7900 -1.411150 0.110217 0.0500
8000 -1.412512 0.104822 0.0500
8100 -1.413808 0.099934 0.0500
8200 -1.416458 0.093582 0.0500
8300 -1.424349 0.081627 0.0500
8400 -1.431516 0.072522 0.0500
8500 -1.431758 0.070846 0.0500
8600 -1.448814 0.057451 0.0500
8700 -1.456821 0.052978 0.0500
8800 -1.443137 0.058958 0.0500
8900 -1.428778 0.069151 0.0500
9000 -1.438039 0.060270 0.0500
9100 -1.455800 0.050094 0.0500
9200 -1.460076 0.048090 0.0500
9300 -1.450737 0.050688 0.0500
9400 -1.453804 0.048758 0.0500
9500 -1.476932 0.044025 0.0500
9600 -1.499667 0.046213 0.0500
9700 -1.499390 0.045557 0.0500
9800 -1.489599 0.043237 0.0500
9900 -1.493057 0.043224 0.0500
10000 -1.518970 0.049590 0.0500
10100 -1.537306 0.055475 0.0500
10200 -1.527262 0.051030 0.0500
10300 -1.520924 0.048164 0.0500
10400 -1.542322 0.054979 0.0500
10500 -1.567635 0.063127 0.0500
10600 -1.555191 0.057693 0.0500
10700 -1.533397 0.049569 0.0500
10800 -1.557710 0.056916 0.0500
10900 -1.583004 0.065546 0.0500
11000 -1.565145 0.057574 0.0500
11100 -1.547213 0.051044 0.0500
11200 -1.570048 0.057592 0.0500
11300 -1.594976 0.067697 0.0500
11400 -1.575671 0.057704 0.0500
11500 -1.555315 0.050481 0.0500
11600 -1.584088 0.059390 0.0500
11700 -1.619272 0.081964 0.0500
11800 -1.607688 0.070411 0.0500
11900 -1.583469 0.056136 0.0500
12000 -1.597551 0.061702 0.0500
12100 -1.626741 0.084018 0.0500
12200 -1.618464 0.073947 0.0500
12300 -1.588798 0.054512 0.0500
12400 -1.586971 0.053017 0.0500
12500 -1.606893 0.061909 0.0500
12600 -1.602365 0.058166 0.0500
12700 -1.575447 0.047470 0.0500
12800 -1.569853 0.045709 0.0500
12900 -1.592156 0.051232 0.0500
13000 -1.591787 0.050362 0.0500
13100 -1.574438 0.044822 0.0500
13200 -1.562325 0.042335 0.0500
13300 -1.572526 0.043395 0.0500
13400 -1.579958 0.044430 0.0500
13500 -1.566752 0.041437 0.0500
13600 -1.555735 0.039704 0.0500
13700 -1.569359 0.040902 0.0500
13800 -1.585295 0.043917 0.0500
13900 -1.572932 0.040543 0.0500
14000 -1.546399 0.037389 0.0500
14100 -1.542755 0.036795 0.0500
14200 -1.574718 0.039714 0.0500
14300 -1.581157 0.040685 0.0500
14400 -1.553895 0.036388 0.0500
14500 -1.539289 0.035295 0.0500
14600 -1.564232 0.036607 0.0500
14700 -1.582057 0.039449 0.0500
14800 -1.561159 0.035550 0.0500
14900 -1.533882 0.033937 0.0500
15000 -1.539218 0.033740 0.0500
15100 -1.554784 0.034099 0.0500
15200 -1.545808 0.033321 0.0500
15300 -1.523977 0.032624 0.0500
15400 -1.527299 0.032346 0.0500
15500 -1.550003 0.032661 0.0500
15600 -1.532844 0.031843 0.0500
15700 -1.498626 0.032159 0.0500
15800 -1.499783 0.031802 0.0500
15900 -1.516091 0.031028 0.0500
16000 -1.502363 0.031127 0.0500
16100 -1.483600 0.032593 0.0500
16200 -1.472180 0.034522 0.0500
16300 -1.477548 0.033016 0.0500
16400 -1.477766 0.032671 0.0500
16500 -1.457466 0.038396 0.0500
16600 -1.441765 0.046619 0.0500
16700 -1.440005 0.047252 0.0500
16800 -1.446548 0.042405 0.0500
16900 -1.444981 0.042831 0.0500
17000 -1.432647 0.051256 0.0500
17100 -1.429533 0.053279 0.0500
17200 -1.434827 0.048017 0.0500
17300 -1.428355 0.052868 0.0500
17400 -1.410371 0.072711 0.0500
17500 -1.404420 0.079830 0.0500
17600 -1.416806 0.061703 0.0500
17700 -1.422357 0.054757 0.0500
17800 -1.411261 0.066353 0.0500
17900 -1.407397 0.070153 0.0500
18000 -1.419584 0.054647 0.0500
18100 -1.426481 0.047623 0.0500
18200 -1.411013 0.062420 0.0500
18300 -1.395919 0.082320 0.0500
18400 -1.397185 0.078493 0.0500
18500 -1.407977 0.062263 0.0500
18600 -1.411538 0.057168 0.0500
18700 -1.409047 0.058996 0.0500
18800 -1.408784 0.058325 0.0500
18900 -1.412908 0.053063 0.0500
19000 -1.416227 0.049175 0.0500
19100 -1.403395 0.061962 0.0500
19200 -1.385542 0.086828 0.0500
19300 -1.393156 0.072912 0.0500
19400 -1.417567 0.044832 0.0500
19500 -1.423550 0.040048 0.0500
19600 -1.416316 0.044758 0.0500
19700 -1.424625 0.038452 0.0500
19800 -1.447074 0.028795 0.0500
19900 -1.451900 0.027476 0.0500
20000 -1.436741 0.031615 0.0500
20100 -1.424395 0.037332 0.0500
20200 -1.434062 0.032090 0.0500
20300 -1.446262 0.027796 0.0500
20400 -1.450123 0.026712 0.0500
20500 -1.438887 0.029528 0.0500
20600 -1.439512 0.029076 0.0500
20700 -1.465051 0.024198 0.0500
20800 -1.501626 0.025189 0.0500
20900 -1.505324 0.025361 0.0500
21000 -1.477781 0.023455 0.0500
21100 -1.470432 0.023370 0.0500
21200 -1.503749 0.024759 0.0500
21300 -1.523845 0.026680 0.0500
21400 -1.509770 0.025007 0.0500
21500 -1.509335 0.024790 0.0500
21600 -1.545012 0.028474 0.0500
21700 -1.564055 0.030946 0.0500
21800 -1.540629 0.027531 0.0500
21900 -1.526594 0.025867 0.0500
22000 -1.537314 0.026776 0.0500
22100 -1.538929 0.026746 0.0500
22200 -1.528762 0.025519 0.0500
22300 -1.525524 0.025027 0.0500
22400 -1.542063 0.026523 0.0500
22500 -1.549053 0.027140 0.0500
22600 -1.529144 0.024844 0.0500
22700 -1.516797 0.023591 0.0500
22800 -1.541234 0.025715 0.0500
22900 -1.546089 0.026073 0.0500
23000 -1.513887 0.022921 0.0500
23100 -1.513430 0.022741 0.0500
23200 -1.544678 0.025453 0.0500
23300 -1.546043 0.025430 0.0500
23400 -1.528691 0.023525 0.0500
23500 -1.540938 0.024529 0.0500
23600 -1.574793 0.030052 0.0500
23700 -1.584524 0.032835 0.0500
23800 -1.565752 0.027478 0.0500
23900 -1.562031 0.026587 0.0500
24000 -1.582832 0.031497 0.0500
24100 -1.597535 0.037534 0.0500
24200 -1.581142 0.030365 0.0500
24300 -1.564473 0.026171 0.0500
24400 -1.578466 0.029109 0.0500
24500 -1.600779 0.038144 0.0500
24600 -1.593366 0.033939 0.0500
24700 -1.570858 0.026534 0.0500
24800 -1.560407 0.024569 0.0500
24900 -1.570261 0.026041 0.0500
25000 -1.592197 0.032479 0.0500
25100 -1.595876 0.033858 0.0500
25200 -1.587932 0.030203 0.0500
25300 -1.595031 0.032865 0.0500
25400 -1.612708 0.043433 0.0500
25500 -1.624877 0.054251 0.0500
25600 -1.621394 0.049861 0.0500
25700 -1.601549 0.034543 0.0500
25800 -1.597100 0.032019 0.0500
25900 -1.611353 0.039971 0.0500
26000 -1.620264 0.046765 0.0500
26100 -1.612087 0.039540 0.0500
26200 -1.589701 0.027904 0.0500
26300 -1.579360 0.024914 0.0500
26400 -1.589738 0.027512 0.0500
26500 -1.595786 0.029494 0.0500
26600 -1.581890 0.024923 0.0500
26700 -1.552765 0.021091 0.0500
26800 -1.544591 0.020637 0.0500
26900 -1.563579 0.021634 0.0500
27000 -1.576965 0.023353 0.0500
27100 -1.571215 0.022264 0.0500
27200 -1.570436 0.022018 0.0500
27300 -1.582385 0.024048 0.0500
27400 -1.586418 0.024909 0.0500
27500 -1.567625 0.021254 0.0500
27600 -1.538852 0.019683 0.0500
27700 -1.538564 0.019572 0.0500
27800 -1.553157 0.019834 0.0500
27900 -1.548764 0.019559 0.0500
28000 -1.527908 0.019224 0.0500
28100 -1.529059 0.019120 0.0500
28200 -1.546157 0.019187 0.0500
28300 -1.538058 0.018952 0.0500
28400 -1.511570 0.018932 0.0500
28500 -1.503467 0.018928 0.0500
28600 -1.521393 0.018664 0.0500
28700 -1.520552 0.018571 0.0500
28800 -1.499989 0.018705 0.0500
28900 -1.494192 0.018739 0.0500
29000 -1.510602 0.018367 0.0500
29100 -1.517470 0.018224 0.0500
29200 -1.508179 0.018206 0.0500
29300 -1.496252 0.018321 0.0500
29400 -1.504239 0.018073 0.0500
29500 -1.504958 0.017972 0.0500
29600 -1.509759 0.017828 0.0500
29700 -1.519991 0.017690 0.0500
29800 -1.515743 0.017614 0.0500
29900 -1.504964 0.017625 0.0500
30000 -1.513331 0.017455 0.0500
30100 -1.519217 0.017351 0.0500
30200 -1.504052 0.017387 0.0500
30300 -1.481650 0.018123 0.0500
30400 -1.490732 0.017569 0.0500
30500 -1.510927 0.017070 0.0500
30600 -1.506843 0.017025 0.0500
30700 -1.480536 0.017873 0.0500
30800 -1.477484 0.018012 0.0500
30900 -1.501759 0.016865 0.0500
31000 -1.507324 0.016716 0.0500
31100 -1.479657 0.017610 0.0500
31200 -1.468027 0.018655 0.0500
31300 -1.502779 0.016550 0.0500
31400 -1.520977 0.016451 0.0500
31500 -1.505069 0.016376 0.0500
31600 -1.494010 0.016519 0.0500
31700 -1.513925 0.016195 0.0500
31800 -1.516556 0.016132 0.0500
31900 -1.485757 0.016652 0.0500
32000 -1.464704 0.018577 0.0500
32100 -1.477933 0.017010 0.0500
32200 -1.489383 0.016251 0.0500
32300 -1.474906 0.017115 0.0500
32400 -1.463279 0.018452 0.0500
32500 -1.467257 0.017791 0.0500
32600 -1.478444 0.016571 0.0500
32700 -1.476526 0.016646 0.0500
32800 -1.458052 0.019002 0.0500
32900 -1.448314 0.021146 0.0500
33000 -1.461366 0.018209 0.0500
33100 -1.479471 0.016108 0.0500
33200 -1.480658 0.015959 0.0500
33300 -1.476265 0.016200 0.0500
33400 -1.475999 0.016148 0.0500
33500 -1.481988 0.015667 0.0500
33600 -1.470501 0.016520 0.0500
33700 -1.448872 0.020297 0.0500
33800 -1.434416 0.025226 0.0500
33900 -1.440740 0.022540 0.0500
34000 -1.448925 0.019909 0.0500
34100 -1.444858 0.020936 0.0500
34200 -1.430845 0.026273 0.0500
34300 -1.430026 0.026486 0.0500
34400 -1.438835 0.022504 0.0500
34500 -1.438327 0.022550 0.0500
34600 -1.421119 0.031080 0.0500
34700 -1.403789 0.045751 0.0500
34800 -1.399721 0.049799 0.0500
34900 -1.417628 0.032399 0.0500
35000 -1.418666 0.031390 0.0500
35100 -1.401102 0.046714 0.0500
35200 -1.381914 0.073181 0.0500
35300 -1.385403 0.066033 0.0500
35400 -1.391444 0.056086 0.0500
35500 -1.376491 0.078581 0.0500
35600 -1.365224 0.098233 0.0500
35700 -1.389581 0.055172 0.0500
35800 -1.398381 0.044119 0.0500
35900 -1.375823 0.074031 0.0500
36000 -1.368647 0.085039 0.0500
36100 -1.389113 0.052047 0.0500
36200 -1.394491 0.045231 0.0500
36300 -1.363176 0.091086 0.0500
36400 -1.347936 0.119063 0.0500
36500 -1.383869 0.054545 0.0500
36600 -1.393062 0.043556 0.0500
36700 -1.364451 0.081745 0.0500
36800 -1.360229 0.087224 0.0500
36900 -1.384073 0.050612 0.0500
37000 -1.381549 0.052820 0.0500
37100 -1.359078 0.084915 0.0500
37200 -1.359199 0.082718 0.0500
37300 -1.382766 0.048560 0.0500
37400 -1.393432 0.037941 0.0500
37500 -1.389542 0.040839 0.0500
37600 -1.392839 0.037591 0.0500
37700 -1.412513 0.025099 0.0500
37800 -1.425510 0.020137 0.0500
37900 -1.420995 0.021455 0.0500
38000 -1.409720 0.025945 0.0500
38100 -1.413205 0.024161 0.0500
38200 -1.428774 0.018758 0.0500
38300 -1.425302 0.019596 0.0500
38400 -1.408025 0.026158 0.0500
38500 -1.401175 0.029775 0.0500
38600 -1.412817 0.023554 0.0500
38700 -1.427678 0.018461 0.0500
38800 -1.416382 0.021869 0.0500
38900 -1.388943 0.037897 0.0500
39000 -1.398184 0.030605 0.0500
39100 -1.431441 0.017132 0.0500
39200 -1.436580 0.016075 0.0500
39300 -1.407789 0.024766 0.0500
39400 -1.397698 0.030236 0.0500
39500 -1.421006 0.019363 0.0500
39600 -1.442904 0.014822 0.0500
39700 -1.425665 0.017907 0.0500
39800 -1.393022 0.032844 0.0500
39900 -1.394334 0.031605 0.0500
40000 -1.429721 0.016642 0.0500
40100 -1.446210 0.014108 0.0500
40200 -1.415243 0.020489 0.0500
40300 -1.379292 0.043978 0.0500
40400 -1.402319 0.025785 0.0500
40500 -1.450459 0.013495 0.0500
40600 -1.461461 0.012892 0.0500
40700 -1.435224 0.015109 0.0500
40800 -1.416182 0.019541 0.0500
40900 -1.445360 0.013709 0.0500
41000 -1.489863 0.012955 0.0500
41100 -1.488236 0.012852 0.0500
41200 -1.464436 0.012557 0.0500
41300 -1.469219 0.012456 0.0500
41400 -1.504238 0.013407 0.0500
41500 -1.511926 0.013752 0.0500
41600 -1.484407 0.012521 0.0500
41700 -1.487574 0.012570 0.0500
41800 -1.518673 0.013988 0.0500
41900 -1.528342 0.014503 0.0500
42000 -1.505643 0.013190 0.0500
42100 -1.505122 0.013116 0.0500
42200 -1.538416 0.015015 0.0500
42300 -1.544957 0.015451 0.0500
42400 -1.510461 0.013243 0.0500
42500 -1.511293 0.013236 0.0500
42600 -1.537239 0.014711 0.0500
42700 -1.536417 0.014594 0.0500
42800 -1.512678 0.013161 0.0500
42900 -1.518104 0.013392 0.0500
43000 -1.558219 0.016395 0.0500
43100 -1.577096 0.019462 0.0500
43200 -1.550651 0.015439 0.0500
43300 -1.543630 0.014776 0.0500
43400 -1.574759 0.018716 0.0500
43500 -1.610980 0.033386 0.0500
43600 -1.595791 0.024786 0.0500
43700 -1.559935 0.016055 0.0500
43800 -1.569773 0.017376 0.0500
43900 -1.614602 0.035281 0.0500
44000 -1.614850 0.035124 0.0500
44100 -1.583230 0.019850 0.0500
44200 -1.587842 0.021043 0.0500
44300 -1.628056 0.046591 0.0500
44400 -1.636840 0.056685 0.0500
44500 -1.604205 0.026974 0.0500
44600 -1.598428 0.024089 0.0500
44700 -1.634166 0.051744 0.0500
44800 -1.652489 0.078694 0.0500
44900 -1.622752 0.038232 0.0500
45000 -1.623603 0.038570 0.0500
45100 -1.666122 0.101754 0.0500
45200 -1.662574 0.091878 0.0500
45300 -1.619939 0.033861 0.0500
45400 -1.625846 0.038241 0.0500
45500 -1.675752 0.114740 0.0500
45600 -1.668608 0.096880 0.0500
45700 -1.632114 0.041884 0.0500
45800 -1.649333 0.061495 0.0500
45900 -1.681727 0.117741 0.0500
46000 -1.648290 0.057489 0.0500
46100 -1.614971 0.027537 0.0500
46200 -1.640860 0.047498 0.0500
46300 -1.664969 0.080131 0.0500
46400 -1.634650 0.040001 0.0500
46500 -1.613946 0.025876 0.0500
46600 -1.635503 0.040045 0.0500
46700 -1.657313 0.064787 0.0500
46800 -1.628990 0.033822 0.0500
46900 -1.598631 0.019507 0.0500
47000 -1.608142 0.022395 0.0500
47100 -1.633551 0.036608 0.0500
47200 -1.633225 0.035977 0.0500
47300 -1.608143 0.021862 0.0500
47400 -1.604682 0.020573 0.0500
47500 -1.632935 0.035028 0.0500
47600 -1.651986 0.053613 0.0500
47700 -1.630718 0.032597 0.0500
47800 -1.614953 0.023604 0.0500
47900 -1.623188 0.027431 0.0500
48000 -1.642282 0.041301 0.0500
48100 -1.622198 0.026406 0.0500
48200 -1.588039 0.015859 0.0500
48300 -1.587811 0.015755 0.0500
48400 -1.636278 0.035158 0.0500
48500 -1.653116 0.051568 0.0500
48600 -1.618174 0.023593 0.0500
48700 -1.606847 0.019360 0.0500
48800 -1.634882 0.032927 0.0500
48900 -1.648125 0.044361 0.0500
49000 -1.627828 0.027670 0.0500
49100 -1.606576 0.018728 0.0500
49200 -1.620531 0.023606 0.0500
49300 -1.646612 0.041568 0.0500
49400 -1.641458 0.036377 0.0500
49500 -1.617360 0.021694 0.0500
49600 -1.620566 0.022875 0.0500
49700 -1.648937 0.042556 0.0500
49800 -1.662021 0.057736 0.0500
49900 -1.636887 0.031217 0.0500
50000 -1.625807 0.024412 0.0500
50100 -1.650335 0.042205 0.0500
50200 -1.660547 0.053492 0.0500
50300 -1.625704 0.023666 0.0500
50400 -1.599568 0.015651 0.0500
50500 -1.610963 0.018088 0.0500
50600 -1.631471 0.026249 0.0500
50700 -1.626884 0.023690 0.0500
50800 -1.600528 0.015490 0.0500
50900 -1.592381 0.014235 0.0500
51000 -1.601578 0.015549 0.0500
51100 -1.602936 0.015733 0.0500
51200 -1.592343 0.014053 0.0500
51300 -1.578935 0.012867 0.0500
51400 -1.575334 0.012643 0.0500
51500 -1.583835 0.013093 0.0500
51600 -1.591288 0.013732 0.0500
51700 -1.572452 0.012397 0.0500
51800 -1.557468 0.012095 0.0500
51900 -1.564931 0.012128 0.0500
52000 -1.568279 0.012153 0.0500
52100 -1.555282 0.011967 0.0500
52200 -1.538974 0.011974 0.0500
52300 -1.535221 0.011949 0.0500
52400 -1.537988 0.011899 0.0500
52500 -1.530148 0.011882 0.0500
52600 -1.517324 0.011818 0.0500
52700 -1.524350 0.011804 0.0500
52800 -1.532868 0.011762 0.0500
52900 -1.511259 0.011665 0.0500
53000 -1.494066 0.011474 0.0500
53100 -1.495139 0.011446 0.0500
53200 -1.495263 0.011410 0.0500
53300 -1.473502 0.011404 0.0500
53400 -1.464659 0.011596 0.0500
53500 -1.475283 0.011305 0.0500
53600 -1.479415 0.011231 0.0500
53700 -1.459994 0.011690 0.0500
53800 -1.449960 0.012329 0.0500
53900 -1.461803 0.011528 0.0500
54000 -1.467181 0.011295 0.0500
54100 -1.455085 0.011822 0.0500
54200 -1.447340 0.012413 0.0500
54300 -1.449930 0.012132 0.0500
54400 -1.446762 0.012386 0.0500
54500 -1.443164 0.012733 0.0500
54600 -1.438199 0.013338 0.0500
54700 -1.440700 0.012945 0.0500
54800 -1.440089 0.012979 0.0500
54900 -1.437924 0.013233 0.0500
55000 -1.442543 0.012577 0.0500
55100 -1.450237 0.011770 0.0500
55200 -1.455417 0.011365 0.0500
55300 -1.444224 0.012263 0.0500
55400 -1.430653 0.014232 0.0500
55500 -1.421408 0.016313 0.0500
55600 -1.424840 0.015361 0.0500
55700 -1.434306 0.013404 0.0500
55800 -1.440221 0.012497 0.0500
55900 -1.440089 0.012470 0.0500
56000 -1.442629 0.012122 0.0500
56100 -1.451325 0.011285 0.0500
56200 -1.469871 0.010504 0.0500
56300 -1.481835 0.010446 0.0500
56400 -1.485161 0.010449 0.0500
56500 -1.487278 0.010446 0.0500
56600 -1.497342 0.010597 0.0500
56700 -1.509373 0.010829 0.0500
56800 -1.511102 0.010833 0.0500
56900 -1.509397 0.010764 0.0500
57000 -1.520751 0.010953 0.0500
57100 -1.531738 0.011076 0.0500
57200 -1.534881 0.011076 0.0500
57300 -1.529845 0.010985 0.0500
57400 -1.528556 0.010935 0.0500
57500 -1.541281 0.011037 0.0500
57600 -1.543439 0.011023 0.0500
57700 -1.536836 0.010928 0.0500
57800 -1.544788 0.010969 0.0500
57900 -1.562504 0.011205 0.0500
58000 -1.571392 0.011465 0.0500
58100 -1.562917 0.011145 0.0500
58200 -1.557220 0.010991 0.0500
58300 -1.568820 0.011257 0.0500
58400 -1.572409 0.011369 0.0500
58500 -1.560111 0.010944 0.0500
58600 -1.546376 0.010731 0.0500
58700 -1.562770 0.010939 0.0500
58800 -1.584390 0.012012 0.0500
58900 -1.586582 0.012172 0.0500
59000 -1.571451 0.011121 0.0500
59100 -1.558475 0.010719 0.0500
59200 -1.566065 0.010862 0.0500
59300 -1.570428 0.010979 0.0500
59400 -1.550611 0.010527 0.0500
59500 -1.530243 0.010389 0.0500
59600 -1.541559 0.010411 0.0500
59700 -1.558785 0.010543 0.0500
59800 -1.555079 0.010456 0.0500
59900 -1.538994 0.010313 0.0500
60000 -1.543700 0.010303 0.0500
60100 -1.552612 0.010339 0.0500
60200 -1.537338 0.010219 0.0500
60300 -1.521768 0.010121 0.0500
60400 -1.525261 0.010112 0.0500
60500 -1.525158 0.010083 0.0500
60600 -1.504871 0.009901 0.0500
60700 -1.502908 0.009856 0.0500
60800 -1.507832 0.009873 0.0500
60900 -1.505519 0.009825 0.0500
61000 -1.498659 0.009741 0.0500
61100 -1.487399 0.009663 0.0500
61200 -1.489294 0.009639 0.0500
61300 -1.503695 0.009706 0.0500
61400 -1.494958 0.009612 0.0500
61500 -1.483569 0.009567 0.0500
61600 -1.491571 0.009544 0.0500
61700 -1.503337 0.009602 0.0500
61800 -1.498944 0.009538 0.0500
61900 -1.491855 0.009470 0.0500
62000 -1.507920 0.009571 0.0500
62100 -1.516168 0.009628 0.0500
62200 -1.491589 0.009398 0.0500
62300 -1.472305 0.009524 0.0500
62400 -1.476185 0.009425 0.0500
62500 -1.478500 0.009369 0.0500
62600 -1.463928 0.009715 0.0500
62700 -1.459789 0.009886 0.0500
62800 -1.486604 0.009251 0.0500
62900 -1.509048 0.009392 0.0500
63000 -1.503880 0.009310 0.0500
63100 -1.491304 0.009189 0.0500
63200 -1.500709 0.009231 0.0500
63300 -1.525782 0.009495 0.0500
63400 -1.522780 0.009436 0.0500
63500 -1.508540 0.009245 0.0500
63600 -1.518981 0.009343 0.0500
63700 -1.542452 0.009596 0.0500
63800 -1.543095 0.009579 0.0500
63900 -1.524503 0.009336 0.0500
64000 -1.529941 0.009372 0.0500
64100 -1.545250 0.009536 0.0500
64200 -1.539261 0.009431 0.0500
64300 -1.512232 0.009112 0.0500
64400 -1.507179 0.009040 0.0500
64500 -1.524274 0.009195 0.0500
64600 -1.525403 0.009183 0.0500
64700 -1.512189 0.009021 0.0500
64800 -1.525736 0.009141 0.0500
64900 -1.547004 0.009392 0.0500
65000 -1.553236 0.009489 0.0500
65100 -1.551566 0.009428 0.0500
65200 -1.554283 0.009462 0.0500
65300 -1.557253 0.009512 0.0500
65400 -1.562458 0.009646 0.0500
65500 -1.566032 0.009756 0.0500
65600 -1.572058 0.010020 0.0500
65700 -1.571553 0.009965 0.0500
65800 -1.572213 0.009973 0.0500
65900 -1.574098 0.010055 0.0500
66000 -1.566474 0.009641 0.0500
66100 -1.548219 0.009128 0.0500
66200 -1.533705 0.008938 0.0500
66300 -1.537027 0.008946 0.0500
66400 -1.532826 0.008886 0.0500
66500 -1.517127 0.008754 0.0500
66600 -1.515653 0.008724 0.0500
66700 -1.529323 0.008795 0.0500
66800 -1.526335 0.008751 0.0500
66900 -1.504438 0.008611 0.0500
67000 -1.492309 0.008594 0.0500
67100 -1.492413 0.008573 0.0500
67200 -1.486260 0.008596 0.0500
67300 -1.487011 0.008568 0.0500
67400 -1.487835 0.008540 0.0500
67500 -1.486171 0.008535 0.0500
67600 -1.478869 0.008622 0.0500
67700 -1.483223 0.008529 0.0500
67800 -1.480604 0.008549 0.0500
67900 -1.471300 0.008757 0.0500
68000 -1.462939 0.009089 0.0500
68100 -1.466484 0.008897 0.0500
68200 -1.471201 0.008696 0.0500
68300 -1.482092 0.008424 0.0500
68400 -1.482034 0.008405 0.0500
68500 -1.480955 0.008402 0.0500
68600 -1.482507 0.008359 0.0500
68700 -1.487884 0.008284 0.0500
68800 -1.485122 0.008289 0.0500
68900 -1.487538 0.008249 0.0500
69000 -1.492758 0.008205 0.0500
69100 -1.501903 0.008200 0.0500
69200 -1.511694 0.008249 0.0500
69300 -1.525904 0.008380 0.0500
69400 -1.527252 0.008377 0.0500
69500 -1.526648 0.008350 0.0500
69600 -1.531090 0.008387 0.0500
69700 -1.537324 0.008457 0.0500
69800 -1.534948 0.008401 0.0500
69900 -1.532950 0.008354 0.0500
70000 -1.540453 0.008448 0.0500
70100 -1.548130 0.008577 0.0500
70200 -1.535334 0.008329 0.0500
70300 -1.520431 0.008132 0.0500
70400 -1.529584 0.008215 0.0500
70500 -1.535251 0.008271 0.0500
70600 -1.526263 0.008138 0.0500
70700 -1.536413 0.008251 0.0500
70800 -1.547976 0.008444 0.0500
70900 -1.555556 0.008623 0.0500
71000 -1.548153 0.008408 0.0500
71100 -1.548052 0.008386 0.0500
71200 -1.563365 0.008846 0.0500
71300 -1.578074 0.009698 0.0500
71400 -1.573937 0.009370 0.0500
71500 -1.549886 0.008349 0.0500
71600 -1.545892 0.008244 0.0500
71700 -1.563251 0.008735 0.0500
71800 -1.558266 0.008526 0.0500
71900 -1.536142 0.008034 0.0500
72000 -1.532203 0.007969 0.0500
72100 -1.559593 0.008518 0.0500
72200 -1.565129 0.008722 0.0500
72300 -1.537447 0.007981 0.0500
72400 -1.514943 0.007777 0.0500
72500 -1.528644 0.007851 0.0500
72600 -1.551738 0.008195 0.0500
72700 -1.544871 0.008029 0.0500
72800 -1.516619 0.007722 0.0500
72900 -1.531192 0.007808 0.0500
73000 -1.560098 0.008386 0.0500
73100 -1.552884 0.008139 0.0500
73200 -1.520218 0.007680 0.0500
73300 -1.504355 0.007633 0.0500
73400 -1.525989 0.007685 0.0500
73500 -1.532694 0.007728 0.0500
73600 -1.504435 0.007588 0.0500
73700 -1.485374 0.007746 0.0500
73800 -1.500662 0.007568 0.0500
73900 -1.516015 0.007553 0.0500
74000 -1.499777 0.007541 0.0500
74100 -1.468173 0.008224 0.0500
74200 -1.465879 0.008318 0.0500
74300 -1.491587 0.007561 0.0500
74400 -1.496031 0.007504 0.0500
74500 -1.476235 0.007843 0.0500
74600 -1.468177 0.008138 0.0500
74700 -1.481121 0.007675 0.0500
74800 -1.492836 0.007470 0.0500
74900 -1.475013 0.007816 0.0500
75000 -1.453373 0.009046 0.0500
75100 -1.447037 0.009657 0.0500
75200 -1.440618 0.010449 0.0500
75300 -1.431578 0.011949 0.0500
75400 -1.424958 0.013386 0.0500
75500 -1.421882 0.014145 0.0500
75600 -1.429014 0.012346 0.0500
75700 -1.437539 0.010732 0.0500
75800 -1.440460 0.010266 0.0500
75900 -1.431570 0.011712 0.0500
76000 -1.428257 0.012356 0.0500
76100 -1.428355 0.012292 0.0500
76200 -1.432281 0.011459 0.0500
76300 -1.432655 0.011353 0.0500
76400 -1.430961 0.011638 0.0500
76500 -1.435808 0.010735 0.0500
76600 -1.443864 0.009576 0.0500
76700 -1.448109 0.009085 0.0500
76800 -1.446842 0.009192 0.0500
76900 -1.454469 0.008480 0.0500
77000 -1.473221 0.007507 0.0500
77100 -1.485032 0.007251 0.0500
77200 -1.490223 0.007189 0.0500
77300 -1.498969 0.007152 0.0500
77400 -1.508108 0.007172 0.0500
77500 -1.505051 0.007140 0.0500
77600 -1.508234 0.007144 0.0500
77700 -1.522316 0.007261 0.0500
77800 -1.517161 0.007189 0.0500
77900 -1.513446 0.007140 0.0500
78000 -1.515350 0.007143 0.0500
78100 -1.527669 0.007274 0.0500
78200 -1.547086 0.007637 0.0500
78300 -1.552109 0.007764 0.0500
78400 -1.550654 0.007703 0.0500
78500 -1.558525 0.007956 0.0500
78600 -1.566041 0.008284 0.0500
78700 -1.564995 0.008210 0.0500
78800 -1.553708 0.007730 0.0500
78900 -1.546007 0.007496 0.0500
79000 -1.563057 0.008064 0.0500
79100 -1.588520 0.010085 0.0500
79200 -1.587617 0.009945 0.0500
79300 -1.568887 0.008309 0.0500
79400 -1.564814 0.008071 0.0500
79500 -1.582652 0.009332 0.0500
79600 -1.586903 0.009766 0.0500
79700 -1.558085 0.007727 0.0500
79800 -1.538700 0.007216 0.0500
79900 -1.553090 0.007530 0.0500
80000 -1.582253 0.009196 0.0500
80100 -1.588340 0.009840 0.0500
80200 -1.570214 0.008218 0.0500
80300 -1.570171 0.008197 0.0500
80400 -1.587774 0.009703 0.0500
80500 -1.576839 0.008612 0.0500
80600 -1.546244 0.007248 0.0500
80700 -1.531351 0.007000 0.0500
80800 -1.556588 0.007497 0.0500
80900 -1.573438 0.008302 0.0500
81000 -1.547555 0.007219 0.0500
81100 -1.516134 0.006837 0.0500
81200 -1.534785 0.006976 0.0500
81300 -1.560171 0.007556 0.0500
81400 -1.530632 0.006903 0.0500
81500 -1.501095 0.006784 0.0500
81600 -1.516632 0.006779 0.0500
81700 -1.541224 0.007008 0.0500
81800 -1.517077 0.006757 0.0500
81900 -1.484027 0.006919 0.0500
82000 -1.497989 0.006740 0.0500
82100 -1.539513 0.006938 0.0500
82200 -1.535168 0.006862 0.0500
82300 -1.501291 0.006692 0.0500
82400 -1.490016 0.006770 0.0500
82500 -1.513849 0.006663 0.0500
82600 -1.518776 0.006671 0.0500
82700 -1.488349 0.006759 0.0500
82800 -1.481604 0.006871 0.0500
82900 -1.514631 0.006620 0.0500
83000 -1.529876 0.006714 0.0500
83100 -1.510926 0.006587 0.0500
83200 -1.504084 0.006576 0.0500
83300 -1.516188 0.006578 0.0500
83400 -1.524949 0.006620 0.0500
83500 -1.516290 0.006554 0.0500
83600 -1.504960 0.006528 0.0500
83700 -1.505028 0.006516 0.0500
83800 -1.504862 0.006504 0.0500
83900 -1.508652 0.006489 0.0500
84000 -1.508568 0.006478 0.0500
84100 -1.503940 0.006471 0.0500
84200 -1.516138 0.006472 0.0500
84300 -1.523269 0.006504 0.0500
84400 -1.515411 0.006446 0.0500
84500 -1.508072 0.006420 0.0500
84600 -1.513692 0.006417 0.0500
84700 -1.519514 0.006432 0.0500
84800 -1.513784 0.006394 0.0500
84900 -1.499962 0.006398 0.0500
85000 -1.495763 0.006417 0.0500
85100 -1.504226 0.006358 0.0500
85200 -1.502467 0.006352 0.0500
85300 -1.487863 0.006485 0.0500
85400 -1.480319 0.006634 0.0500
85500 -1.497184 0.006349 0.0500
85600 -1.512719 0.006306 0.0500
85700 -1.505629 0.006289 0.0500
85800 -1.495313 0.006332 0.0500
85900 -1.504719 0.006269 0.0500
86000 -1.517529 0.006283 0.0500
86100 -1.501995 0.006255 0.0500
86200 -1.479918 0.006561 0.0500
86300 -1.493448 0.006297 0.0500
86400 -1.526183 0.006317 0.0500
86500 -1.535023 0.006426 0.0500
86600 -1.524095 0.006273 0.0500
86700 -1.527288 0.006296 0.0500
86800 -1.542550 0.006539 0.0500
86900 -1.541185 0.006497 0.0500
87000 -1.517877 0.006182 0.0500
87100 -1.513931 0.006154 0.0500
87200 -1.533031 0.006318 0.0500
87300 -1.541988 0.006472 0.0500
87400 -1.522005 0.006169 0.0500
87500 -1.510079 0.006105 0.0500
87600 -1.534036 0.006291 0.0500
87700 -1.541576 0.006420 0.0500
87800 -1.510861 0.006077 0.0500
87900 -1.486075 0.006280 0.0500
88000 -1.501382 0.006077 0.0500
88100 -1.524922 0.006126 0.0500
88200 -1.514099 0.006044 0.0500
88300 -1.498355 0.006069 0.0500
88400 -1.513839 0.006024 0.0500
88500 -1.545916 0.006455 0.0500
88600 -1.539388 0.006292 0.0500
88700 -1.504136 0.005999 0.0500
88800 -1.497943 0.006028 0.0500
88900 -1.520303 0.006008 0.0500
89000 -1.527723 0.006068 0.0500
89100 -1.504517 0.005959 0.0500
89200 -1.492020 0.006060 0.0500
89300 -1.516675 0.005948 0.0500
89400 -1.542308 0.006285 0.0500
89500 -1.517970 0.005936 0.0500
89600 -1.480439 0.006275 0.0500
89700 -1.483533 0.006181 0.0500
89800 -1.522030 0.005939 0.0500
89900 -1.526336 0.005971 0.0500
90000 -1.497063 0.005926 0.0500
90100 -1.492738 0.005968 0.0500
90200 -1.538311 0.006133 0.0500
90300 -1.554485 0.006582 0.0500
90400 -1.510939 0.005833 0.0500
90500 -1.472073 0.006502 0.0500
90600 -1.502634 0.005833 0.0500
90700 -1.538484 0.006095 0.0500
90800 -1.508126 0.005798 0.0500
90900 -1.479787 0.006187 0.0500
91000 -1.508367 0.005780 0.0500
91100 -1.549171 0.006340 0.0500
91200 -1.535938 0.006002 0.0500
91300 -1.493953 0.005854 0.0500
91400 -1.488733 0.005929 0.0500
91500 -1.521603 0.005787 0.0500
91600 -1.522282 0.005783 0.0500
91700 -1.492036 0.005847 0.0500
91800 -1.494532 0.005802 0.0500
91900 -1.535919 0.005947 0.0500
92000 -1.546159 0.006178 0.0500
92100 -1.501387 0.005713 0.0500
92200 -1.470996 0.006421 0.0500
92300 -1.486663 0.005896 0.0500
92400 -1.514831 0.005670 0.0500
92500 -1.507659 0.005653 0.0500
92600 -1.489041 0.005822 0.0500
92700 -1.502464 0.005653 0.0500
92800 -1.527852 0.005747 0.0500
92900 -1.522873 0.005681 0.0500
93000 -1.491057 0.005753 0.0500
93100 -1.471579 0.006320 0.0500
93200 -1.485569 0.005843 0.0500
93300 -1.511757 0.005586 0.0500
93400 -1.507459 0.005577 0.0500
93500 -1.481660 0.005918 0.0500
93600 -1.483944 0.005847 0.0500
93700 -1.516182 0.005570 0.0500
93800 -1.525025 0.005637 0.0500
93900 -1.504244 0.005543 0.0500
94000 -1.487478 0.005734 0.0500
94100 -1.493397 0.005622 0.0500
94200 -1.508519 0.005509 0.0500
94300 -1.504475 0.005509 0.0500
94400 -1.494059 0.005587 0.0500
94500 -1.501882 0.005504 0.0500
94600 -1.519397 0.005518 0.0500
94700 -1.515678 0.005485 0.0500
94800 -1.503288 0.005472 0.0500
94900 -1.507864 0.005451 0.0500
95000 -1.522565 0.005514 0.0500
95100 -1.528848 0.005586 0.0500
95200 -1.530021 0.005595 0.0500
95300 -1.539737 0.005780 0.0500
95400 -1.552330 0.006159 0.0500
95500 -1.558731 0.006422 0.0500
95600 -1.552587 0.006147 0.0500
95700 -1.539320 0.005732 0.0500
95800 -1.534099 0.005613 0.0500
95900 -1.534819 0.005618 0.0500
96000 -1.531516 0.005550 0.0500
96100 -1.525588 0.005457 0.0500
96200 -1.521867 0.005409 0.0500
96300 -1.523692 0.005419 0.0500
96400 -1.527115 0.005451 0.0500
96500 -1.529496 0.005476 0.0500
96600 -1.525182 0.005411 0.0500
96700 -1.533064 0.005518 0.0500
96800 -1.548574 0.005900 0.0500
96900 -1.549748 0.005930 0.0500
97000 -1.547261 0.005838 0.0500
97100 -1.553787 0.006062 0.0500
97200 -1.562091 0.006437 0.0500
97300 -1.552319 0.005983 0.0500
97400 -1.539322 0.005584 0.0500
97500 -1.546942 0.005780 0.0500
97600 -1.559178 0.006249 0.0500
97700 -1.552536 0.005953 0.0500
97800 -1.542705 0.005631 0.0500
97900 -1.545450 0.005698 0.0500
98000 -1.552206 0.005912 0.0500
98100 -1.550662 0.005846 0.0500
98200 -1.536320 0.005450 0.0500
98300 -1.528110 0.005311 0.0500
98400 -1.533352 0.005380 0.0500
98500 -1.538550 0.005472 0.0500
98600 -1.533531 0.005367 0.0500
98700 -1.523982 0.005235 0.0500
98800 -1.523337 0.005222 0.0500
98900 -1.535907 0.005386 0.0500
99000 -1.536526 0.005390 0.0500
99100 -1.516175 0.005160 0.0500
99200 -1.501837 0.005198 0.0500
99300 -1.511743 0.005141 0.0500
99400 -1.519856 0.005153 0.0500
99500 -1.509963 0.005129 0.0500
99600 -1.492719 0.005295 0.0500
99700 -1.491388 0.005312 0.0500
99800 -1.500805 0.005164 0.0500
99900 -1.492946 0.005267 0.0500
100000 -1.473666 0.005846 0.0500
100100 -1.475222 0.005769 0.0500
100200 -1.497515 0.005173 0.0500
100300 -1.510142 0.005073 0.0500
100400 -1.494764 0.005198 0.0500
100500 -1.478400 0.005612 0.0500
100600 -1.490036 0.005270 0.0500
100700 -1.511324 0.005044 0.0500
100800 -1.513390 0.005038 0.0500
100900 -1.503126 0.005063 0.0500
101000 -1.503597 0.005053 0.0500
101100 -1.521196 0.005051 0.0500
101200 -1.533777 0.005205 0.0500
101300 -1.521869 0.005042 0.0500
101400 -1.515467 0.005000 0.0500
101500 -1.529598 0.005115 0.0500
101600 -1.542172 0.005363 0.0500
101700 -1.529544 0.005099 0.0500
101800 -1.515576 0.004973 0.0500
101900 -1.523217 0.005011 0.0500
102000 -1.544116 0.005388 0.0500
102100 -1.528975 0.005063 0.0500
102200 -1.508430 0.004949 0.0500
102300 -1.520371 0.004962 0.0500
102400 -1.543971 0.005356 0.0500
102500 -1.547282 0.005449 0.0500
102600 -1.536696 0.005161 0.0500
102700 -1.535283 0.005125 0.0500
102800 -1.552738 0.005622 0.0500
102900 -1.565349 0.006242 0.0500
103000 -1.556968 0.005784 0.0500
103100 -1.555324 0.005701 0.0500
103200 -1.574762 0.006892 0.0500
103300 -1.586594 0.008109 0.0500
103400 -1.580828 0.007430 0.0500
103500 -1.573843 0.006773 0.0500
103600 -1.575154 0.006869 0.0500
103700 -1.587274 0.008130 0.0500
103800 -1.593807 0.009051 0.0500
103900 -1.590314 0.008501 0.0500
104000 -1.590875 0.008561 0.0500
104100 -1.605311 0.011242 0.0500
104200 -1.613475 0.013443 0.0500
104300 -1.602486 0.010530 0.0500
104400 -1.593232 0.008811 0.0500
104500 -1.586319 0.007843 0.0500
104600 -1.584077 0.007566 0.0500
104700 -1.591126 0.008441 0.0500
104800 -1.603496 0.010625 0.0500
104900 -1.604515 0.010821 0.0500
105000 -1.599686 0.009783 0.0500
105100 -1.605146 0.010903 0.0500
105200 -1.613816 0.013201 0.0500
105300 -1.620414 0.015455 0.0500
105400 -1.625533 0.017563 0.0500
105500 -1.625928 0.017660 0.0500
105600 -1.612946 0.012709 0.0500
105700 -1.621331 0.015542 0.0500
105800 -1.645175 0.029817 0.0500
105900 -1.642508 0.027391 0.0500
106000 -1.626026 0.017222 0.0500
106100 -1.634440 0.021537 0.0500
106200 -1.656238 0.039955 0.0500
106300 -1.648761 0.031855 0.0500
106400 -1.631530 0.019397 0.0500
106500 -1.641065 0.025178 0.0500
106600 -1.650456 0.032761 0.0500
106700 -1.639764 0.023879 0.0500
106800 -1.628487 0.017393 0.0500
106900 -1.640769 0.024291 0.0500
107000 -1.654528 0.035897 0.0500
107100 -1.658955 0.040391 0.0500
107200 -1.647431 0.028612 0.0500
107300 -1.644452 0.026052 0.0500
107400 -1.659965 0.040515 0.0500
107500 -1.666707 0.048552 0.0500
107600 -1.658228 0.037594 0.0500
107700 -1.663421 0.043184 0.0500
107800 -1.678200 0.064164 0.0500
107900 -1.668378 0.048234 0.0500
108000 -1.650401 0.028516 0.0500
108100 -1.658389 0.035563 0.0500
108200 -1.670007 0.048954 0.0500
108300 -1.657318 0.033696 0.0500
108400 -1.642362 0.021882 0.0500
108500 -1.657340 0.033206 0.0500
108600 -1.670936 0.048415 0.0500
108700 -1.648383 0.025183 0.0500
108800 -1.634105 0.016985 0.0500
108900 -1.662931 0.037688 0.0500
109000 -1.686789 0.071650 0.0500
109100 -1.663771 0.037517 0.0500
109200 -1.661029 0.034342 0.0500
109300 -1.696495 0.087410 0.0500
109400 -1.695409 0.083171 0.0500
109500 -1.662066 0.033730 0.0500
109600 -1.662664 0.033975 0.0500
109700 -1.682950 0.058610 0.0500
109800 -1.671652 0.042526 0.0500
109900 -1.642181 0.018821 0.0500
110000 -1.637700 0.016708 0.0500
110100 -1.660575 0.030639 0.0500
110200 -1.661779 0.031412 0.0500
110300 -1.632248 0.014347 0.0500
110400 -1.632289 0.014304 0.0500
110500 -1.655273 0.025821 0.0500
110600 -1.652938 0.024045 0.0500
110700 -1.623009 0.011436 0.0500
110800 -1.621541 0.011056 0.0500
110900 -1.645365 0.019386 0.0500
111000 -1.674108 0.042698 0.0500
111100 -1.666432 0.034027 0.0500
111200 -1.660390 0.028454 0.0500
111300 -1.675253 0.042822 0.0500
111400 -1.677766 0.045369 0.0500
111500 -1.646758 0.019078 0.0500
111600 -1.646630 0.018913 0.0500
111700 -1.682974 0.051248 0.0500
111800 -1.695506 0.070222 0.0500
111900 -1.669308 0.033978 0.0500
112000 -1.668104 0.032547 0.0500
112100 -1.684910 0.051316 0.0500
112200 -1.674482 0.037988 0.0500
112300 -1.654447 0.021699 0.0500
112400 -1.655923 0.022433 0.0500
112500 -1.670733 0.033472 0.0500
112600 -1.671096 0.033497 0.0500
112700 -1.662065 0.025849 0.0500
112800 -1.666830 0.029264 0.0500
112900 -1.681008 0.043085 0.0500
113000 -1.673593 0.034628 0.0500
113100 -1.657529 0.022067 0.0500
113200 -1.652544 0.019241 0.0500
113300 -1.663619 0.025721 0.0500
113400 -1.679114 0.039322 0.0500
113500 -1.661339 0.023750 0.0500
113600 -1.656350 0.020648 0.0500
113700 -1.679881 0.039286 0.0500
113800 -1.684508 0.044220 0.0500
113900 -1.659508 0.021863 0.0500
114000 -1.655150 0.019378 0.0500
114100 -1.675418 0.033505 0.0500
114200 -1.684293 0.042591 0.0500
114300 -1.664131 0.023997 0.0500
114400 -1.665615 0.024821 0.0500
114500 -1.697793 0.060223 0.0500
114600 -1.704630 0.070745 0.0500
114700 -1.697398 0.057462 0.0500
114800 -1.708863 0.075873 0.0500
114900 -1.714151 0.084288 0.0500
115000 -1.700272 0.058403 0.0500
115100 -1.699279 0.055990 0.0500
115200 -1.704411 0.062912 0.0500
115300 -1.691935 0.044597 0.0500
115400 -1.678165 0.030407 0.0500
115500 -1.682768 0.034124 0.0500
115600 -1.692945 0.044466 0.0500
115700 -1.691558 0.042313 0.0500
115800 -1.696849 0.048165 0.0500
115900 -1.705769 0.059975 0.0500
116000 -1.701479 0.052794 0.0500
116100 -1.692687 0.041240 0.0500
116200 -1.687033 0.035059 0.0500
116300 -1.689036 0.036623 0.0500
116400 -1.683962 0.031667 0.0500
116500 -1.684627 0.031947 0.0500
116600 -1.682685 0.030073 0.0500
116700 -1.680270 0.027981 0.0500
116800 -1.689214 0.035215 0.0500
116900 -1.695309 0.041061 0.0500
117000 -1.677958 0.025606 0.0500
117100 -1.664116 0.018006 0.0500
117200 -1.671221 0.021306 0.0500
117300 -1.671902 0.021544 0.0500
117400 -1.666276 0.018643 0.0500
117500 -1.665459 0.018185 0.0500
117600 -1.670461 0.020446 0.0500
117700 -1.679111 0.025366 0.0500
117800 -1.673746 0.021927 0.0500
117900 -1.646584 0.011783 0.0500
118000 -1.634265 0.009430 0.0500
118100 -1.640501 0.010459 0.0500
118200 -1.635889 0.009631 0.0500
118300 -1.610121 0.006800 0.0500
118400 -1.599504 0.006149 0.0500
118500 -1.613035 0.006991 0.0500
118600 -1.619226 0.007503 0.0500
118700 -1.601363 0.006211 0.0500
118800 -1.589875 0.005684 0.0500
118900 -1.593590 0.005823 0.0500
119000 -1.595527 0.005897 0.0500
119100 -1.585799 0.005514 0.0500
119200 -1.556319 0.004874 0.0500
119300 -1.546326 0.004763 0.0500
119400 -1.558619 0.004892 0.0500
119500 -1.553734 0.004824 0.0500
119600 -1.533615 0.004671 0.0500
119700 -1.524929 0.004655 0.0500
119800 -1.536791 0.004671 0.0500
119900 -1.542253 0.004696 0.0500
120000 -1.519464 0.004649 0.0500
120100 -1.498971 0.004844 0.0500
120200 -1.498806 0.004841 0.0500
120300 -1.501770 0.004786 0.0500
120400 -1.482482 0.005240 0.0500
120500 -1.465467 0.006049 0.0500
120600 -1.475756 0.005488 0.0500
120700 -1.493155 0.004918 0.0500
120800 -1.475587 0.005480 0.0500
120900 -1.438879 0.008777 0.0500
121000 -1.432279 0.009921 0.0500
121100 -1.462375 0.006193 0.0500
121200 -1.478357 0.005326 0.0500
121300 -1.461882 0.006209 0.0500
121400 -1.438768 0.008712 0.0500
121500 -1.436429 0.009073 0.0500
121600 -1.452748 0.006930 0.0500
121700 -1.461679 0.006173 0.0500
121800 -1.448697 0.007325 0.0500
121900 -1.429090 0.010412 0.0500
122000 -1.421640 0.012221 0.0500
122100 -1.433508 0.009462 0.0500
122200 -1.445551 0.007614 0.0500
122300 -1.437402 0.008745 0.0500
122400 -1.419243 0.012789 0.0500
122500 -1.419749 0.012593 0.0500
122600 -1.440400 0.008211 0.0500
122700 -1.459945 0.006160 0.0500
122800 -1.447333 0.007297 0.0500
122900 -1.424046 0.011315 0.0500
123000 -1.421567 0.011931 0.0500
123100 -1.447420 0.007230 0.0500
123200 -1.469680 0.005514 0.0500
123300 -1.458094 0.006222 0.0500
123400 -1.424340 0.011121 0.0500
123500 -1.414570 0.013961 0.0500
123600 -1.436984 0.008531 0.0500
123700 -1.454992 0.006410 0.0500
123800 -1.445411 0.007348 0.0500
123900 -1.428731 0.009984 0.0500
124000 -1.423855 0.011071 0.0500
124100 -1.432498 0.009189 0.0500
124200 -1.439393 0.008049 0.0500
124300 -1.433067 0.009042 0.0500
124400 -1.418155 0.012514 0.0500
124500 -1.412653 0.014290 0.0500
124600 -1.426553 0.010249 0.0500
124700 -1.430634 0.009378 0.0500
124800 -1.415707 0.013114 0.0500
124900 -1.400232 0.019670 0.0500
125000 -1.392653 0.024252 0.0500
125100 -1.394470 0.022866 0.0500
125200 -1.388619 0.026895 0.0500
125300 -1.383190 0.031268 0.0500
125400 -1.384660 0.029694 0.0500
125500 -1.383932 0.030081 0.0500
125600 -1.371746 0.042500 0.0500
125700 -1.370450 0.043586 0.0500
125800 -1.376823 0.035833 0.0500
125900 -1.377123 0.035169 0.0500
126000 -1.369597 0.043261 0.0500
126100 -1.375038 0.036552 0.0500
126200 -1.389499 0.023829 0.0500
126300 -1.384303 0.027482 0.0500
126400 -1.377449 0.033269 0.0500
126500 -1.379642 0.030927 0.0500
126600 -1.392991 0.020916 0.0500
126700 -1.391330 0.021789 0.0500
126800 -1.375419 0.034273 0.0500
126900 -1.380642 0.029161 0.0500
127000 -1.405783 0.014432 0.0500
127100 -1.415899 0.011262 0.0500
127200 -1.408391 0.013421 0.0500
127300 -1.403920 0.014975 0.0500
127400 -1.419359 0.010316 0.0500
127500 -1.439390 0.007094 0.0500
127600 -1.449296 0.006173 0.0500
127700 -1.439225 0.007086 0.0500
127800 -1.443861 0.006606 0.0500
127900 -1.462509 0.005347 0.0500
128000 -1.467903 0.005114 0.0500
128100 -1.448548 0.006179 0.0500
128200 -1.437921 0.007174 0.0500
128300 -1.453221 0.005824 0.0500
128400 -1.482548 0.004678 0.0500
128500 -1.478051 0.004769 0.0500
128600 -1.454514 0.005719 0.0500
128700 -1.448917 0.006095 0.0500
128800 -1.482050 0.004662 0.0500
128900 -1.503026 0.004420 0.0500
129000 -1.487416 0.004559 0.0500
129100 -1.475259 0.004803 0.0500
129200 -1.485034 0.004585 0.0500
129300 -1.502928 0.004399 0.0500
129400 -1.508660 0.004378 0.0500
129500 -1.496522 0.004428 0.0500
129600 -1.498012 0.004411 0.0500
129700 -1.513485 0.004362 0.0500
129800 -1.512706 0.004356 0.0500
129900 -1.498941 0.004389 0.0500
130000 -1.496988 0.004398 0.0500
130100 -1.501052 0.004366 0.0500
130200 -1.504251 0.004346 0.0500
130300 -1.501530 0.004353 0.0500
130400 -1.502871 0.004341 0.0500
130500 -1.521359 0.004342 0.0500
130600 -1.539611 0.004474 0.0500
130700 -1.538597 0.004458 0.0500
130800 -1.534225 0.004411 0.0500
130900 -1.542656 0.004491 0.0500
131000 -1.559121 0.004722 0.0500
131100 -1.558382 0.004703 0.0500
131200 -1.552018 0.004595 0.0500
131300 -1.544774 0.004493 0.0500
131400 -1.554769 0.004626 0.0500
131500 -1.566742 0.004839 0.0500
131600 -1.569080 0.004884 0.0500
131700 -1.564571 0.004781 0.0500
131800 -1.563988 0.004763 0.0500
131900 -1.569812 0.004881 0.0500
132000 -1.566065 0.004793 0.0500
132100 -1.563455 0.004734 0.0500
132200 -1.571759 0.004907 0.0500
132300 -1.565798 0.004768 0.0500
132400 -1.551598 0.004519 0.0500
132500 -1.556132 0.004581 0.0500
132600 -1.572024 0.004889 0.0500
132700 -1.567863 0.004787 0.0500
132800 -1.547826 0.004447 0.0500
132900 -1.538454 0.004342 0.0500
133000 -1.541677 0.004367 0.0500
133100 -1.544979 0.004397 0.0500
133200 -1.525260 0.004239 0.0500
133300 -1.520479 0.004218 0.0500
133400 -1.541555 0.004346 0.0500
133500 -1.556433 0.004533 0.0500
133600 -1.540655 0.004326 0.0500
133700 -1.525302 0.004215 0.0500
133800 -1.532346 0.004248 0.0500
133900 -1.543378 0.004339 0.0500
134000 -1.538619 0.004287 0.0500
134100 -1.529311 0.004215 0.0500
134200 -1.522271 0.004180 0.0500
134300 -1.511793 0.004169 0.0500
134400 -1.501814 0.004206 0.0500
134500 -1.500867 0.004207 0.0500
134600 -1.500784 0.004203 0.0500
134700 -1.499979 0.004204 0.0500
134800 -1.505099 0.004166 0.0500
134900 -1.508730 0.004147 0.0500
135000 -1.503587 0.004165 0.0500
135100 -1.489840 0.004300 0.0500
135200 -1.486141 0.004356 0.0500
135300 -1.482426 0.004424 0.0500
135400 -1.471631 0.004712 0.0500
135500 -1.472827 0.004666 0.0500
135600 -1.486853 0.004322 0.0500
135700 -1.500727 0.004151 0.0500
135800 -1.500426 0.004148 0.0500
135900 -1.493111 0.004215 0.0500
136000 -1.491916 0.004225 0.0500
136100 -1.491682 0.004223 0.0500
136200 -1.488066 0.004271 0.0500
136300 -1.483805 0.004343 0.0500
136400 -1.479631 0.004430 0.0500
136500 -1.481968 0.004371 0.0500
136600 -1.481266 0.004381 0.0500
136700 -1.479717 0.004411 0.0500
136800 -1.481477 0.004365 0.0500
136900 -1.477803 0.004448 0.0500
137000 -1.466509 0.004815 0.0500
137100 -1.460452 0.005086 0.0500
137200 -1.458871 0.005162 0.0500
137300 -1.459536 0.005119 0.0500
137400 -1.459742 0.005101 0.0500
137500 -1.467586 0.004738 0.0500
137600 -1.466881 0.004760 0.0500
137700 -1.446841 0.005940 0.0500
137800 -1.425282 0.008638 0.0500
137900 -1.426510 0.008401 0.0500
138000 -1.442880 0.006257 0.0500
138100 -1.442098 0.006321 0.0500
138200 -1.420978 0.009400 0.0500
138300 -1.406663 0.013268 0.0500
138400 -1.413079 0.011235 0.0500
138500 -1.434364 0.007121 0.0500
138600 -1.435260 0.006994 0.0500
138700 -1.418364 0.009843 0.0500
138800 -1.398185 0.016494 0.0500
138900 -1.406881 0.012965 0.0500
139000 -1.426586 0.008151 0.0500
139100 -1.426110 0.008212 0.0500
139200 -1.394616 0.018037 0.0500
139300 -1.375860 0.031366 0.0500
139400 -1.398508 0.015941 0.0500
139500 -1.416645 0.009940 0.0500
139600 -1.395251 0.017358 0.0500
139700 -1.371070 0.035569 0.0500
139800 -1.372156 0.034081 0.0500
139900 -1.390435 0.019507 0.0500
140000 -1.392467 0.018287 0.0500
140100 -1.377158 0.028720 0.0500
140200 -1.371846 0.033474 0.0500
140300 -1.383202 0.023519 0.0500
140400 -1.387224 0.020727 0.0500
140500 -1.374451 0.030275 0.0500
140600 -1.370435 0.033916 0.0500
140700 -1.377993 0.026706 0.0500
140800 -1.380836 0.024326 0.0500
140900 -1.374257 0.029492 0.0500
141000 -1.372126 0.031210 0.0500
141100 -1.381146 0.023539 0.0500
141200 -1.390845 0.017575 0.0500
141300 -1.382970 0.022034 0.0500
141400 -1.366341 0.036277 0.0500
141500 -1.364934 0.037477 0.0500
141600 -1.377676 0.025176 0.0500
141700 -1.371967 0.029735 0.0500
141800 -1.357768 0.045312 0.0500
141900 -1.357987 0.044453 0.0500
142000 -1.372083 0.028685 0.0500
142100 -1.384028 0.019903 0.0500
142200 -1.376776 0.024556 0.0500
142300 -1.365036 0.034830 0.0500
142400 -1.372712 0.027314 0.0500
142500 -1.386420 0.018043 0.0500
142600 -1.387044 0.017634 0.0500
142700 -1.370833 0.028427 0.0500
142800 -1.364693 0.034011 0.0500
142900 -1.389288 0.016203 0.0500
143000 -1.420623 0.007639 0.0500
143100 -1.416216 0.008316 0.0500
143200 -1.390892 0.015365 0.0500
143300 -1.382485 0.019461 0.0500
143400 -1.408546 0.009713 0.0500
143500 -1.428694 0.006533 0.0500
143600 -1.420335 0.007555 0.0500
143700 -1.404418 0.010635 0.0500
143800 -1.412600 0.008794 0.0500
143900 -1.439451 0.005543 0.0500
144000 -1.456080 0.004657 0.0500
144100 -1.436640 0.005737 0.0500
144200 -1.407110 0.009888 0.0500
144300 -1.405740 0.010185 0.0500
144400 -1.433467 0.005961 0.0500
144500 -1.465202 0.004337 0.0500
144600 -1.468019 0.004263 0.0500
144700 -1.450303 0.004851 0.0500
144800 -1.456215 0.004599 0.0500
144900 -1.485786 0.003979 0.0500
145000 -1.496925 0.003913 0.0500
145100 -1.477240 0.004069 0.0500
145200 -1.466585 0.004268 0.0500
145300 -1.483648 0.003981 0.0500
145400 -1.511306 0.003906 0.0500
145500 -1.512700 0.003907 0.0500
145600 -1.502133 0.003881 0.0500
145700 -1.508567 0.003885 0.0500
145800 -1.532006 0.004036 0.0500
145900 -1.535295 0.004068 0.0500
146000 -1.517116 0.003907 0.0500
146100 -1.527590 0.003980 0.0500
146200 -1.560257 0.004447 0.0500
146300 -1.564647 0.004536 0.0500
146400 -1.541058 0.004117 0.0500
146500 -1.545297 0.004171 0.0500
146600 -1.574452 0.004771 0.0500
146700 -1.571967 0.004696 0.0500
146800 -1.537420 0.004053 0.0500
146900 -1.522697 0.003909 0.0500
147000 -1.554429 0.004295 0.0500
147100 -1.584080 0.005056 0.0500
147200 -1.567577 0.004559 0.0500
147300 -1.544959 0.004129 0.0500
147400 -1.556904 0.004320 0.0500
147500 -1.578698 0.004851 0.0500
147600 -1.554136 0.004259 0.0500
147700 -1.516193 0.003845 0.0500
147800 -1.524711 0.003891 0.0500
147900 -1.559217 0.004342 0.0500
148000 -1.558305 0.004319 0.0500
148100 -1.534992 0.003970 0.0500
148200 -1.540614 0.004031 0.0500
148300 -1.563846 0.004420 0.0500
148400 -1.558671 0.004307 0.0500
148500 -1.521390 0.003842 0.0500
148600 -1.504978 0.003790 0.0500
148700 -1.518944 0.003821 0.0500
148800 -1.528410 0.003880 0.0500
148900 -1.523346 0.003838 0.0500
149000 -1.517688 0.003802 0.0500
149100 -1.520226 0.003811 0.0500
149200 -1.528544 0.003865 0.0500
149300 -1.527556 0.003852 0.0500
149400 -1.529348 0.003863 0.0500
149500 -1.524090 0.003818 0.0500
149600 -1.504880 0.003752 0.0500
149700 -1.507640 0.003749 0.0500
149800 -1.532089 0.003872 0.0500
149900 -1.540233 0.003958 0.0500
150000 -1.517158 0.003761 0.0500
150100 -1.520630 0.003774 0.0500
150200 -1.552104 0.004121 0.0500
150300 -1.557082 0.004207 0.0500
150400 -1.523109 0.003777 0.0500
150500 -1.517896 0.003745 0.0500
150600 -1.544835 0.003991 0.0500
150700 -1.539797 0.003920 0.0500
150800 -1.496252 0.003736 0.0500
150900 -1.497497 0.003727 0.0500
151000 -1.536104 0.003867 0.0500
151100 -1.533710 0.003837 0.0500
151200 -1.491336 0.003753 0.0500
151300 -1.478590 0.003895 0.0500
151400 -1.510540 0.003692 0.0500
151500 -1.542553 0.003929 0.0500
151600 -1.527009 0.003761 0.0500
151700 -1.500686 0.003688 0.0500
151800 -1.511862 0.003679 0.0500
151900 -1.526682 0.003747 0.0500
152000 -1.514984 0.003680 0.0500
152100 -1.495363 0.003696 0.0500
152200 -1.503236 0.003663 0.0500
152300 -1.533028 0.003789 0.0500
152400 -1.538274 0.003843 0.0500
152500 -1.518336 0.003674 0.0500
152600 -1.520987 0.003684 0.0500
152700 -1.538594 0.003835 0.0500
152800 -1.539865 0.003847 0.0500
152900 -1.523874 0.003690 0.0500
153000 -1.519054 0.003659 0.0500
153100 -1.526053 0.003698 0.0500
153200 -1.538562 0.003815 0.0500
153300 -1.538067 0.003805 0.0500
153400 -1.532411 0.003740 0.0500
153500 -1.539630 0.003817 0.0500
153600 -1.548140 0.003934 0.0500
153700 -1.532746 0.003732 0.0500
153800 -1.508801 0.003606 0.0500
153900 -1.509801 0.003603 0.0500
154000 -1.518102 0.003619 0.0500
154100 -1.507733 0.003595 0.0500
154200 -1.490991 0.003663 0.0500
154300 -1.500406 0.003602 0.0500
154400 -1.506129 0.003586 0.0500
154500 -1.485309 0.003710 0.0500
154600 -1.463424 0.004152 0.0500
154700 -1.459438 0.004278 0.0500
154800 -1.474349 0.003871 0.0500
154900 -1.476719 0.003822 0.0500
155000 -1.459998 0.004245 0.0500
155100 -1.449863 0.004661 0.0500
155200 -1.454885 0.004427 0.0500
155300 -1.462498 0.004147 0.0500
155400 -1.450442 0.004616 0.0500
155500 -1.425450 0.006561 0.0500
155600 -1.417500 0.007635 0.0500
155700 -1.429693 0.006072 0.0500
155800 -1.442366 0.005036 0.0500
155900 -1.434757 0.005588 0.0500
156000 -1.416418 0.007759 0.0500
156100 -1.396962 0.012369 0.0500
156200 -1.385744 0.016933 0.0500
156300 -1.383743 0.017885 0.0500
156400 -1.366261 0.030521 0.0500
156500 -1.353249 0.045306 0.0500
156600 -1.367012 0.029199 0.0500
156700 -1.379757 0.019532 0.0500
156800 -1.372956 0.023934 0.0500
156900 -1.360227 0.035387 0.0500
157000 -1.358225 0.037291 0.0500
157100 -1.358804 0.036247 0.0500
157200 -1.352245 0.043921 0.0500
157300 -1.343319 0.056604 0.0500
157400 -1.344240 0.054243 0.0500
157500 -1.354058 0.039818 0.0500
157600 -1.365138 0.027980 0.0500
157700 -1.361139 0.031418 0.0500
157800 -1.350997 0.042527 0.0500
157900 -1.357701 0.034229 0.0500
158000 -1.366942 0.025497 0.0500
158100 -1.366297 0.025822 0.0500
158200 -1.357972 0.033149 0.0500
158300 -1.358185 0.032628 0.0500
158400 -1.378374 0.017513 0.0500
158500 -1.396526 0.010644 0.0500
158600 -1.392637 0.011712 0.0500
158700 -1.380030 0.016510 0.0500
158800 -1.381002 0.015980 0.0500
158900 -1.391221 0.012006 0.0500
159000 -1.394660 0.010951 0.0500
159100 -1.382479 0.015157 0.0500
159200 -1.375285 0.018616 0.0500
159300 -1.389845 0.012258 0.0500
159400 -1.407538 0.007997 0.0500
159500 -1.415372 0.006830 0.0500
159600 -1.415675 0.006779 0.0500
159700 -1.416914 0.006615 0.0500
159800 -1.419816 0.006275 0.0500
159900 -1.427321 0.005560 0.0500
160000 -1.421569 0.006073 0.0500
160100 -1.415754 0.006711 0.0500
160200 -1.417954 0.006437 0.0500
160300 -1.423926 0.005815 0.0500
160400 -1.443872 0.004503 0.0500
160500 -1.460374 0.003943 0.0500
160600 -1.455852 0.004059 0.0500
160700 -1.445525 0.004416 0.0500
160800 -1.439258 0.004706 0.0500
160900 -1.446501 0.004365 0.0500
161000 -1.450253 0.004218 0.0500
161100 -1.438057 0.004753 0.0500
161200 -1.429968 0.005261 0.0500
161300 -1.455657 0.004030 0.0500
161400 -1.491380 0.003504 0.0500
161500 -1.493403 0.003493 0.0500
161600 -1.476148 0.003618 0.0500
161700 -1.477257 0.003601 0.0500
161800 -1.498708 0.003472 0.0500
161900 -1.506960 0.003474 0.0500
162000 -1.497196 0.003467 0.0500
162100 -1.490021 0.003486 0.0500
162200 -1.510070 0.003473 0.0500
162300 -1.530391 0.003615 0.0500
162400 -1.519130 0.003513 0.0500
162500 -1.505638 0.003452 0.0500
162600 -1.530308 0.003604 0.0500
162700 -1.559382 0.004074 0.0500
162800 -1.539061 0.003704 0.0500
162900 -1.512066 0.003458 0.0500
163000 -1.523824 0.003528 0.0500
163100 -1.538025 0.003679 0.0500
163200 -1.524367 0.003526 0.0500
163300 -1.506713 0.003429 0.0500
163400 -1.501852 0.003421 0.0500
163500 -1.513558 0.003445 0.0500
163600 -1.523901 0.003509 0.0500
163700 -1.512061 0.003432 0.0500
163800 -1.504062 0.003410 0.0500
163900 -1.511220 0.003422 0.0500
164000 -1.517554 0.003450 0.0500
164100 -1.499515 0.003400 0.0500
164200 -1.484597 0.003463 0.0500
164300 -1.494658 0.003404 0.0500
164400 -1.517465 0.003437 0.0500
164500 -1.517270 0.003433 0.0500
164600 -1.496278 0.003390 0.0500
164700 -1.490456 0.003409 0.0500
164800 -1.501493 0.003377 0.0500
164900 -1.498700 0.003376 0.0500
165000 -1.485718 0.003429 0.0500
165100 -1.489082 0.003404 0.0500
165200 -1.514205 0.003395 0.0500
165300 -1.517198 0.003409 0.0500
165400 -1.499076 0.003360 0.0500
165500 -1.494450 0.003368 0.0500
165600 -1.514203 0.003383 0.0500
165700 -1.525040 0.003456 0.0500
165800 -1.510013 0.003359 0.0500
165900 -1.493231 0.003360 0.0500
166000 -1.509007 0.003350 0.0500
166100 -1.525723 0.003450 0.0500
166200 -1.511197 0.003351 0.0500
166300 -1.489846 0.003365 0.0500
166400 -1.503489 0.003328 0.0500
166500 -1.529549 0.003477 0.0500
166600 -1.523588 0.003416 0.0500
166700 -1.496983 0.003325 0.0500
166800 -1.481431 0.003416 0.0500
166900 -1.496506 0.003320 0.0500
167000 -1.518215 0.003364 0.0500
167100 -1.506825 0.003312 0.0500
167200 -1.491319 0.003331 0.0500
167300 -1.511605 0.003320 0.0500
167400 -1.531703 0.003477 0.0500
167500 -1.516372 0.003337 0.0500
167600 -1.490088 0.003326 0.0500
167700 -1.503696 0.003290 0.0500
167800 -1.520770 0.003358 0.0500
167900 -1.517115 0.003330 0.0500
168000 -1.506045 0.003284 0.0500
168100 -1.508502 0.003286 0.0500
168200 -1.526444 0.003396 0.0500
168300 -1.522858 0.003359 0.0500
168400 -1.512114 0.003289 0.0500
168500 -1.506770 0.003270 0.0500
168600 -1.517533 0.003311 0.0500
168700 -1.532812 0.003452 0.0500
168800 -1.547162 0.003670 0.0500
168900 -1.542825 0.003590 0.0500
169000 -1.532215 0.003434 0.0500
169100 -1.538692 0.003518 0.0500
169200 -1.547938 0.003670 0.0500
169300 -1.547422 0.003657 0.0500
169400 -1.541784 0.003556 0.0500
169500 -1.548476 0.003669 0.0500
169600 -1.561959 0.003965 0.0500
169700 -1.568297 0.004135 0.0500
169800 -1.559605 0.003897 0.0500
169900 -1.548854 0.003661 0.0500
170000 -1.545728 0.003600 0.0500
170100 -1.542906 0.003549 0.0500
170200 -1.539095 0.003486 0.0500
170300 -1.537759 0.003463 0.0500
170400 -1.523830 0.003304 0.0500
170500 -1.514194 0.003241 0.0500
170600 -1.514103 0.003237 0.0500
170700 -1.534149 0.003403 0.0500
170800 -1.547367 0.003604 0.0500
170900 -1.538063 0.003449 0.0500
171000 -1.533149 0.003381 0.0500
171100 -1.539932 0.003470 0.0500
171200 -1.537775 0.003435 0.0500
171300 -1.528969 0.003325 0.0500
171400 -1.530602 0.003339 0.0500
171500 -1.542856 0.003502 0.0500
171600 -1.550031 0.003627 0.0500
171700 -1.547232 0.003571 0.0500
171800 -1.528063 0.003300 0.0500
171900 -1.518708 0.003224 0.0500
172000 -1.520129 0.003230 0.0500
172100 -1.513498 0.003194 0.0500
172200 -1.495501 0.003197 0.0500
172300 -1.494140 0.003200 0.0500
172400 -1.499337 0.003177 0.0500
172500 -1.497032 0.003182 0.0500
172600 -1.493371 0.003196 0.0500
172700 -1.491906 0.003201 0.0500
172800 -1.490955 0.003204 0.0500
172900 -1.495084 0.003179 0.0500
173000 -1.502440 0.003155 0.0500
173100 -1.502809 0.003152 0.0500
173200 -1.493844 0.003176 0.0500
173300 -1.488778 0.003206 0.0500
173400 -1.492275 0.003179 0.0500
173500 -1.495442 0.003160 0.0500
173600 -1.490471 0.003185 0.0500
173700 -1.494353 0.003160 0.0500
173800 -1.504391 0.003132 0.0500
173900 -1.508145 0.003132 0.0500
174000 -1.489549 0.003181 0.0500
174100 -1.480651 0.003264 0.0500
174200 -1.492422 0.003156 0.0500
174300 -1.504387 0.003118 0.0500
174400 -1.511259 0.003126 0.0500
174500 -1.515710 0.003140 0.0500
174600 -1.517433 0.003147 0.0500
174700 -1.528327 0.003232 0.0500
174800 -1.535875 0.003320 0.0500
174900 -1.526787 0.003210 0.0500
175000 -1.518613 0.003143 0.0500
175100 -1.537301 0.003331 0.0500
175200 -1.563717 0.003875 0.0500
175300 -1.565698 0.003927 0.0500
175400 -1.559695 0.003761 0.0500
175500 -1.567649 0.003976 0.0500
175600 -1.571557 0.004093 0.0500
175700 -1.554560 0.003626 0.0500
175800 -1.533655 0.003261 0.0500
175900 -1.541657 0.003372 0.0500
176000 -1.573641 0.004148 0.0500
176100 -1.577130 0.004266 0.0500
176200 -1.552777 0.003570 0.0500
176300 -1.550069 0.003510 0.0500
176400 -1.575959 0.004211 0.0500
176500 -1.573841 0.004133 0.0500
176600 -1.539450 0.003316 0.0500
176700 -1.533454 0.003233 0.0500
176800 -1.562079 0.003769 0.0500
176900 -1.578308 0.004278 0.0500
177000 -1.568678 0.003947 0.0500
177100 -1.563405 0.003792 0.0500
177200 -1.578421 0.004268 0.0500
177300 -1.587076 0.004620 0.0500
177400 -1.569209 0.003946 0.0500
177500 -1.550978 0.003487 0.0500
177600 -1.558826 0.003655 0.0500
177700 -1.576980 0.004192 0.0500
177800 -1.565297 0.003815 0.0500
177900 -1.550292 0.003459 0.0500
178000 -1.551103 0.003472 0.0500
178100 -1.560106 0.003668 0.0500
178200 -1.546441 0.003378 0.0500
178300 -1.535789 0.003216 0.0500
178400 -1.546751 0.003377 0.0500
178500 -1.575482 0.004109 0.0500
178600 -1.581807 0.004342 0.0500
178700 -1.570799 0.003944 0.0500
178800 -1.574711 0.004068 0.0500
178900 -1.594184 0.004904 0.0500
179000 -1.592470 0.004807 0.0500
179100 -1.574596 0.004050 0.0500
179200 -1.563143 0.003703 0.0500
179300 -1.564127 0.003725 0.0500
179400 -1.565492 0.003758 0.0500
179500 -1.554604 0.003491 0.0500
179600 -1.537838 0.003206 0.0500
179700 -1.533872 0.003157 0.0500
179800 -1.542400 0.003264 0.0500
179900 -1.540462 0.003233 0.0500
180000 -1.529627 0.003106 0.0500
180100 -1.516782 0.003023 0.0500
180200 -1.516283 0.003019 0.0500
180300 -1.528108 0.003085 0.0500
180400 -1.541412 0.003233 0.0500
180500 -1.547106 0.003320 0.0500
180600 -1.542970 0.003250 0.0500
180700 -1.546913 0.003311 0.0500
180800 -1.556414 0.003493 0.0500
180900 -1.547719 0.003318 0.0500
181000 -1.540235 0.003199 0.0500
181100 -1.542332 0.003226 0.0500
181200 -1.548187 0.003318 0.0500
181300 -1.546688 0.003289 0.0500
181400 -1.537902 0.003157 0.0500
181500 -1.529095 0.003061 0.0500
181600 -1.527845 0.003048 0.0500
181700 -1.532093 0.003084 0.0500
181800 -1.519980 0.002995 0.0500
181900 -1.516190 0.002978 0.0500
182000 -1.530410 0.003060 0.0500
182100 -1.542347 0.003199 0.0500
182200 -1.544290 0.003226 0.0500
182300 -1.549041 0.003303 0.0500
182400 -1.567371 0.003726 0.0500
182500 -1.576600 0.004020 0.0500
182600 -1.569208 0.003772 0.0500
182700 -1.566823 0.003699 0.0500
182800 -1.580260 0.004145 0.0500
182900 -1.578682 0.004079 0.0500
183000 -1.566012 0.003664 0.0500
183100 -1.558870 0.003478 0.0500
183200 -1.577365 0.004018 0.0500
183300 -1.592481 0.004674 0.0500
183400 -1.576871 0.003991 0.0500
183500 -1.551674 0.003313 0.0500
183600 -1.551985 0.003316 0.0500
183700 -1.554660 0.003366 0.0500
183800 -1.548498 0.003247 0.0500
183900 -1.541139 0.003131 0.0500
184000 -1.536086 0.003067 0.0500
184100 -1.544647 0.003176 0.0500
184200 -1.563014 0.003543 0.0500
184300 -1.566620 0.003636 0.0500
184400 -1.557472 0.003405 0.0500
184500 -1.547146 0.003204 0.0500
184600 -1.565084 0.003584 0.0500
184700 -1.583673 0.004212 0.0500
184800 -1.557807 0.003399 0.0500
184900 -1.527207 0.002967 0.0500
185000 -1.548901 0.003219 0.0500
185100 -1.582979 0.004170 0.0500
185200 -1.568658 0.003664 0.0500
185300 -1.525562 0.002948 0.0500
185400 -1.532104 0.002993 0.0500
185500 -1.566535 0.003595 0.0500
185600 -1.554877 0.003313 0.0500
185700 -1.511096 0.002902 0.0500
185800 -1.512045 0.002899 0.0500
185900 -1.548330 0.003185 0.0500
186000 -1.554241 0.003291 0.0500
186100 -1.519982 0.002904 0.0500
186200 -1.518309 0.002897 0.0500
186300 -1.554127 0.003281 0.0500
186400 -1.564631 0.003521 0.0500
186500 -1.547451 0.003155 0.0500
186600 -1.539018 0.003034 0.0500
186700 -1.553611 0.003259 0.0500
186800 -1.567914 0.003599 0.0500
186900 -1.556546 0.003313 0.0500
187000 -1.560011 0.003387 0.0500
187100 -1.580622 0.004017 0.0500
187200 -1.594029 0.004633 0.0500
187300 -1.576233 0.003845 0.0500
187400 -1.556343 0.003293 0.0500
187500 -1.567519 0.003563 0.0500
187600 -1.588648 0.004342 0.0500
187700 -1.582044 0.004048 0.0500
187800 -1.561931 0.003406 0.0500
187900 -1.568104 0.003565 0.0500
188000 -1.594549 0.004625 0.0500
188100 -1.589164 0.004343 0.0500
188200 -1.553782 0.003217 0.0500
188300 -1.550397 0.003153 0.0500
188400 -1.581844 0.004012 0.0500
188500 -1.592734 0.004506 0.0500
188600 -1.580916 0.003966 0.0500
188700 -1.576940 0.003814 0.0500
188800 -1.591828 0.004444 0.0500
188900 -1.597122 0.004726 0.0500
189000 -1.562220 0.003372 0.0500
189100 -1.526872 0.002877 0.0500
189200 -1.530962 0.002900 0.0500
189300 -1.551852 0.003151 0.0500
189400 -1.542373 0.003006 0.0500
189500 -1.518408 0.002840 0.0500
189600 -1.513510 0.002835 0.0500
189700 -1.524295 0.002852 0.0500
189800 -1.523309 0.002846 0.0500
189900 -1.502760 0.002860 0.0500
190000 -1.484227 0.003032 0.0500
190100 -1.486940 0.002994 0.0500
190200 -1.490387 0.002952 0.0500
190300 -1.476249 0.003152 0.0500
190400 -1.456572 0.003641 0.0500
190500 -1.457585 0.003605 0.0500
190600 -1.477350 0.003124 0.0500
190700 -1.481353 0.003056 0.0500
190800 -1.479091 0.003089 0.0500
190900 -1.470215 0.003255 0.0500
191000 -1.460952 0.003487 0.0500
191100 -1.464536 0.003385 0.0500
191200 -1.469385 0.003264 0.0500
191300 -1.462722 0.003427 0.0500
191400 -1.458527 0.003546 0.0500
191500 -1.469978 0.003242 0.0500
191600 -1.480803 0.003040 0.0500
191700 -1.467858 0.003284 0.0500
191800 -1.454391 0.003671 0.0500
191900 -1.458197 0.003540 0.0500
192000 -1.472455 0.003175 0.0500
192100 -1.471087 0.003201 0.0500
192200 -1.459744 0.003483 0.0500
192300 -1.454924 0.003635 0.0500
192400 -1.466888 0.003286 0.0500
192500 -1.470022 0.003211 0.0500
192600 -1.460585 0.003446 0.0500
192700 -1.460123 0.003456 0.0500
192800 -1.470308 0.003196 0.0500
192900 -1.470761 0.003184 0.0500
193000 -1.471122 0.003174 0.0500
193100 -1.476930 0.003061 0.0500
193200 -1.482982 0.002966 0.0500
193300 -1.485387 0.002933 0.0500
193400 -1.486609 0.002916 0.0500
193500 -1.489634 0.002880 0.0500
193600 -1.498879 0.002804 0.0500
193700 -1.500980 0.002790 0.0500
193800 -1.497701 0.002807 0.0500
193900 -1.500995 0.002786 0.0500
194000 -1.498149 0.002799 0.0500
194100 -1.492491 0.002840 0.0500
194200 -1.490494 0.002856 0.0500
194300 -1.490326 0.002855 0.0500
194400 -1.497359 0.002796 0.0500
194500 -1.499898 0.002778 0.0500
194600 -1.499555 0.002778 0.0500
194700 -1.506107 0.002749 0.0500
194800 -1.517814 0.002746 0.0500
194900 -1.522109 0.002758 0.0500
195000 -1.520087 0.002748 0.0500
195100 -1.524121 0.002763 0.0500
195200 -1.530089 0.002800 0.0500
195300 -1.533503 0.002827 0.0500
195400 -1.532642 0.002817 0.0500
195500 -1.531029 0.002801 0.0500
195600 -1.541370 0.002909 0.0500
195700 -1.552779 0.003090 0.0500
195800 -1.552218 0.003076 0.0500
195900 -1.550789 0.003047 0.0500
196000 -1.552966 0.003085 0.0500
196100 -1.542341 0.002910 0.0500
196200 -1.525910 0.002750 0.0500
196300 -1.532439 0.002795 0.0500
196400 -1.551924 0.003056 0.0500
196500 -1.553197 0.003078 0.0500
196600 -1.539805 0.002865 0.0500
196700 -1.539693 0.002862 0.0500
196800 -1.550535 0.003021 0.0500
196900 -1.543928 0.002913 0.0500
197000 -1.527550 0.002743 0.0500
197100 -1.529541 0.002755 0.0500
197200 -1.553473 0.003067 0.0500
197300 -1.566784 0.003378 0.0500
197400 -1.554414 0.003080 0.0500
197500 -1.557067 0.003132 0.0500
197600 -1.576548 0.003678 0.0500
197700 -1.589222 0.004205 0.0500
197800 -1.566711 0.003360 0.0500
197900 -1.543540 0.002884 0.0500
198000 -1.563479 0.003268 0.0500
198100 -1.588604 0.004161 0.0500
198200 -1.566250 0.003335 0.0500
198300 -1.538953 0.002817 0.0500
198400 -1.548157 0.002941 0.0500
198500 -1.571405 0.003478 0.0500
198600 -1.560221 0.003172 0.0500
198700 -1.533645 0.002755 0.0500
198800 -1.545574 0.002892 0.0500
198900 -1.566804 0.003331 0.0500
199000 -1.558753 0.003128 0.0500
199100 -1.548617 0.002931 0.0500
199200 -1.561208 0.003179 0.0500
199300 -1.574886 0.003568 0.0500
199400 -1.571909 0.003467 0.0500
199500 -1.555609 0.003048 0.0500
199600 -1.556809 0.003070 0.0500
199700 -1.570409 0.003412 0.0500
199800 -1.560412 0.003143 0.0500
199900 -1.533542 0.002729 0.0500
200000 -1.530255 0.002702 0.0500
200100 -1.556175 0.003044 0.0500
200200 -1.560103 0.003127 0.0500
200300 -1.542446 0.002814 0.0500
200400 -1.535135 0.002733 0.0500
200500 -1.539166 0.002771 0.0500
200600 -1.524576 0.002660 0.0500
200700 -1.509109 0.002646 0.0500
200800 -1.509834 0.002643 0.0500
200900 -1.527938 0.002670 0.0500
201000 -1.545339 0.002839 0.0500
201100 -1.545962 0.002846 0.0500
201200 -1.550720 0.002919 0.0500
201300 -1.567740 0.003299 0.0500
201400 -1.554035 0.002974 0.0500
201500 -1.530509 0.002674 0.0500
201600 -1.531278 0.002678 0.0500
201700 -1.539976 0.002755 0.0500
201800 -1.538338 0.002736 0.0500
201900 -1.524427 0.002634 0.0500
202000 -1.513610 0.002616 0.0500
202100 -1.516409 0.002613 0.0500
202200 -1.519561 0.002615 0.0500
202300 -1.515207 0.002610 0.0500
202400 -1.508978 0.002617 0.0500
202500 -1.506613 0.002624 0.0500
202600 -1.503591 0.002636 0.0500
202700 -1.493727 0.002708 0.0500
202800 -1.493996 0.002703 0.0500
202900 -1.496738 0.002676 0.0500
203000 -1.497712 0.002666 0.0500
203100 -1.501428 0.002638 0.0500
203200 -1.505565 0.002614 0.0500
203300 -1.498213 0.002657 0.0500
203400 -1.486184 0.002781 0.0500
203500 -1.484573 0.002801 0.0500
203600 -1.481085 0.002852 0.0500
203700 -1.466222 0.003156 0.0500
203800 -1.447785 0.003783 0.0500
203900 -1.453336 0.003552 0.0500
204000 -1.470887 0.003036 0.0500
204100 -1.467871 0.003103 0.0500
204200 -1.429537 0.004860 0.0500
204300 -1.396266 0.009813 0.0500
204400 -1.388300 0.012150 0.0500
204500 -1.401374 0.008569 0.0500
204600 -1.406881 0.007499 0.0500
204700 -1.400415 0.008736 0.0500
204800 -1.392273 0.010774 0.0500
204900 -1.406125 0.007575 0.0500
205000 -1.434219 0.004449 0.0500
205100 -1.425493 0.005109 0.0500
205200 -1.390115 0.011353 0.0500
205300 -1.377235 0.016508 0.0500
205400 -1.401832 0.008293 0.0500
205500 -1.431697 0.004579 0.0500
205600 -1.429902 0.004703 0.0500
205700 -1.418091 0.005781 0.0500
205800 -1.418764 0.005698 0.0500
205900 -1.437090 0.004207 0.0500
206000 -1.444647 0.003810 0.0500
206100 -1.438203 0.004134 0.0500
206200 -1.427859 0.004823 0.0500
206300 -1.441232 0.003962 0.0500
206400 -1.466379 0.003069 0.0500
206500 -1.465742 0.003082 0.0500
206600 -1.454046 0.003415 0.0500
206700 -1.461081 0.003196 0.0500
206800 -1.481379 0.002779 0.0500
206900 -1.489454 0.002678 0.0500
207000 -1.480924 0.002782 0.0500
207100 -1.485789 0.002715 0.0500
207200 -1.494454 0.002626 0.0500
207300 -1.503464 0.002570 0.0500
207400 -1.500710 0.002581 0.0500
207500 -1.497947 0.002595 0.0500
207600 -1.511717 0.002545 0.0500
207700 -1.534013 0.002637 0.0500
207800 -1.540976 0.002711 0.0500
207900 -1.526202 0.002575 0.0500
208000 -1.517011 0.002540 0.0500
208100 -1.520096 0.002545 0.0500
208200 -1.527569 0.002578 0.0500
208300 -1.544074 0.002743 0.0500
208400 -1.552122 0.002873 0.0500
208500 -1.554605 0.002919 0.0500
208600 -1.549308 0.002818 0.0500
208700 -1.563159 0.003109 0.0500
208800 -1.576960 0.003532 0.0500
208900 -1.559229 0.003008 0.0500
209000 -1.546980 0.002771 0.0500
209100 -1.555700 0.002927 0.0500
209200 -1.563157 0.003096 0.0500
209300 -1.565630 0.003159 0.0500
209400 -1.556680 0.002940 0.0500
209500 -1.540120 0.002666 0.0500
209600 -1.534914 0.002609 0.0500
209700 -1.542505 0.002692 0.0500
209800 -1.544048 0.002711 0.0500
209900 -1.533530 0.002591 0.0500
210000 -1.523117 0.002524 0.0500
210100 -1.530331 0.002562 0.0500
210200 -1.548005 0.002762 0.0500
210300 -1.549352 0.002783 0.0500
210400 -1.532887 0.002576 0.0500
210500 -1.535398 0.002596 0.0500
210600 -1.548576 0.002764 0.0500
210700 -1.553064 0.002841 0.0500
210800 -1.546675 0.002729 0.0500
210900 -1.540257 0.002640 0.0500
211000 -1.533947 0.002573 0.0500
211100 -1.526283 0.002519 0.0500
211200 -1.517157 0.002489 0.0500
211300 -1.509761 0.002491 0.0500
211400 -1.509105 0.002490 0.0500
211500 -1.518494 0.002485 0.0500
211600 -1.523357 0.002497 0.0500
211700 -1.524266 0.002499 0.0500
211800 -1.521930 0.002489 0.0500
211900 -1.515279 0.002475 0.0500
212000 -1.512877 0.002474 0.0500
212100 -1.521104 0.002481 0.0500
212200 -1.532161 0.002538 0.0500
212300 -1.526914 0.002501 0.0500
212400 -1.510502 0.002471 0.0500
212500 -1.513876 0.002465 0.0500
212600 -1.512833 0.002464 0.0500
212700 -1.498521 0.002518 0.0500
212800 -1.488101 0.002614 0.0500
212900 -1.501208 0.002498 0.0500
213000 -1.524411 0.002478 0.0500
213100 -1.524193 0.002475 0.0500
213200 -1.505558 0.002472 0.0500
213300 -1.494979 0.002536 0.0500
213400 -1.495158 0.002533 0.0500
213500 -1.489944 0.002581 0.0500
213600 -1.480195 0.002709 0.0500
213700 -1.486047 0.002624 0.0500
213800 -1.502051 0.002478 0.0500
213900 -1.514937 0.002443 0.0500
214000 -1.512625 0.002442 0.0500
214100 -1.516197 0.002440 0.0500
214200 -1.513754 0.002438 0.0500
214300 -1.508392 0.002444 0.0500
214400 -1.500623 0.002476 0.0500
214500 -1.504322 0.002455 0.0500
214600 -1.517367 0.002433 0.0500
214700 -1.520351 0.002437 0.0500
214800 -1.505562 0.002445 0.0500
214900 -1.510284 0.002430 0.0500
215000 -1.522311 0.002438 0.0500
215100 -1.516585 0.002424 0.0500
215200 -1.500559 0.002463 0.0500
215300 -1.498153 0.002478 0.0500
215400 -1.516561 0.002419 0.0500
215500 -1.531059 0.002479 0.0500
215600 -1.524936 0.002440 0.0500
215700 -1.517845 0.002416 0.0500
215800 -1.523858 0.002431 0.0500
215900 -1.533802 0.002496 0.0500
216000 -1.525741 0.002437 0.0500
216100 -1.523198 0.002424 0.0500
216200 -1.524049 0.002426 0.0500
216300 -1.535449 0.002504 0.0500
216400 -1.544686 0.002615 0.0500
216500 -1.537634 0.002523 0.0500
216600 -1.525955 0.002428 0.0500
216700 -1.522192 0.002410 0.0500
216800 -1.527805 0.002435 0.0500
216900 -1.524744 0.002417 0.0500
217000 -1.502907 0.002423 0.0500
217100 -1.499564 0.002442 0.0500
217200 -1.518507 0.002393 0.0500
217300 -1.529741 0.002440 0.0500
217400 -1.514603 0.002386 0.0500
217500 -1.493112 0.002489 0.0500
217600 -1.486417 0.002562 0.0500
217700 -1.498805 0.002437 0.0500
217800 -1.506602 0.002394 0.0500
217900 -1.491996 0.002493 0.0500
218000 -1.477484 0.002692 0.0500
218100 -1.496977 0.002444 0.0500
218200 -1.517642 0.002377 0.0500
218300 -1.504325 0.002396 0.0500
218400 -1.471308 0.002806 0.0500
218500 -1.459844 0.003096 0.0500
218600 -1.474495 0.002736 0.0500
218700 -1.477101 0.002686 0.0500
218800 -1.459633 0.003095 0.0500
218900 -1.449471 0.003449 0.0500
219000 -1.456244 0.003197 0.0500
219100 -1.470221 0.002813 0.0500
219200 -1.461911 0.003018 0.0500
219300 -1.444235 0.003667 0.0500
219400 -1.436355 0.004087 0.0500
219500 -1.431375 0.004411 0.0500
219600 -1.429714 0.004527 0.0500
219700 -1.422279 0.005156 0.0500
219800 -1.404820 0.007484 0.0500
219900 -1.400791 0.008250 0.0500
220000 -1.397769 0.008898 0.0500
220100 -1.396969 0.009064 0.0500
220200 -1.401120 0.008122 0.0500
220300 -1.395925 0.009275 0.0500
220400 -1.392085 0.010273 0.0500
220500 -1.396540 0.009075 0.0500
220600 -1.405023 0.007304 0.0500
220700 -1.400396 0.008172 0.0500
220800 -1.384416 0.012695 0.0500
220900 -1.378232 0.015271 0.0500
221000 -1.397680 0.008681 0.0500
221100 -1.412548 0.006073 0.0500
221200 -1.409551 0.006476 0.0500
221300 -1.401933 0.007742 0.0500
221400 -1.406788 0.006872 0.0500
221500 -1.422483 0.004946 0.0500
221600 -1.427502 0.004522 0.0500
221700 -1.413054 0.005947 0.0500
221800 -1.400568 0.007948 0.0500
221900 -1.405276 0.007063 0.0500
222000 -1.431447 0.004214 0.0500
222100 -1.453412 0.003174 0.0500
222200 -1.452505 0.003201 0.0500
222300 -1.455957 0.003088 0.0500
222400 -1.473221 0.002678 0.0500
222500 -1.489647 0.002452 0.0500
222600 -1.487883 0.002468 0.0500
222700 -1.487948 0.002466 0.0500
222800 -1.498955 0.002375 0.0500
222900 -1.507423 0.002341 0.0500
223000 -1.510688 0.002335 0.0500
223100 -1.510123 0.002334 0.0500
223200 -1.518263 0.002339 0.0500
223300 -1.524849 0.002364 0.0500
223400 -1.522219 0.002349 0.0500
223500 -1.515114 0.002328 0.0500
223600 -1.520771 0.002341 0.0500
223700 -1.528362 0.002380 0.0500
223800 -1.538542 0.002476 0.0500
223900 -1.546299 0.002583 0.0500
224000 -1.555427 0.002754 0.0500
224100 -1.561028 0.002883 0.0500
224200 -1.560144 0.002858 0.0500
224300 -1.563791 0.002950 0.0500
224400 -1.582781 0.003610 0.0500
224500 -1.595112 0.004231 0.0500
224600 -1.593682 0.004143 0.0500
224700 -1.600933 0.004586 0.0500
224800 -1.623511 0.006636 0.0500
224900 -1.630351 0.007536 0.0500
225000 -1.602612 0.004679 0.0500
225100 -1.582979 0.003588 0.0500
225200 -1.605050 0.004843 0.0500
225300 -1.623433 0.006580 0.0500
225400 -1.598197 0.004365 0.0500
225500 -1.582735 0.003561 0.0500
225600 -1.611187 0.005307 0.0500
225700 -1.631361 0.007612 0.0500
225800 -1.609796 0.005172 0.0500
225900 -1.596128 0.004211 0.0500
226000 -1.611667 0.005317 0.0500
226100 -1.620780 0.006203 0.0500
226200 -1.599064 0.004371 0.0500
226300 -1.585065 0.003627 0.0500
226400 -1.601725 0.004533 0.0500
226500 -1.611923 0.005304 0.0500
226600 -1.590702 0.003880 0.0500
226700 -1.579042 0.003364 0.0500
226800 -1.595940 0.004154 0.0500
226900 -1.606261 0.004826 0.0500
227000 -1.585354 0.003611 0.0500
227100 -1.570726 0.003068 0.0500
227200 -1.567992 0.002985 0.0500
227300 -1.567797 0.002977 0.0500
227400 -1.567108 0.002955 0.0500
227500 -1.572389 0.003109 0.0500
227600 -1.578009 0.003298 0.0500
227700 -1.575891 0.003220 0.0500
227800 -1.573922 0.003150 0.0500
227900 -1.571071 0.003057 0.0500
228000 -1.555909 0.002675 0.0500
228100 -1.551169 0.002585 0.0500
228200 -1.558667 0.002729 0.0500
228300 -1.558168 0.002716 0.0500
228400 -1.553870 0.002628 0.0500
228500 -1.561356 0.002783 0.0500
228600 -1.568028 0.002952 0.0500
228700 -1.557560 0.002695 0.0500
228800 -1.549067 0.002537 0.0500
228900 -1.554719 0.002634 0.0500
229000 -1.559463 0.002730 0.0500
229100 -1.546797 0.002497 0.0500
229200 -1.541127 0.002421 0.0500
229300 -1.555281 0.002637 0.0500
229400 -1.559681 0.002727 0.0500
229500 -1.550835 0.002553 0.0500
229600 -1.532306 0.002331 0.0500
229700 -1.524037 0.002284 0.0500
229800 -1.513005 0.002268 0.0500
229900 -1.496722 0.002336 0.0500
230000 -1.483528 0.002472 0.0500
230100 -1.481772 0.002494 0.0500
230200 -1.490769 0.002384 0.0500
230300 -1.500324 0.002305 0.0500
230400 -1.503233 0.002288 0.0500
230500 -1.500146 0.002303 0.0500
230600 -1.489982 0.002386 0.0500
230700 -1.491174 0.002372 0.0500
230800 -1.482328 0.002475 0.0500
230900 -1.464360 0.002810 0.0500
231000 -1.457784 0.002983 0.0500
231100 -1.470595 0.002668 0.0500
231200 -1.487162 0.002407 0.0500
231300 -1.483079 0.002456 0.0500
231400 -1.474289 0.002592 0.0500
231500 -1.463396 0.002821 0.0500
231600 -1.452236 0.003146 0.0500
231700 -1.441312 0.003589 0.0500
231800 -1.430416 0.004212 0.0500
231900 -1.432631 0.004061 0.0500
232000 -1.444059 0.003451 0.0500
232100 -1.457900 0.002953 0.0500
232200 -1.468376 0.002690 0.0500
232300 -1.461937 0.002838 0.0500
232400 -1.448661 0.003252 0.0500
232500 -1.432443 0.004053 0.0500
232600 -1.426489 0.004469 0.0500
232700 -1.420481 0.004984 0.0500
232800 -1.419406 0.005082 0.0500
232900 -1.412707 0.005830 0.0500
233000 -1.411511 0.005975 0.0500
233100 -1.411832 0.005923 0.0500
233200 -1.404158 0.007073 0.0500
233300 -1.384835 0.012014 0.0500
233400 -1.371376 0.018311 0.0500
233500 -1.377509 0.014951 0.0500
233600 -1.376639 0.015306 0.0500
233700 -1.363162 0.023704 0.0500
233800 -1.365434 0.021832 0.0500
233900 -1.379662 0.013685 0.0500
234000 -1.380479 0.013291 0.0500
234100 -1.369986 0.018531 0.0500
234200 -1.353924 0.031494 0.0500
234300 -1.357232 0.027950 0.0500
234400 -1.356806 0.028131 0.0500
234500 -1.344342 0.042140 0.0500
234600 -1.337513 0.051723 0.0500
234700 -1.354974 0.028938 0.0500
234800 -1.368787 0.018173 0.0500
234900 -1.361430 0.023040 0.0500
235000 -1.350659 0.032759 0.0500
235100 -1.344304 0.039987 0.0500
235200 -1.341429 0.043380 0.0500
235300 -1.340872 0.043628 0.0500
235400 -1.351539 0.030446 0.0500
235500 -1.343162 0.039710 0.0500
235600 -1.340110 0.043310 0.0500
235700 -1.367623 0.017432 0.0500
235800 -1.393632 0.008100 0.0500
235900 -1.385789 0.009985 0.0500
236000 -1.356280 0.025017 0.0500
236100 -1.347757 0.032917 0.0500
236200 -1.369809 0.015862 0.0500
236300 -1.375140 0.013376 0.0500
236400 -1.355171 0.025341 0.0500
236500 -1.338208 0.043847 0.0500
236600 -1.360180 0.021093 0.0500
236700 -1.376717 0.012436 0.0500
236800 -1.348243 0.030995 0.0500
236900 -1.327209 0.059851 0.0500
237000 -1.352811 0.026036 0.0500
237100 -1.371676 0.014091 0.0500
237200 -1.351144 0.027208 0.0500
237300 -1.336831 0.043041 0.0500
237400 -1.371211 0.014004 0.0500
237500 -1.410114 0.005215 0.0500
237600 -1.414467 0.004804 0.0500
237700 -1.397293 0.006830 0.0500
237800 -1.402533 0.006059 0.0500
237900 -1.435484 0.003498 0.0500
238000 -1.463419 0.002679 0.0500
238100 -1.446770 0.003084 0.0500
238200 -1.427545 0.003873 0.0500
238300 -1.428321 0.003827 0.0500
238400 -1.447395 0.003057 0.0500
238500 -1.459494 0.002747 0.0500
238600 -1.449011 0.003005 0.0500
238700 -1.439955 0.003297 0.0500
238800 -1.467956 0.002580 0.0500
238900 -1.491293 0.002297 0.0500
239000 -1.488842 0.002315 0.0500
239100 -1.468817 0.002561 0.0500
239200 -1.473146 0.002492 0.0500
239300 -1.493474 0.002275 0.0500
239400 -1.501489 0.002231 0.0500
239500 -1.485032 0.002343 0.0500
239600 -1.483983 0.002352 0.0500
239700 -1.497835 0.002244 0.0500
239800 -1.510138 0.002206 0.0500
239900 -1.502756 0.002220 0.0500
240000 -1.485491 0.002331 0.0500
240100 -1.481045 0.002376 0.0500
240200 -1.492038 0.002273 0.0500
240300 -1.485204 0.002329 0.0500
240400 -1.484364 0.002336 0.0500
240500 -1.479218 0.002392 0.0500
240600 -1.471637 0.002493 0.0500
240700 -1.466124 0.002582 0.0500
240800 -1.472742 0.002473 0.0500
240900 -1.478648 0.002392 0.0500
241000 -1.479542 0.002380 0.0500
241100 -1.475977 0.002423 0.0500
241200 -1.473125 0.002461 0.0500
241300 -1.479627 0.002374 0.0500
241400 -1.487434 0.002292 0.0500
241500 -1.498711 0.002215 0.0500
241600 -1.494797 0.002234 0.0500
241700 -1.482241 0.002338 0.0500
241800 -1.493043 0.002243 0.0500
241900 -1.521150 0.002199 0.0500
242000 -1.522608 0.002203 0.0500
242100 -1.502241 0.002192 0.0500
242200 -1.499048 0.002204 0.0500
242300 -1.521426 0.002194 0.0500
242400 -1.535650 0.002292 0.0500
242500 -1.516640 0.002177 0.0500
242600 -1.500736 0.002192 0.0500
242700 -1.514539 0.002171 0.0500
242800 -1.534700 0.002277 0.0500
242900 -1.536416 0.002293 0.0500
243000 -1.523963 0.002196 0.0500
243100 -1.528137 0.002220 0.0500
243200 -1.547319 0.002431 0.0500
243300 -1.557371 0.002617 0.0500
243400 -1.549250 0.002460 0.0500
243500 -1.540239 0.002327 0.0500
243600 -1.542637 0.002357 0.0500
243700 -1.557690 0.002617 0.0500
243800 -1.566251 0.002825 0.0500
243900 -1.553607 0.002529 0.0500
244000 -1.537376 0.002287 0.0500
244100 -1.548843 0.002441 0.0500
244200 -1.560950 0.002682 0.0500
244300 -1.549490 0.002448 0.0500
244400 -1.530449 0.002218 0.0500
244500 -1.525306 0.002184 0.0500
244600 -1.538782 0.002294 0.0500
244700 -1.543720 0.002354 0.0500
244800 -1.534537 0.002247 0.0500
244900 -1.520719 0.002158 0.0500
245000 -1.520836 0.002157 0.0500
245100 -1.537940 0.002277 0.0500
245200 -1.547780 0.002407 0.0500
245300 -1.535150 0.002246 0.0500
245400 -1.532708 0.002222 0.0500
245500 -1.544962 0.002360 0.0500
245600 -1.553501 0.002501 0.0500
245700 -1.543372 0.002335 0.0500
245800 -1.531472 0.002207 0.0500
245900 -1.537571 0.002262 0.0500
246000 -1.544805 0.002350 0.0500
246100 -1.533834 0.002222 0.0500
246200 -1.521952 0.002146 0.0500
246300 -1.520864 0.002141 0.0500
246400 -1.517064 0.002130 0.0500
246500 -1.503145 0.002141 0.0500
246600 -1.496038 0.002175 0.0500
246700 -1.504774 0.002134 0.0500
246800 -1.512806 0.002121 0.0500
246900 -1.504467 0.002132 0.0500
247000 -1.495945 0.002170 0.0500
247100 -1.511758 0.002117 0.0500
247200 -1.522356 0.002135 0.0500
247300 -1.506610 0.002121 0.0500
247400 -1.492948 0.002185 0.0500
247500 -1.503894 0.002126 0.0500
247600 -1.516125 0.002114 0.0500
247700 -1.509833 0.002111 0.0500
247800 -1.503687 0.002123 0.0500
247900 -1.521087 0.002122 0.0500
248000 -1.540047 0.002265 0.0500
248100 -1.529095 0.002161 0.0500
248200 -1.501489 0.002127 0.0500
248300 -1.495748 0.002156 0.0500
248400 -1.506319 0.002109 0.0500
248500 -1.500694 0.002126 0.0500
248600 -1.489453 0.002199 0.0500
248700 -1.488192 0.002209 0.0500
248800 -1.495246 0.002153 0.0500
248900 -1.493308 0.002164 0.0500
249000 -1.485023 0.002236 0.0500
249100 -1.485165 0.002233 0.0500
249200 -1.491176 0.002177 0.0500
249300 -1.484051 0.002242 0.0500
249400 -1.473400 0.002378 0.0500
249500 -1.475047 0.002352 0.0500
249600 -1.479551 0.002290 0.0500
249700 -1.476686 0.002326 0.0500
249800 -1.468932 0.002443 0.0500
249900 -1.471072 0.002406 0.0500
250000 -1.489519 0.002180 0.0500
250100 -1.497625 0.002122 0.0500
250200 -1.481032 0.002263 0.0500
250300 -1.455061 0.002724 0.0500
250400 -1.458696 0.002636 0.0500
250500 -1.480186 0.002269 0.0500
250600 -1.481313 0.002254 0.0500
250700 -1.464736 0.002505 0.0500
250800 -1.457154 0.002665 0.0500
250900 -1.470004 0.002408 0.0500
251000 -1.481409 0.002247 0.0500
251100 -1.469871 0.002407 0.0500
251200 -1.447981 0.002903 0.0500
251300 -1.439814 0.003178 0.0500
251400 -1.464249 0.002502 0.0500
251500 -1.478900 0.002270 0.0500
251600 -1.453194 0.002748 0.0500
251700 -1.424884 0.003889 0.0500
251800 -1.438443 0.003219 0.0500
251900 -1.465750 0.002465 0.0500
252000 -1.460211 0.002574 0.0500
252100 -1.436286 0.003300 0.0500
252200 -1.438493 0.003207 0.0500
252300 -1.471056 0.002368 0.0500
252400 -1.491252 0.002135 0.0500
252500 -1.479258 0.002251 0.0500
252600 -1.457902 0.002614 0.0500
252700 -1.466378 0.002440 0.0500
252800 -1.491493 0.002128 0.0500
252900 -1.484814 0.002184 0.0500
253000 -1.466303 0.002437 0.0500
253100 -1.463538 0.002487 0.0500
253200 -1.484225 0.002186 0.0500
253300 -1.496342 0.002091 0.0500
253400 -1.480022 0.002229 0.0500
253500 -1.455597 0.002654 0.0500
253600 -1.474702 0.002295 0.0500
253700 -1.506091 0.002052 0.0500
253800 -1.509906 0.002048 0.0500
253900 -1.487598 0.002146 0.0500
254000 -1.485820 0.002160 0.0500
254100 -1.506943 0.002046 0.0500
254200 -1.528278 0.002106 0.0500
254300 -1.508382 0.002043 0.0500
254400 -1.488357 0.002133 0.0500
254500 -1.501621 0.002054 0.0500
254600 -1.525884 0.002086 0.0500
254700 -1.519793 0.002054 0.0500
254800 -1.506466 0.002039 0.0500
254900 -1.500385 0.002054 0.0500
255000 -1.513453 0.002036 0.0500
255100 -1.520192 0.002051 0.0500
255200 -1.501977 0.002045 0.0500
255300 -1.487542 0.002131 0.0500
255400 -1.501379 0.002045 0.0500
255500 -1.528753 0.002096 0.0500
255600 -1.527188 0.002083 0.0500
255700 -1.509280 0.002026 0.0500
255800 -1.501941 0.002039 0.0500
255900 -1.511261 0.002024 0.0500
256000 -1.518667 0.002036 0.0500
256100 -1.509653 0.002021 0.0500
256200 -1.501018 0.002037 0.0500
256300 -1.507408 0.002021 0.0500
256400 -1.518372 0.002030 0.0500
256500 -1.503950 0.002025 0.0500
256600 -1.483225 0.002158 0.0500
256700 -1.482335 0.002166 0.0500
256800 -1.493747 0.002067 0.0500
256900 -1.492985 0.002071 0.0500
257000 -1.484824 0.002137 0.0500
257100 -1.492142 0.002074 0.0500
257200 -1.506780 0.002012 0.0500
257300 -1.508403 0.002009 0.0500
257400 -1.495895 0.002047 0.0500
257500 -1.488050 0.002101 0.0500
257600 -1.491880 0.002070 0.0500
257700 -1.502368 0.002016 0.0500
257800 -1.504987 0.002008 0.0500
257900 -1.501861 0.002015 0.0500
258000 -1.500430 0.002019 0.0500
258100 -1.505314 0.002004 0.0500
258200 -1.509682 0.001998 0.0500
258300 -1.495265 0.002040 0.0500
258400 -1.491167 0.002066 0.0500
258500 -1.496936 0.002029 0.0500
258600 -1.497512 0.002025 0.0500
258700 -1.501258 0.002008 0.0500
258800 -1.503242 0.002001 0.0500
258900 -1.493797 0.002042 0.0500
259000 -1.486379 0.002099 0.0500
259100 -1.492240 0.002050 0.0500
259200 -1.508785 0.001988 0.0500
259300 -1.514630 0.001990 0.0500
259400 -1.512875 0.001987 0.0500
259500 -1.517701 0.001996 0.0500
259600 -1.524306 0.002024 0.0500
259700 -1.529640 0.002060 0.0500
259800 -1.530625 0.002068 0.0500
259900 -1.534391 0.002102 0.0500
260000 -1.545678 0.002249 0.0500
260100 -1.547651 0.002280 0.0500
260200 -1.546752 0.002263 0.0500
260300 -1.544700 0.002229 0.0500
260400 -1.542024 0.002188 0.0500
260500 -1.540700 0.002169 0.0500
260600 -1.546958 0.002261 0.0500
260700 -1.557142 0.002458 0.0500
260800 -1.557329 0.002461 0.0500
260900 -1.547889 0.002272 0.0500
261000 -1.562768 0.002590 0.0500
261100 -1.583044 0.003281 0.0500
261200 -1.577989 0.003072 0.0500
261300 -1.559091 0.002492 0.0500
261400 -1.570225 0.002797 0.0500
261500 -1.592112 0.003708 0.0500
261600 -1.586393 0.003418 0.0500
261700 -1.557929 0.002458 0.0500
261800 -1.563388 0.002590 0.0500
261900 -1.593470 0.003771 0.0500
262000 -1.586126 0.003394 0.0500
262100 -1.542933 0.002177 0.0500
262200 -1.534266 0.002072 0.0500
262300 -1.556770 0.002422 0.0500
262400 -1.562825 0.002565 0.0500
262500 -1.529313 0.002025 0.0500
262600 -1.515499 0.001961 0.0500
262700 -1.545936 0.002214 0.0500
262800 -1.568155 0.002707 0.0500
262900 -1.554481 0.002365 0.0500
263000 -1.524459 0.001988 0.0500
263100 -1.523836 0.001984 0.0500
263200 -1.555062 0.002373 0.0500
263300 -1.552310 0.002316 0.0500
263400 -1.525360 0.001989 0.0500
263500 -1.523151 0.001976 0.0500
263600 -1.560545 0.002491 0.0500
263700 -1.581735 0.003175 0.0500
263800 -1.562179 0.002528 0.0500
263900 -1.541251 0.002131 0.0500
264000 -1.548490 0.002238 0.0500
264100 -1.552750 0.002314 0.0500
264200 -1.534814 0.002054 0.0500
264300 -1.521312 0.001960 0.0500
264400 -1.521957 0.001961 0.0500
264500 -1.530236 0.002010 0.0500
264600 -1.530659 0.002012 0.0500
264700 -1.513288 0.001937 0.0500
264800 -1.502775 0.001951 0.0500
264900 -1.505649 0.001942 0.0500
265000 -1.506723 0.001939 0.0500
265100 -1.495764 0.001982 0.0500
265200 -1.486334 0.002057 0.0500
265300 -1.498075 0.001967 0.0500
265400 -1.528347 0.001987 0.0500
265500 -1.533446 0.002027 0.0500
265600 -1.502027 0.001946 0.0500
265700 -1.468493 0.002296 0.0500
265800 -1.476993 0.002161 0.0500
265900 -1.496329 0.001970 0.0500
266000 -1.496338 0.001969 0.0500
266100 -1.476526 0.002164 0.0500
266200 -1.471753 0.002234 0.0500
266300 -1.485059 0.002058 0.0500
266400 -1.492232 0.001992 0.0500
266500 -1.472079 0.002225 0.0500
266600 -1.461127 0.002429 0.0500
266700 -1.465726 0.002333 0.0500
266800 -1.481632 0.002089 0.0500
266900 -1.481507 0.002089 0.0500
267000 -1.478003 0.002132 0.0500
267100 -1.490079 0.002001 0.0500
267200 -1.503872 0.001923 0.0500
267300 -1.500669 0.001934 0.0500
267400 -1.493349 0.001973 0.0500
267500 -1.505093 0.001917 0.0500
267600 -1.518287 0.001919 0.0500
267700 -1.518509 0.001919 0.0500
267800 -1.518253 0.001917 0.0500
267900 -1.521270 0.001926 0.0500
268000 -1.537507 0.002050 0.0500
268100 -1.545156 0.002151 0.0500
268200 -1.539606 0.002073 0.0500
268300 -1.540717 0.002086 0.0500
268400 -1.551475 0.002255 0.0500
268500 -1.560516 0.002448 0.0500
268600 -1.565656 0.002581 0.0500
268700 -1.565297 0.002569 0.0500
268800 -1.571860 0.002765 0.0500
268900 -1.586512 0.003342 0.0500
269000 -1.587369 0.003380 0.0500
269100 -1.582253 0.003146 0.0500
269200 -1.584580 0.003244 0.0500
269300 -1.591008 0.003553 0.0500
269400 -1.585611 0.003285 0.0500
269500 -1.579192 0.003010 0.0500
269600 -1.594700 0.003745 0.0500
269700 -1.618596 0.005617 0.0500
269800 -1.633519 0.007563 0.0500
269900 -1.636188 0.007993 0.0500
270000 -1.632774 0.007412 0.0500
270100 -1.637768 0.008239 0.0500
270200 -1.635846 0.007882 0.0500
270300 -1.629211 0.006837 0.0500
270400 -1.628237 0.006689 0.0500
270500 -1.635440 0.007766 0.0500
270600 -1.647505 0.010194 0.0500
270700 -1.651221 0.011119 0.0500
270800 -1.657520 0.012978 0.0500
270900 -1.664274 0.015428 0.0500
271000 -1.660588 0.013938 0.0500
271100 -1.652669 0.011354 0.0500
271200 -1.646222 0.009689 0.0500
271300 -1.642162 0.008797 0.0500
271400 -1.647668 0.009974 0.0500
271500 -1.650395 0.010620 0.0500
271600 -1.645306 0.009380 0.0500
271700 -1.648911 0.010189 0.0500
271800 -1.656924 0.012392 0.0500
271900 -1.642735 0.008763 0.0500
272000 -1.619333 0.005405 0.0500
272100 -1.618861 0.005350 0.0500
272200 -1.645953 0.009392 0.0500
272300 -1.649168 0.010111 0.0500
272400 -1.630407 0.006645 0.0500
272500 -1.621225 0.005545 0.0500
272600 -1.639262 0.007994 0.0500
272700 -1.651548 0.010629 0.0500
272800 -1.629750 0.006503 0.0500
272900 -1.601734 0.003953 0.0500
273000 -1.612038 0.004666 0.0500
273100 -1.630254 0.006544 0.0500
273200 -1.619663 0.005323 0.0500
273300 -1.593620 0.003489 0.0500
273400 -1.592287 0.003421 0.0500
273500 -1.602831 0.003992 0.0500
273600 -1.599446 0.003786 0.0500
273700 -1.576932 0.002801 0.0500
273800 -1.563511 0.002426 0.0500
273900 -1.569144 0.002566 0.0500
274000 -1.582485 0.002989 0.0500
274100 -1.580236 0.002905 0.0500
274200 -1.575646 0.002749 0.0500
274300 -1.580440 0.002908 0.0500
274400 -1.594755 0.003513 0.0500
274500 -1.584604 0.003058 0.0500
274600 -1.562553 0.002389 0.0500
274700 -1.551120 0.002168 0.0500
274800 -1.556920 0.002269 0.0500
274900 -1.550324 0.002152 0.0500
275000 -1.522314 0.001890 0.0500
275100 -1.502725 0.001895 0.0500
275200 -1.517893 0.001877 0.0500
275300 -1.534762 0.001961 0.0500
275400 -1.513732 0.001871 0.0500
275500 -1.490826 0.001966 0.0500
275600 -1.501529 0.001896 0.0500
275700 -1.523382 0.001887 0.0500
275800 -1.511027 0.001868 0.0500
275900 -1.473600 0.002168 0.0500
276000 -1.472116 0.002190 0.0500
276100 -1.509280 0.001868 0.0500
276200 -1.518557 0.001869 0.0500
276300 -1.496874 0.001914 0.0500
276400 -1.495003 0.001925 0.0500
276500 -1.517394 0.001864 0.0500
276600 -1.530801 0.001920 0.0500
276700 -1.519622 0.001867 0.0500
276800 -1.501120 0.001886 0.0500
276900 -1.508999 0.001860 0.0500
277000 -1.531052 0.001918 0.0500
277100 -1.529377 0.001905 0.0500
277200 -1.508467 0.001859 0.0500
277300 -1.499991 0.001887 0.0500
277400 -1.516900 0.001855 0.0500
277500 -1.530271 0.001907 0.0500
277600 -1.514962 0.001851 0.0500
277700 -1.495974 0.001906 0.0500
277800 -1.510351 0.001850 0.0500
277900 -1.535311 0.001943 0.0500
278000 -1.533746 0.001929 0.0500
278100 -1.516301 0.001847 0.0500
278200 -1.507094 0.001852 0.0500
278300 -1.517867 0.001848 0.0500
278400 -1.524195 0.001866 0.0500
278500 -1.514259 0.001842 0.0500
278600 -1.502990 0.001861 0.0500
278700 -1.502340 0.001863 0.0500
278800 -1.499961 0.001873 0.0500
278900 -1.492243 0.001923 0.0500
279000 -1.484547 0.001995 0.0500
279100 -1.489358 0.001945 0.0500
279200 -1.506915 0.001843 0.0500
279300 -1.516338 0.001836 0.0500
279400 -1.516642 0.001836 0.0500
279500 -1.503018 0.001853 0.0500
279600 -1.490509 0.001931 0.0500
279700 -1.494053 0.001901 0.0500
279800 -1.498860 0.001869 0.0500
279900 -1.486292 0.001968 0.0500
280000 -1.491844 0.001915 0.0500
280100 -1.521711 0.001841 0.0500
280200 -1.535009 0.001921 0.0500
280300 -1.518105 0.001830 0.0500
280400 -1.502908 0.001845 0.0500
280500 -1.515944 0.001825 0.0500
280600 -1.535504 0.001922 0.0500
280700 -1.520472 0.001832 0.0500
280800 -1.496514 0.001874 0.0500
280900 -1.500617 0.001850 0.0500
281000 -1.525853 0.001851 0.0500
281100 -1.540880 0.001973 0.0500
281200 -1.523898 0.001840 0.0500
281300 -1.511189 0.001817 0.0500
281400 -1.524810 0.001842 0.0500
281500 -1.539530 0.001954 0.0500
281600 -1.527017 0.001851 0.0500
281700 -1.513217 0.001813 0.0500
281800 -1.517122 0.001815 0.0500
281900 -1.534810 0.001904 0.0500
282000 -1.534419 0.001899 0.0500
282100 -1.507052 0.001817 0.0500
282200 -1.496871 0.001860 0.0500
282300 -1.504916 0.001821 0.0500
282400 -1.520927 0.001818 0.0500
282500 -1.511899 0.001806 0.0500
282600 -1.484569 0.001964 0.0500
282700 -1.478771 0.002035 0.0500
282800 -1.497780 0.001849 0.0500
282900 -1.506687 0.001810 0.0500
283000 -1.491732 0.001890 0.0500
283100 -1.481750 0.001992 0.0500
283200 -1.505558 0.001811 0.0500
283300 -1.519603 0.001807 0.0500
283400 -1.495264 0.001860 0.0500
283500 -1.471416 0.002140 0.0500
283600 -1.484007 0.001961 0.0500
283700 -1.514565 0.001796 0.0500
283800 -1.516062 0.001796 0.0500
283900 -1.489398 0.001902 0.0500
284000 -1.482647 0.001973 0.0500
284100 -1.501057 0.001820 0.0500
284200 -1.506811 0.001798 0.0500
284300 -1.474609 0.002080 0.0500
284400 -1.445661 0.002762 0.0500
284500 -1.466111 0.002226 0.0500
284600 -1.500230 0.001819 0.0500
284700 -1.494282 0.001854 0.0500
284800 -1.459473 0.002366 0.0500
284900 -1.462676 0.002292 0.0500
285000 -1.501050 0.001812 0.0500
285100 -1.499990 0.001816 0.0500
285200 -1.469674 0.002152 0.0500
285300 -1.465719 0.002225 0.0500
285400 -1.499595 0.001815 0.0500
285500 -1.506594 0.001788 0.0500
285600 -1.476930 0.002031 0.0500
285700 -1.451128 0.002574 0.0500
285800 -1.465753 0.002218 0.0500
285900 -1.495983 0.001831 0.0500
286000 -1.489987 0.001876 0.0500
286100 -1.455485 0.002449 0.0500
286200 -1.450270 0.002592 0.0500
286300 -1.470386 0.002126 0.0500
286400 -1.463540 0.002256 0.0500
286500 -1.424249 0.003732 0.0500
286600 -1.407216 0.005177 0.0500
286700 -1.441217 0.002887 0.0500
286800 -1.476506 0.002023 0.0500
286900 -1.467130 0.002177 0.0500
287000 -1.435470 0.003119 0.0500
287100 -1.442500 0.002831 0.0500
287200 -1.474540 0.002047 0.0500
287300 -1.468569 0.002145 0.0500
287400 -1.430780 0.003336 0.0500
287500 -1.432610 0.003242 0.0500
287600 -1.468174 0.002147 0.0500
287700 -1.482467 0.001935 0.0500
287800 -1.463226 0.002241 0.0500
287900 -1.454748 0.002438 0.0500
288000 -1.474914 0.002032 0.0500
288100 -1.492811 0.001834 0.0500
288200 -1.485971 0.001892 0.0500
288300 -1.483196 0.001921 0.0500
288400 -1.497857 0.001799 0.0500
288500 -1.524692 0.001793 0.0500
288600 -1.542941 0.001954 0.0500
288700 -1.536389 0.001878 0.0500
288800 -1.529040 0.001816 0.0500
288900 -1.553186 0.002109 0.0500
289000 -1.590787 0.003254 0.0500
289100 -1.588026 0.003127 0.0500
289200 -1.568943 0.002460 0.0500
289300 -1.587671 0.003107 0.0500
289400 -1.623444 0.005606 0.0500
289500 -1.620671 0.005307 0.0500
289600 -1.596716 0.003530 0.0500
289700 -1.593730 0.003373 0.0500
289800 -1.622282 0.005456 0.0500
289900 -1.627190 0.006000 0.0500
290000 -1.598752 0.003624 0.0500
290100 -1.597054 0.003528 0.0500
290200 -1.633849 0.006870 0.0500
290300 -1.652483 0.010597 0.0500
290400 -1.632720 0.006675 0.0500
290500 -1.623736 0.005549 0.0500
290600 -1.651926 0.010387 0.0500
290700 -1.673604 0.018639 0.0500
290800 -1.652231 0.010387 0.0500
290900 -1.631994 0.006492 0.0500
291000 -1.649563 0.009674 0.0500
291100 -1.688427 0.028528 0.0500
291200 -1.689978 0.029645 0.0500
291300 -1.672657 0.017656 0.0500
291400 -1.684543 0.024879 0.0500
291500 -1.703755 0.043791 0.0500
291600 -1.693710 0.032112 0.0500
291700 -1.674885 0.018259 0.0500
291800 -1.682825 0.022897 0.0500
291900 -1.697471 0.035225 0.0500
292000 -1.692855 0.030382 0.0500
292100 -1.681251 0.021341 0.0500
292200 -1.693802 0.030812 0.0500
292300 -1.714983 0.056870 0.0500
292400 -1.704380 0.041233 0.0500
292500 -1.692802 0.028896 0.0500
292600 -1.711491 0.049748 0.0500
292700 -1.715468 0.054930 0.0500
292800 -1.688323 0.024455 0.0500
292900 -1.684500 0.021727 0.0500
293000 -1.703553 0.037886 0.0500
293100 -1.716004 0.053765 0.0500
293200 -1.700166 0.033432 0.0500
293300 -1.706909 0.040392 0.0500
293400 -1.735052 0.085826 0.0500
293500 -1.726825 0.068140 0.0500
293600 -1.698991 0.030553 0.0500
293700 -1.710413 0.042173 0.0500
293800 -1.723357 0.059839 0.0500
293900 -1.704341 0.034439 0.0500
294000 -1.691876 0.023830 0.0500
294100 -1.713795 0.044459 0.0500
294200 -1.717720 0.049048 0.0500
294300 -1.694258 0.024742 0.0500
294400 -1.692364 0.023286 0.0500
294500 -1.715511 0.044919 0.0500
294600 -1.725482 0.058488 0.0500
294700 -1.718949 0.048080 0.0500
294800 -1.727047 0.059220 0.0500
294900 -1.737134 0.075574 0.0500
295000 -1.730341 0.062242 0.0500
295100 -1.708325 0.033424 0.0500
295200 -1.708633 0.033402 0.0500
295300 -1.716338 0.041077 0.0500
295400 -1.701064 0.026471 0.0500
295500 -1.685605 0.017294 0.0500
295600 -1.693133 0.021028 0.0500
295700 -1.693385 0.021047 0.0500
295800 -1.669945 0.011566 0.0500
295900 -1.654383 0.008237 0.0500
296000 -1.669261 0.011323 0.0500
296100 -1.670207 0.011536 0.0500
296200 -1.645725 0.006916 0.0500
296300 -1.631610 0.005407 0.0500
296400 -1.646941 0.007050 0.0500
296500 -1.649900 0.007442 0.0500
296600 -1.623914 0.004766 0.0500
296700 -1.594401 0.003171 0.0500
296800 -1.604498 0.003608 0.0500
296900 -1.620052 0.004483 0.0500
297000 -1.604640 0.003607 0.0500
297100 -1.582086 0.002728 0.0500
297200 -1.591903 0.003060 0.0500
297300 -1.604761 0.003604 0.0500
297400 -1.586070 0.002849 0.0500
297500 -1.565021 0.002276 0.0500
297600 -1.570335 0.002396 0.0500
297700 -1.580479 0.002667 0.0500
297800 -1.570366 0.002393 0.0500
297900 -1.551579 0.002026 0.0500
298000 -1.549860 0.001999 0.0500
298100 -1.566591 0.002302 0.0500
298200 -1.571533 0.002416 0.0500
298300 -1.559282 0.002150 0.0500
298400 -1.558746 0.002139 0.0500
298500 -1.566603 0.002297 0.0500
298600 -1.554557 0.002064 0.0500
298700 -1.528048 0.001778 0.0500
298800 -1.513927 0.001737 0.0500
298900 -1.529413 0.001784 0.0500
299000 -1.551397 0.002011 0.0500
299100 -1.545476 0.001929 0.0500
299200 -1.536615 0.001834 0.0500
299300 -1.548725 0.001969 0.0500
299400 -1.556112 0.002082 0.0500
299500 -1.540151 0.001865 0.0500
299600 -1.517315 0.001734 0.0500
299700 -1.521266 0.001741 0.0500
299800 -1.538035 0.001841 0.0500
299900 -1.545494 0.001921 0.0500
