# step cv h sig
0 -1.455586 0.239006 0.0500
100 -1.473423 0.224481 0.0500
200 -1.520311 0.222995 0.0500
300 -1.525375 0.211169 0.0500
400 -1.516542 0.196596 0.0500
500 -1.539650 0.194456 0.0500
600 -1.567708 0.200425 0.0500
700 -1.557937 0.183767 0.0500
800 -1.520198 0.165073 0.0500
900 -1.508527 0.159108 0.0500
1000 -1.526419 0.151326 0.0500
1100 -1.538438 0.147909 0.0500
1200 -1.534587 0.140751 0.0500
1300 -1.547665 0.140547 0.0500
1400 -1.569022 0.151099 0.0500
1500 -1.562834 0.139585 0.0500
1600 -1.514987 0.124448 0.0500
1700 -1.481257 0.143102 0.0500
1800 -1.478372 0.140195 0.0500
1900 -1.497120 0.120411 0.0500
2000 -1.512768 0.109954 0.0500
2100 -1.518195 0.105695 0.0500
2200 -1.523015 0.102393 0.0500
2300 -1.536442 0.101906 0.0500
2400 -1.531359 0.097659 0.0500
2500 -1.499956 0.101126 0.0500
2600 -1.471865 0.122914 0.0500
2700 -1.480991 0.109362 0.0500
2800 -1.513095 0.088536 0.0500
2900 -1.530958 0.087457 0.0500
3000 -1.524315 0.084062 0.0500
3100 -1.516044 0.082091 0.0500
3200 -1.499747 0.085182 0.0500
3300 -1.480426 0.097359 0.0500
3400 -1.464060 0.113138 0.0500
3500 -1.463320 0.110547 0.0500
3600 -1.480055 0.089623 0.0500
3700 -1.499819 0.075487 0.0500
3800 -1.514046 0.071208 0.0500
3900 -1.515302 0.069797 0.0500
4000 -1.509622 0.068782 0.0500
4100 -1.498600 0.070302 0.0500
4200 -1.484289 0.076933 0.0500
4300 -1.469916 0.088279 0.0500
4400 -1.458804 0.099374 0.0500
4500 -1.470105 0.083632 0.0500
4600 -1.495447 0.064572 0.0500
4700 -1.514858 0.060748 0.0500
4800 -1.509050 0.059627 0.0500
4900 -1.504931 0.059035 0.0500
5000 -1.502238 0.058531 0.0500
5100 -1.493675 0.060143 0.0500
5200 -1.485934 0.062915 0.0500
5300 -1.485297 0.062187 0.0500
5400 -1.481303 0.063627 0.0500
5500 -1.487129 0.059045 0.0500
5600 -1.498141 0.053895 0.0500
5700 -1.506272 0.051837 0.0500
5800 -1.490928 0.054713 0.0500
5900 -1.470053 0.067937 0.0500
6000 -1.456714 0.081596 0.0500
6100 -1.465642 0.069470 0.0500
6200 -1.470282 0.063757 0.0500
6300 -1.453261 0.081374 0.0500
6400 -1.446388 0.089189 0.0500
6500 -1.464974 0.064603 0.0500
6600 -1.476458 0.054503 0.0500
6700 -1.468975 0.059042 0.0500
6800 -1.446668 0.082809 0.0500
6900 -1.447106 0.080308 0.0500
7000 -1.462809 0.060828 0.0500
7100 -1.459554 0.062858 0.0500
7200 -1.444499 0.079486 0.0500
7300 -1.439996 0.084138 0.0500
7400 -1.447382 0.072238 0.0500
7500 -1.449393 0.068399 0.0500
7600 -1.434159 0.087704 0.0500
7700 -1.427122 0.096898 0.0500
7800 -1.434108 0.083390 0.0500
7900 -1.431475 0.085354 0.0500
8000 -1.414816 0.111066 0.0500
8100 -1.422690 0.094287 0.0500
8200 -1.450236 0.057579 0.0500
8300 -1.454177 0.053361 0.0500
8400 -1.431579 0.076501 0.0500
8500 -1.423325 0.086633 0.0500
8600 -1.433762 0.070376 0.0500
8700 -1.426261 0.078749 0.0500
8800 -1.415117 0.093737 0.0500
8900 -1.418806 0.085618 0.0500
9000 -1.425701 0.074057 0.0500
9100 -1.421494 0.078110 0.0500
9200 -1.406024 0.100039 0.0500
9300 -1.403334 0.101775 0.0500
9400 -1.412453 0.084719 0.0500
9500 -1.413329 0.081496 0.0500
9600 -1.406576 0.089455 0.0500
9700 -1.415201 0.075250 0.0500
9800 -1.436961 0.051570 0.0500
9900 -1.442997 0.046568 0.0500
10000 -1.426089 0.059689 0.0500
10100 -1.419808 0.065311 0.0500
10200 -1.439745 0.046586 0.0500
10300 -1.448567 0.040878 0.0500
10400 -1.436050 0.048024 0.0500
10500 -1.421180 0.060490 0.0500
10600 -1.428257 0.052739 0.0500
10700 -1.451814 0.037371 0.0500
10800 -1.464451 0.033028 0.0500
10900 -1.465991 0.032395 0.0500
11000 -1.458126 0.034101 0.0500
11100 -1.465644 0.031872 0.0500
11200 -1.489242 0.030185 0.0500
11300 -1.511554 0.034809 0.0500
11400 -1.516801 0.036623 0.0500
11500 -1.511242 0.034010 0.0500
11600 -1.511713 0.033858 0.0500
11700 -1.527172 0.041096 0.0500
11800 -1.552042 0.063044 0.0500
11900 -1.568063 0.084292 0.0500
12000 -1.563960 0.076132 0.0500
12100 -1.560173 0.069303 0.0500
12200 -1.588328 0.114025 0.0500
12300 -1.608121 0.148111 0.0500
12400 -1.583242 0.097636 0.0500
12500 -1.579694 0.089367 0.0500
12600 -1.621368 0.159321 0.0500
12700 -1.627070 0.161601 0.0500
12800 -1.601922 0.114906 0.0500
12900 -1.612175 0.127119 0.0500
13000 -1.639599 0.163443 0.0500
13100 -1.634941 0.149782 0.0500
13200 -1.610933 0.111963 0.0500
13300 -1.619566 0.119544 0.0500
13400 -1.641297 0.143648 0.0500
13500 -1.633731 0.128522 0.0500
13600 -1.620233 0.108426 0.0500
13700 -1.627969 0.113754 0.0500
13800 -1.640438 0.124577 0.0500
13900 -1.626359 0.104864 0.0500
14000 -1.611212 0.087701 0.0500
14100 -1.615984 0.089734 0.0500
14200 -1.624026 0.094815 0.0500
14300 -1.603813 0.075673 0.0500
14400 -1.586680 0.062471 0.0500
14500 -1.586075 0.061011 0.0500
14600 -1.594948 0.065622 0.0500
14700 -1.580281 0.055506 0.0500
14800 -1.559424 0.043821 0.0500
14900 -1.565636 0.046279 0.0500
15000 -1.569828 0.047781 0.0500
15100 -1.548115 0.037432 0.0500
15200 -1.526021 0.030120 0.0500
15300 -1.533099 0.031722 0.0500
15400 -1.543214 0.034654 0.0500
15500 -1.528585 0.029952 0.0500
15600 -1.504365 0.025802 0.0500
15700 -1.500696 0.025396 0.0500
15800 -1.497720 0.025111 0.0500
15900 -1.490578 0.024959 0.0500
16000 -1.470782 0.027073 0.0500
16100 -1.456091 0.031111 0.0500
16200 -1.449513 0.033625 0.0500
16300 -1.449482 0.033324 0.0500
16400 -1.439394 0.038535 0.0500
16500 -1.431657 0.043590 0.0500
16600 -1.429324 0.044935 0.0500
16700 -1.435918 0.039447 0.0500
16800 -1.444181 0.034112 0.0500
16900 -1.431906 0.041486 0.0500
17000 -1.421411 0.050032 0.0500
17100 -1.427052 0.044243 0.0500
17200 -1.441612 0.033919 0.0500
17300 -1.440911 0.033972 0.0500
17400 -1.434482 0.037463 0.0500
17500 -1.432746 0.038228 0.0500
17600 -1.437218 0.034999 0.0500
17700 -1.437930 0.034249 0.0500
17800 -1.425413 0.042555 0.0500
17900 -1.434003 0.035857 0.0500
18000 -1.462102 0.024402 0.0500
18100 -1.481448 0.021931 0.0500
18200 -1.481627 0.021790 0.0500
18300 -1.468532 0.022828 0.0500
18400 -1.463946 0.023446 0.0500
18500 -1.473969 0.021887 0.0500
18600 -1.487732 0.021193 0.0500
18700 -1.489413 0.021096 0.0500
18800 -1.482117 0.021000 0.0500
18900 -1.492267 0.020943 0.0500
19000 -1.522308 0.025148 0.0500
19100 -1.537999 0.029637 0.0500
19200 -1.528543 0.026410 0.0500
19300 -1.523038 0.024771 0.0500
19400 -1.535346 0.028098 0.0500
19500 -1.547041 0.032134 0.0500
19600 -1.545351 0.031181 0.0500
19700 -1.538695 0.028498 0.0500
19800 -1.557160 0.035656 0.0500
19900 -1.574010 0.043912 0.0500
20000 -1.570512 0.041466 0.0500
20100 -1.559265 0.035452 0.0500
20200 -1.566503 0.038541 0.0500
20300 -1.580470 0.045682 0.0500
20400 -1.582087 0.046052 0.0500
20500 -1.576912 0.042530 0.0500
20600 -1.585058 0.046687 0.0500
20700 -1.593513 0.051421 0.0500
20800 -1.593582 0.050733 0.0500
20900 -1.591315 0.048567 0.0500
21000 -1.604956 0.057340 0.0500
21100 -1.614336 0.064098 0.0500
21200 -1.608578 0.058203 0.0500
21300 -1.603639 0.053606 0.0500
21400 -1.594876 0.047132 0.0500
21500 -1.589533 0.043490 0.0500
21600 -1.584090 0.040186 0.0500
21700 -1.586009 0.040678 0.0500
21800 -1.588791 0.041622 0.0500
21900 -1.598153 0.046366 0.0500
22000 -1.596959 0.045060 0.0500
22100 -1.587449 0.039462 0.0500
22200 -1.595299 0.043077 0.0500
22300 -1.602196 0.046636 0.0500
22400 -1.598056 0.043551 0.0500
22500 -1.593598 0.040615 0.0500
22600 -1.589708 0.038253 0.0500
22700 -1.595676 0.040803 0.0500
22800 -1.601241 0.043435 0.0500
22900 -1.600346 0.042393 0.0500
23000 -1.595664 0.039383 0.0500
23100 -1.601817 0.042276 0.0500
23200 -1.604923 0.043628 0.0500
23300 -1.591962 0.036311 0.0500
23400 -1.578215 0.030742 0.0500
23500 -1.582842 0.032039 0.0500
23600 -1.581530 0.031298 0.0500
23700 -1.581802 0.031118 0.0500
23800 -1.597191 0.037153 0.0500
23900 -1.623546 0.055075 0.0500
24000 -1.623146 0.053864 0.0500
24100 -1.605266 0.039990 0.0500
24200 -1.609660 0.042197 0.0500
24300 -1.623276 0.052027 0.0500
24400 -1.615690 0.045176 0.0500
24500 -1.602753 0.036767 0.0500
24600 -1.610254 0.040561 0.0500
24700 -1.632779 0.058888 0.0500
24800 -1.642079 0.069048 0.0500
24900 -1.629979 0.053995 0.0500
25000 -1.617295 0.042758 0.0500
25100 -1.619897 0.044088 0.0500
25200 -1.622674 0.045637 0.0500
25300 -1.605365 0.034531 0.0500
25400 -1.586478 0.027545 0.0500
25500 -1.589146 0.028057 0.0500
25600 -1.606391 0.034181 0.0500
25700 -1.611650 0.036532 0.0500
25800 -1.606731 0.033672 0.0500
25900 -1.599445 0.030336 0.0500
26000 -1.607845 0.033601 0.0500
26100 -1.615842 0.037585 0.0500
26200 -1.608730 0.033362 0.0500
26300 -1.599924 0.029407 0.0500
26400 -1.598593 0.028705 0.0500
26500 -1.593480 0.026896 0.0500
26600 -1.587569 0.025189 0.0500
26700 -1.585140 0.024479 0.0500
26800 -1.576916 0.022809 0.0500
26900 -1.578009 0.022840 0.0500
27000 -1.584553 0.023887 0.0500
27100 -1.582424 0.023313 0.0500
27200 -1.575390 0.021998 0.0500
27300 -1.562605 0.020341 0.0500
27400 -1.551129 0.019280 0.0500
27500 -1.546827 0.018890 0.0500
27600 -1.548933 0.018927 0.0500
27700 -1.539189 0.018258 0.0500
27800 -1.527502 0.017663 0.0500
27900 -1.529418 0.017645 0.0500
28000 -1.535542 0.017813 0.0500
28100 -1.527563 0.017405 0.0500
28200 -1.518263 0.017078 0.0500
28300 -1.516583 0.016970 0.0500
28400 -1.519576 0.016941 0.0500
28500 -1.512005 0.016769 0.0500
28600 -1.494235 0.017065 0.0500
28700 -1.485910 0.017545 0.0500
28800 -1.489505 0.017182 0.0500
28900 -1.486155 0.017355 0.0500
29000 -1.468450 0.019648 0.0500
29100 -1.462311 0.020879 0.0500
29200 -1.474683 0.018380 0.0500
29300 -1.485984 0.017022 0.0500
29400 -1.477423 0.017827 0.0500
29500 -1.460914 0.020816 0.0500
29600 -1.455111 0.022341 0.0500
29700 -1.455853 0.021973 0.0500
29800 -1.449289 0.024081 0.0500
29900 -1.434927 0.030954 0.0500
30000 -1.422873 0.039567 0.0500
30100 -1.415441 0.046293 0.0500
30200 -1.416290 0.044816 0.0500
30300 -1.416266 0.044282 0.0500
30400 -1.414579 0.045469 0.0500
30500 -1.401758 0.060595 0.0500
30600 -1.398144 0.064826 0.0500
30700 -1.400350 0.060470 0.0500
30800 -1.391185 0.073481 0.0500
30900 -1.377064 0.097810 0.0500
31000 -1.378390 0.092609 0.0500
31100 -1.392955 0.065713 0.0500
31200 -1.386870 0.073910 0.0500
31300 -1.378230 0.087171 0.0500
31400 -1.390440 0.065316 0.0500
31500 -1.400197 0.051539 0.0500
31600 -1.384675 0.071826 0.0500
31700 -1.370545 0.094671 0.0500
31800 -1.384540 0.068832 0.0500
31900 -1.404167 0.043887 0.0500
32000 -1.400329 0.047140 0.0500
32100 -1.384182 0.066444 0.0500
32200 -1.391271 0.055802 0.0500
32300 -1.410827 0.036005 0.0500
32400 -1.399624 0.045265 0.0500
32500 -1.388767 0.056827 0.0500
32600 -1.390565 0.053742 0.0500
32700 -1.399131 0.043830 0.0500
32800 -1.406917 0.036657 0.0500
32900 -1.400035 0.042024 0.0500
33000 -1.402163 0.039665 0.0500
33100 -1.428413 0.023742 0.0500
33200 -1.450923 0.017643 0.0500
33300 -1.454774 0.016955 0.0500
33400 -1.439422 0.019904 0.0500
33500 -1.429830 0.022735 0.0500
33600 -1.458198 0.016246 0.0500
33700 -1.481492 0.014627 0.0500
33800 -1.458179 0.016116 0.0500
33900 -1.435686 0.020470 0.0500
34000 -1.443690 0.018338 0.0500
34100 -1.473634 0.014654 0.0500
34200 -1.479159 0.014394 0.0500
34300 -1.459247 0.015640 0.0500
34400 -1.461876 0.015299 0.0500
34500 -1.493196 0.014155 0.0500
34600 -1.504765 0.014407 0.0500
34700 -1.493553 0.014049 0.0500
34800 -1.480753 0.014026 0.0500
34900 -1.497905 0.014026 0.0500
35000 -1.512919 0.014559 0.0500
35100 -1.506811 0.014214 0.0500
35200 -1.501579 0.013965 0.0500
35300 -1.508513 0.014176 0.0500
35400 -1.522516 0.014895 0.0500
35500 -1.517835 0.014544 0.0500
35600 -1.504650 0.013853 0.0500
35700 -1.503754 0.013767 0.0500
35800 -1.516185 0.014283 0.0500
35900 -1.518348 0.014350 0.0500
36000 -1.509371 0.013828 0.0500
36100 -1.516299 0.014121 0.0500
36200 -1.532361 0.015142 0.0500
36300 -1.532361 0.015079 0.0500
36400 -1.509237 0.013611 0.0500
36500 -1.511996 0.013682 0.0500
36600 -1.538750 0.015433 0.0500
36700 -1.546777 0.016098 0.0500
36800 -1.533234 0.014851 0.0500
36900 -1.534657 0.014900 0.0500
37000 -1.551685 0.016391 0.0500
37100 -1.546820 0.015829 0.0500
37200 -1.521986 0.013846 0.0500
37300 -1.511563 0.013270 0.0500
37400 -1.520377 0.013651 0.0500
37500 -1.514953 0.013320 0.0500
37600 -1.493749 0.012723 0.0500
37700 -1.499222 0.012727 0.0500
37800 -1.516793 0.013272 0.0500
37900 -1.513195 0.013054 0.0500
38000 -1.497239 0.012569 0.0500
38100 -1.493751 0.012505 0.0500
38200 -1.515802 0.013042 0.0500
38300 -1.528746 0.013765 0.0500
38400 -1.508914 0.012660 0.0500
38500 -1.510076 0.012657 0.0500
38600 -1.545140 0.014989 0.0500
38700 -1.548809 0.015294 0.0500
38800 -1.527085 0.013402 0.0500
38900 -1.528232 0.013429 0.0500
39000 -1.542768 0.014536 0.0500
39100 -1.550525 0.015243 0.0500
39200 -1.538564 0.014049 0.0500
39300 -1.531721 0.013464 0.0500
39400 -1.548974 0.014906 0.0500
39500 -1.564767 0.016755 0.0500
39600 -1.566245 0.016890 0.0500
39700 -1.560798 0.016060 0.0500
39800 -1.565894 0.016685 0.0500
39900 -1.582603 0.019625 0.0500
40000 -1.587414 0.020673 0.0500
40100 -1.571774 0.017332 0.0500
40200 -1.579408 0.018638 0.0500
40300 -1.596743 0.023101 0.0500
40400 -1.608240 0.027611 0.0500
40500 -1.610539 0.028541 0.0500
40600 -1.600621 0.023967 0.0500
40700 -1.607429 0.026624 0.0500
40800 -1.619965 0.033452 0.0500
40900 -1.611694 0.028251 0.0500
41000 -1.605387 0.025098 0.0500
41100 -1.617495 0.031087 0.0500
41200 -1.632703 0.042596 0.0500
41300 -1.632546 0.041943 0.0500
41400 -1.617511 0.030139 0.0500
41500 -1.602198 0.022826 0.0500
41600 -1.605544 0.023926 0.0500
41700 -1.612053 0.026609 0.0500
41800 -1.602058 0.022318 0.0500
41900 -1.591425 0.019127 0.0500
42000 -1.608452 0.024500 0.0500
42100 -1.630880 0.038301 0.0500
42200 -1.631366 0.038315 0.0500
42300 -1.620760 0.030108 0.0500
42400 -1.630662 0.036998 0.0500
42500 -1.655663 0.066583 0.0500
42600 -1.650858 0.058188 0.0500
42700 -1.630577 0.035417 0.0500
42800 -1.636376 0.040049 0.0500
42900 -1.661302 0.072234 0.0500
43000 -1.654512 0.060133 0.0500
43100 -1.635691 0.037696 0.0500
43200 -1.641101 0.042330 0.0500
43300 -1.657916 0.062883 0.0500
43400 -1.653356 0.055302 0.0500
43500 -1.639352 0.038902 0.0500
43600 -1.643422 0.042359 0.0500
43700 -1.647049 0.045675 0.0500
43800 -1.629546 0.030177 0.0500
43900 -1.614599 0.022486 0.0500
44000 -1.625141 0.027156 0.0500
44100 -1.647123 0.044286 0.0500
44200 -1.645446 0.041993 0.0500
44300 -1.628018 0.027947 0.0500
44400 -1.627141 0.027234 0.0500
44500 -1.645381 0.040842 0.0500
44600 -1.646963 0.041968 0.0500
44700 -1.627334 0.026556 0.0500
44800 -1.624228 0.024781 0.0500
44900 -1.636873 0.032188 0.0500
45000 -1.650558 0.044370 0.0500
45100 -1.634659 0.029987 0.0500
45200 -1.619805 0.022059 0.0500
45300 -1.626377 0.024813 0.0500
45400 -1.642002 0.034813 0.0500
45500 -1.649012 0.040954 0.0500
45600 -1.640442 0.032845 0.0500
45700 -1.632098 0.026948 0.0500
45800 -1.646040 0.036993 0.0500
45900 -1.659073 0.051005 0.0500
46000 -1.646434 0.036464 0.0500
46100 -1.636739 0.028677 0.0500
46200 -1.652271 0.041479 0.0500
46300 -1.674637 0.072815 0.0500
46400 -1.668791 0.061572 0.0500
46500 -1.657916 0.045740 0.0500
46600 -1.665959 0.055578 0.0500
46700 -1.683867 0.085341 0.0500
46800 -1.666004 0.053572 0.0500
46900 -1.645407 0.031522 0.0500
47000 -1.651585 0.036289 0.0500
47100 -1.661777 0.046501 0.0500
47200 -1.650304 0.034368 0.0500
47300 -1.642998 0.028617 0.0500
47400 -1.655231 0.038179 0.0500
47500 -1.667587 0.051909 0.0500
47600 -1.662756 0.045147 0.0500
47700 -1.647847 0.030688 0.0500
47800 -1.650714 0.032605 0.0500
47900 -1.667394 0.049444 0.0500
48000 -1.659317 0.039560 0.0500
48100 -1.653223 0.033548 0.0500
48200 -1.664796 0.044669 0.0500
48300 -1.676662 0.060089 0.0500
48400 -1.670568 0.050447 0.0500
48500 -1.657798 0.035765 0.0500
48600 -1.645904 0.026578 0.0500
48700 -1.635862 0.021321 0.0500
48800 -1.632851 0.020015 0.0500
48900 -1.629418 0.018723 0.0500
49000 -1.620597 0.016258 0.0500
49100 -1.622574 0.016640 0.0500
49200 -1.641495 0.023341 0.0500
49300 -1.653959 0.031024 0.0500
49400 -1.639047 0.021837 0.0500
49500 -1.611367 0.014203 0.0500
49600 -1.602057 0.013117 0.0500
49700 -1.610325 0.013955 0.0500
49800 -1.615171 0.014617 0.0500
49900 -1.611406 0.013989 0.0500
50000 -1.614845 0.014448 0.0500
50100 -1.633231 0.018954 0.0500
50200 -1.657369 0.032665 0.0500
50300 -1.657168 0.032200 0.0500
50400 -1.639394 0.020956 0.0500
50500 -1.625947 0.016287 0.0500
50600 -1.631061 0.017653 0.0500
50700 -1.644462 0.023060 0.0500
50800 -1.650284 0.026289 0.0500
50900 -1.647685 0.024512 0.0500
51000 -1.646237 0.023530 0.0500
51100 -1.649197 0.025077 0.0500
51200 -1.652778 0.027201 0.0500
51300 -1.632511 0.017329 0.0500
51400 -1.603819 0.012266 0.0500
51500 -1.591380 0.011617 0.0500
51600 -1.603311 0.012148 0.0500
51700 -1.617146 0.013630 0.0500
51800 -1.616246 0.013442 0.0500
51900 -1.597077 0.011664 0.0500
52000 -1.583329 0.011300 0.0500
52100 -1.598100 0.011638 0.0500
52200 -1.610088 0.012500 0.0500
52300 -1.586414 0.011225 0.0500
52400 -1.556767 0.011341 0.0500
52500 -1.563867 0.011228 0.0500
52600 -1.577447 0.011085 0.0500
52700 -1.555699 0.011249 0.0500
52800 -1.525740 0.011324 0.0500
52900 -1.526897 0.011290 0.0500
53000 -1.535744 0.011259 0.0500
53100 -1.510071 0.011228 0.0500
53200 -1.483646 0.011780 0.0500
53300 -1.492364 0.011418 0.0500
53400 -1.507058 0.011144 0.0500
53500 -1.497108 0.011236 0.0500
53600 -1.485714 0.011544 0.0500
53700 -1.490849 0.011321 0.0500
53800 -1.496767 0.011137 0.0500
53900 -1.481627 0.011628 0.0500
54000 -1.458641 0.013683 0.0500
54100 -1.444152 0.016267 0.0500
54200 -1.444590 0.016093 0.0500
54300 -1.449637 0.014973 0.0500
54400 -1.440598 0.016918 0.0500
54500 -1.428774 0.020562 0.0500
54600 -1.421526 0.023526 0.0500
54700 -1.420208 0.024008 0.0500
54800 -1.404123 0.034018 0.0500
54900 -1.380625 0.059255 0.0500
55000 -1.373439 0.069055 0.0500
55100 -1.389068 0.046682 0.0500
55200 -1.389738 0.045339 0.0500
55300 -1.370693 0.070449 0.0500
55400 -1.378367 0.057704 0.0500
55500 -1.393925 0.039172 0.0500
55600 -1.384784 0.048191 0.0500
55700 -1.357571 0.089092 0.0500
55800 -1.354719 0.092254 0.0500
55900 -1.390414 0.039923 0.0500
56000 -1.405693 0.028000 0.0500
56100 -1.389197 0.040316 0.0500
56200 -1.374666 0.056154 0.0500
56300 -1.386667 0.041662 0.0500
56400 -1.400708 0.029886 0.0500
56500 -1.383320 0.044206 0.0500
56600 -1.367068 0.064060 0.0500
56700 -1.379001 0.047534 0.0500
56800 -1.397327 0.030721 0.0500
56900 -1.413713 0.021723 0.0500
57000 -1.418220 0.019877 0.0500
57100 -1.426312 0.017262 0.0500
57200 -1.444403 0.013532 0.0500
57300 -1.466332 0.011341 0.0500
57400 -1.471142 0.011051 0.0500
57500 -1.472675 0.010949 0.0500
57600 -1.491326 0.010477 0.0500
57700 -1.516040 0.010572 0.0500
57800 -1.518635 0.010575 0.0500
57900 -1.514592 0.010491 0.0500
58000 -1.521889 0.010557 0.0500
58100 -1.537654 0.010717 0.0500
58200 -1.542759 0.010726 0.0500
58300 -1.539740 0.010671 0.0500
58400 -1.531666 0.010560 0.0500
58500 -1.536189 0.010577 0.0500
58600 -1.550802 0.010637 0.0500
58700 -1.548609 0.010599 0.0500
58800 -1.541695 0.010531 0.0500
58900 -1.553255 0.010549 0.0500
59000 -1.561969 0.010522 0.0500
59100 -1.559201 0.010492 0.0500
59200 -1.555591 0.010459 0.0500
59300 -1.552387 0.010425 0.0500
59400 -1.552370 0.010395 0.0500
59500 -1.552698 0.010365 0.0500
59600 -1.561182 0.010341 0.0500
59700 -1.567949 0.010317 0.0500
59800 -1.557434 0.010281 0.0500
59900 -1.555206 0.010250 0.0500
60000 -1.562402 0.010224 0.0500
60100 -1.550194 0.010186 0.0500
60200 -1.521516 0.009997 0.0500
60300 -1.517468 0.009942 0.0500
60400 -1.529768 0.010003 0.0500
60500 -1.522682 0.009922 0.0500
60600 -1.493595 0.009905 0.0500
60700 -1.481227 0.010154 0.0500
60800 -1.495335 0.009830 0.0500
60900 -1.500723 0.009761 0.0500
61000 -1.481856 0.010053 0.0500
61100 -1.468001 0.010658 0.0500
61200 -1.467846 0.010636 0.0500
61300 -1.476099 0.010177 0.0500
61400 -1.475028 0.010195 0.0500
61500 -1.466693 0.010618 0.0500
61600 -1.458967 0.011175 0.0500
61700 -1.461529 0.010925 0.0500
61800 -1.467766 0.010455 0.0500
61900 -1.467933 0.010414 0.0500
62000 -1.455872 0.011330 0.0500
62100 -1.451543 0.011756 0.0500
62200 -1.458420 0.011020 0.0500
62300 -1.462584 0.010646 0.0500
62400 -1.453787 0.011401 0.0500
62500 -1.439598 0.013315 0.0500
62600 -1.429422 0.015378 0.0500
62700 -1.431210 0.014888 0.0500
62800 -1.437551 0.013520 0.0500
62900 -1.423629 0.016739 0.0500
63000 -1.407863 0.022670 0.0500
63100 -1.410186 0.021448 0.0500
63200 -1.430573 0.014683 0.0500
63300 -1.439869 0.012818 0.0500
63400 -1.429005 0.014936 0.0500
63500 -1.419535 0.017524 0.0500
63600 -1.422475 0.016529 0.0500
63700 -1.436223 0.013233 0.0500
63800 -1.451077 0.011093 0.0500
63900 -1.456642 0.010536 0.0500
64000 -1.457351 0.010447 0.0500
64100 -1.471121 0.009593 0.0500
64200 -1.494796 0.009131 0.0500
64300 -1.504906 0.009160 0.0500
64400 -1.490761 0.009096 0.0500
64500 -1.486032 0.009115 0.0500
64600 -1.502049 0.009067 0.0500
64700 -1.510841 0.009142 0.0500
64800 -1.513907 0.009165 0.0500
64900 -1.514306 0.009148 0.0500
65000 -1.516465 0.009160 0.0500
65100 -1.523974 0.009270 0.0500
65200 -1.537629 0.009494 0.0500
65300 -1.541528 0.009532 0.0500
65400 -1.533003 0.009363 0.0500
65500 -1.543735 0.009516 0.0500
65600 -1.577615 0.009914 0.0500
65700 -1.588159 0.010159 0.0500
65800 -1.575512 0.009824 0.0500
65900 -1.571573 0.009741 0.0500
66000 -1.586612 0.010025 0.0500
66100 -1.595392 0.010370 0.0500
66200 -1.586258 0.009957 0.0500
66300 -1.577477 0.009723 0.0500
66400 -1.588707 0.009985 0.0500
66500 -1.598355 0.010433 0.0500
66600 -1.582310 0.009741 0.0500
66700 -1.558415 0.009421 0.0500
66800 -1.552929 0.009351 0.0500
66900 -1.559397 0.009379 0.0500
67000 -1.549267 0.009270 0.0500
67100 -1.523650 0.008937 0.0500
67200 -1.531724 0.009022 0.0500
67300 -1.547810 0.009190 0.0500
67400 -1.529649 0.008950 0.0500
67500 -1.506663 0.008683 0.0500
67600 -1.521357 0.008801 0.0500
67700 -1.541477 0.009038 0.0500
67800 -1.519653 0.008738 0.0500
67900 -1.490697 0.008649 0.0500
68000 -1.495916 0.008583 0.0500
68100 -1.509367 0.008580 0.0500
68200 -1.498739 0.008532 0.0500
68300 -1.476513 0.008897 0.0500
68400 -1.474186 0.008964 0.0500
68500 -1.494499 0.008492 0.0500
68600 -1.505936 0.008465 0.0500
68700 -1.481671 0.008657 0.0500
68800 -1.463058 0.009482 0.0500
68900 -1.468112 0.009147 0.0500
69000 -1.486284 0.008493 0.0500
69100 -1.487867 0.008447 0.0500
69200 -1.470380 0.008967 0.0500
69300 -1.465799 0.009194 0.0500
69400 -1.468580 0.009013 0.0500
69500 -1.476786 0.008635 0.0500
69600 -1.477457 0.008592 0.0500
69700 -1.471992 0.008782 0.0500
69800 -1.477955 0.008534 0.0500
69900 -1.488392 0.008283 0.0500
70000 -1.488064 0.008268 0.0500
70100 -1.498401 0.008180 0.0500
70200 -1.519653 0.008359 0.0500
70300 -1.523726 0.008407 0.0500
70400 -1.516545 0.008272 0.0500
70500 -1.517379 0.008265 0.0500
70600 -1.533910 0.008533 0.0500
70700 -1.547537 0.008753 0.0500
70800 -1.545084 0.008691 0.0500
70900 -1.550717 0.008762 0.0500
71000 -1.563931 0.008945 0.0500
71100 -1.565802 0.008952 0.0500
71200 -1.552162 0.008721 0.0500
71300 -1.543082 0.008555 0.0500
71400 -1.557254 0.008757 0.0500
71500 -1.561979 0.008807 0.0500
71600 -1.549071 0.008590 0.0500
71700 -1.544023 0.008490 0.0500
71800 -1.561500 0.008738 0.0500
71900 -1.580534 0.009105 0.0500
72000 -1.577472 0.008999 0.0500
72100 -1.558842 0.008636 0.0500
72200 -1.564788 0.008706 0.0500
72300 -1.574876 0.008873 0.0500
72400 -1.563195 0.008639 0.0500
72500 -1.546549 0.008379 0.0500
72600 -1.542027 0.008294 0.0500
72700 -1.545806 0.008330 0.0500
72800 -1.542743 0.008266 0.0500
72900 -1.528005 0.008038 0.0500
73000 -1.522623 0.007952 0.0500
73100 -1.513041 0.007843 0.0500
73200 -1.508523 0.007802 0.0500
73300 -1.503303 0.007778 0.0500
73400 -1.497692 0.007783 0.0500
73500 -1.489088 0.007871 0.0500
73600 -1.482301 0.008012 0.0500
73700 -1.475944 0.008214 0.0500
73800 -1.480235 0.008039 0.0500
73900 -1.484509 0.007899 0.0500
74000 -1.490502 0.007761 0.0500
74100 -1.482554 0.007917 0.0500
74200 -1.480592 0.007958 0.0500
74300 -1.499513 0.007626 0.0500
74400 -1.510529 0.007627 0.0500
74500 -1.484922 0.007790 0.0500
74600 -1.469753 0.008354 0.0500
74700 -1.495172 0.007590 0.0500
74800 -1.522718 0.007701 0.0500
74900 -1.511380 0.007558 0.0500
75000 -1.504290 0.007511 0.0500
75100 -1.529155 0.007754 0.0500
75200 -1.548450 0.008080 0.0500
75300 -1.539745 0.007904 0.0500
75400 -1.525673 0.007650 0.0500
75500 -1.529078 0.007687 0.0500
75600 -1.541585 0.007887 0.0500
75700 -1.539909 0.007840 0.0500
75800 -1.526877 0.007603 0.0500
75900 -1.532188 0.007672 0.0500
76000 -1.555168 0.008072 0.0500
76100 -1.559477 0.008138 0.0500
76200 -1.541853 0.007791 0.0500
76300 -1.536397 0.007679 0.0500
76400 -1.545517 0.007824 0.0500
76500 -1.547886 0.007850 0.0500
76600 -1.541022 0.007710 0.0500
76700 -1.534781 0.007586 0.0500
76800 -1.537711 0.007619 0.0500
76900 -1.545792 0.007746 0.0500
77000 -1.544459 0.007705 0.0500
77100 -1.525488 0.007385 0.0500
77200 -1.523895 0.007350 0.0500
77300 -1.531987 0.007448 0.0500
77400 -1.530130 0.007404 0.0500
77500 -1.522881 0.007293 0.0500
77600 -1.531582 0.007396 0.0500
77700 -1.538160 0.007487 0.0500
77800 -1.528249 0.007317 0.0500
77900 -1.520354 0.007207 0.0500
78000 -1.532801 0.007355 0.0500
78100 -1.538745 0.007438 0.0500
78200 -1.524825 0.007213 0.0500
78300 -1.518714 0.007135 0.0500
78400 -1.530968 0.007268 0.0500
78500 -1.532662 0.007279 0.0500
78600 -1.526129 0.007172 0.0500
78700 -1.519366 0.007084 0.0500
78800 -1.515964 0.007045 0.0500
78900 -1.507833 0.007007 0.0500
79000 -1.506355 0.006995 0.0500
79100 -1.507183 0.006980 0.0500
79200 -1.517971 0.007005 0.0500
79300 -1.526302 0.007079 0.0500
79400 -1.521701 0.007011 0.0500
79500 -1.528421 0.007080 0.0500
79600 -1.541801 0.007291 0.0500
79700 -1.538545 0.007216 0.0500
79800 -1.511935 0.006894 0.0500
79900 -1.502949 0.006897 0.0500
80000 -1.511527 0.006867 0.0500
80100 -1.516249 0.006874 0.0500
80200 -1.511025 0.006840 0.0500
80300 -1.506598 0.006828 0.0500
80400 -1.511957 0.006816 0.0500
80500 -1.509937 0.006799 0.0500
80600 -1.491126 0.006970 0.0500
80700 -1.471018 0.007737 0.0500
80800 -1.469616 0.007804 0.0500
80900 -1.475622 0.007458 0.0500
81000 -1.467255 0.007923 0.0500
81100 -1.451086 0.009381 0.0500
81200 -1.450798 0.009391 0.0500
81300 -1.465278 0.008003 0.0500
81400 -1.473702 0.007470 0.0500
81500 -1.458849 0.008488 0.0500
81600 -1.438873 0.011056 0.0500
81700 -1.445474 0.009972 0.0500
81800 -1.468136 0.007717 0.0500
81900 -1.471129 0.007523 0.0500
82000 -1.452657 0.009004 0.0500
82100 -1.449572 0.009341 0.0500
82200 -1.465179 0.007843 0.0500
82300 -1.472766 0.007368 0.0500
82400 -1.452180 0.008975 0.0500
82500 -1.423793 0.014263 0.0500
82600 -1.416396 0.016610 0.0500
82700 -1.435513 0.011363 0.0500
82800 -1.450309 0.009075 0.0500
82900 -1.438501 0.010751 0.0500
83000 -1.429826 0.012472 0.0500
83100 -1.450013 0.009031 0.0500
83200 -1.473736 0.007169 0.0500
83300 -1.464070 0.007709 0.0500
83400 -1.433083 0.011647 0.0500
83500 -1.417894 0.015703 0.0500
83600 -1.437610 0.010697 0.0500
83700 -1.452679 0.008597 0.0500
83800 -1.447991 0.009106 0.0500
83900 -1.442171 0.009873 0.0500
84000 -1.449064 0.008930 0.0500
84100 -1.457813 0.008029 0.0500
84200 -1.467538 0.007324 0.0500
84300 -1.457302 0.008039 0.0500
84400 -1.439826 0.010126 0.0500
84500 -1.436325 0.010696 0.0500
84600 -1.460679 0.007707 0.0500
84700 -1.473999 0.006925 0.0500
84800 -1.468163 0.007194 0.0500
84900 -1.455496 0.008090 0.0500
85000 -1.450310 0.008591 0.0500
85100 -1.460789 0.007618 0.0500
85200 -1.471231 0.006977 0.0500
85300 -1.462210 0.007485 0.0500
85400 -1.449107 0.008655 0.0500
85500 -1.462837 0.007409 0.0500
85600 -1.502151 0.006316 0.0500
85700 -1.519894 0.006483 0.0500
85800 -1.507486 0.006318 0.0500
85900 -1.506166 0.006299 0.0500
86000 -1.526002 0.006564 0.0500
86100 -1.531051 0.006661 0.0500
86200 -1.515203 0.006354 0.0500
86300 -1.511833 0.006302 0.0500
86400 -1.532264 0.006655 0.0500
86500 -1.543536 0.006925 0.0500
86600 -1.524137 0.006457 0.0500
86700 -1.504446 0.006208 0.0500
86800 -1.507636 0.006213 0.0500
86900 -1.521336 0.006372 0.0500
87000 -1.511650 0.006225 0.0500
87100 -1.494898 0.006185 0.0500
87200 -1.497032 0.006160 0.0500
87300 -1.512530 0.006203 0.0500
87400 -1.515845 0.006234 0.0500
87500 -1.499222 0.006121 0.0500
87600 -1.477353 0.006499 0.0500
87700 -1.476715 0.006510 0.0500
87800 -1.493586 0.006124 0.0500
87900 -1.497565 0.006086 0.0500
88000 -1.482058 0.006308 0.0500
88100 -1.460957 0.007318 0.0500
88200 -1.461974 0.007230 0.0500
88300 -1.480579 0.006315 0.0500
88400 -1.480509 0.006306 0.0500
88500 -1.452171 0.008036 0.0500
88600 -1.419149 0.014432 0.0500
88700 -1.410762 0.017496 0.0500
88800 -1.429655 0.011468 0.0500
88900 -1.442656 0.009088 0.0500
89000 -1.412723 0.016520 0.0500
89100 -1.390345 0.029390 0.0500
89200 -1.408985 0.017876 0.0500
89300 -1.441277 0.009148 0.0500
89400 -1.425749 0.012117 0.0500
89500 -1.386042 0.032526 0.0500
89600 -1.370703 0.049160 0.0500
89700 -1.402978 0.020202 0.0500
89800 -1.417424 0.014158 0.0500
89900 -1.396092 0.023982 0.0500
90000 -1.383648 0.033479 0.0500
90100 -1.398346 0.022234 0.0500
90200 -1.400842 0.020697 0.0500
90300 -1.379200 0.037111 0.0500
90400 -1.361967 0.058825 0.0500
90500 -1.379009 0.036355 0.0500
90600 -1.396060 0.022601 0.0500
90700 -1.394555 0.023373 0.0500
90800 -1.384241 0.030748 0.0500
90900 -1.390739 0.025512 0.0500
91000 -1.385474 0.029256 0.0500
91100 -1.366099 0.049661 0.0500
91200 -1.349127 0.076256 0.0500
91300 -1.358572 0.058708 0.0500
91400 -1.363472 0.050699 0.0500
91500 -1.350649 0.069778 0.0500
91600 -1.341821 0.084592 0.0500
91700 -1.352905 0.063180 0.0500
91800 -1.357988 0.054494 0.0500
91900 -1.335704 0.091838 0.0500
92000 -1.322270 0.117124 0.0500
92100 -1.344568 0.071029 0.0500
92200 -1.365941 0.040913 0.0500
92300 -1.352838 0.056422 0.0500
92400 -1.341959 0.072103 0.0500
92500 -1.371536 0.033902 0.0500
92600 -1.396551 0.018109 0.0500
92700 -1.389483 0.021302 0.0500
92800 -1.371818 0.033007 0.0500
92900 -1.382808 0.024738 0.0500
93000 -1.416016 0.011730 0.0500
93100 -1.422385 0.010427 0.0500
93200 -1.412096 0.012571 0.0500
93300 -1.422886 0.010273 0.0500
93400 -1.457022 0.006691 0.0500
93500 -1.483794 0.005865 0.0500
93600 -1.477470 0.005951 0.0500
93700 -1.469227 0.006147 0.0500
93800 -1.483082 0.005844 0.0500
93900 -1.502489 0.005815 0.0500
94000 -1.504401 0.005824 0.0500
94100 -1.500280 0.005780 0.0500
94200 -1.514569 0.005952 0.0500
94300 -1.529374 0.006278 0.0500
94400 -1.537145 0.006483 0.0500
94500 -1.538653 0.006516 0.0500
94600 -1.545648 0.006715 0.0500
94700 -1.557496 0.007082 0.0500
94800 -1.555801 0.007012 0.0500
94900 -1.546731 0.006710 0.0500
95000 -1.549857 0.006795 0.0500
95100 -1.560877 0.007141 0.0500
95200 -1.570095 0.007457 0.0500
95300 -1.573308 0.007568 0.0500
95400 -1.566226 0.007283 0.0500
95500 -1.564875 0.007220 0.0500
95600 -1.564658 0.007198 0.0500
95700 -1.560951 0.007057 0.0500
95800 -1.563753 0.007138 0.0500
95900 -1.566340 0.007215 0.0500
96000 -1.562492 0.007067 0.0500
96100 -1.559258 0.006946 0.0500
96200 -1.555172 0.006802 0.0500
96300 -1.547444 0.006556 0.0500
96400 -1.539088 0.006310 0.0500
96500 -1.532885 0.006139 0.0500
96600 -1.536060 0.006208 0.0500
96700 -1.542363 0.006367 0.0500
96800 -1.547797 0.006510 0.0500
96900 -1.544712 0.006410 0.0500
97000 -1.542457 0.006335 0.0500
97100 -1.542356 0.006321 0.0500
97200 -1.532433 0.006053 0.0500
97300 -1.520201 0.005786 0.0500
97400 -1.517147 0.005725 0.0500
97500 -1.518283 0.005735 0.0500
97600 -1.511538 0.005630 0.0500
97700 -1.499909 0.005538 0.0500
97800 -1.500658 0.005531 0.0500
97900 -1.506089 0.005551 0.0500
98000 -1.501785 0.005518 0.0500
98100 -1.482219 0.005624 0.0500
98200 -1.459351 0.006363 0.0500
98300 -1.455298 0.006577 0.0500
98400 -1.459042 0.006356 0.0500
98500 -1.450875 0.006839 0.0500
98600 -1.437651 0.007991 0.0500
98700 -1.433168 0.008498 0.0500
98800 -1.440768 0.007633 0.0500
98900 -1.441676 0.007530 0.0500
99000 -1.428176 0.009121 0.0500
99100 -1.411044 0.012457 0.0500
99200 -1.417426 0.010947 0.0500
99300 -1.430888 0.008662 0.0500
99400 -1.432919 0.008380 0.0500
99500 -1.427493 0.009098 0.0500
99600 -1.434990 0.008092 0.0500
99700 -1.447417 0.006905 0.0500
99800 -1.452258 0.006557 0.0500
99900 -1.444805 0.007085 0.0500
100000 -1.434578 0.008077 0.0500
100100 -1.429682 0.008676 0.0500
100200 -1.437689 0.007697 0.0500
100300 -1.453163 0.006436 0.0500
100400 -1.461888 0.005979 0.0500
100500 -1.466624 0.005788 0.0500
100600 -1.471533 0.005629 0.0500
100700 -1.481971 0.005414 0.0500
100800 -1.486536 0.005358 0.0500
100900 -1.501577 0.005347 0.0500
101000 -1.520445 0.005604 0.0500
101100 -1.518446 0.005556 0.0500
101200 -1.514401 0.005475 0.0500
101300 -1.518361 0.005537 0.0500
101400 -1.524179 0.005650 0.0500
101500 -1.530497 0.005794 0.0500
101600 -1.533348 0.005859 0.0500
101700 -1.538618 0.005996 0.0500
101800 -1.538195 0.005974 0.0500
101900 -1.538130 0.005962 0.0500
102000 -1.547490 0.006234 0.0500
102100 -1.548396 0.006252 0.0500
102200 -1.542863 0.006070 0.0500
102300 -1.542519 0.006050 0.0500
102400 -1.558132 0.006544 0.0500
102500 -1.568474 0.006917 0.0500
102600 -1.566651 0.006832 0.0500
102700 -1.552048 0.006303 0.0500
102800 -1.547148 0.006137 0.0500
102900 -1.548756 0.006177 0.0500
103000 -1.544374 0.006032 0.0500
103100 -1.533061 0.005710 0.0500
103200 -1.531457 0.005661 0.0500
103300 -1.533976 0.005715 0.0500
103400 -1.535686 0.005750 0.0500
103500 -1.534268 0.005704 0.0500
103600 -1.539432 0.005833 0.0500
103700 -1.538436 0.005796 0.0500
103800 -1.524894 0.005459 0.0500
103900 -1.516852 0.005304 0.0500
104000 -1.519760 0.005345 0.0500
104100 -1.530330 0.005555 0.0500
104200 -1.527642 0.005485 0.0500
104300 -1.517557 0.005284 0.0500
104400 -1.522653 0.005366 0.0500
104500 -1.541269 0.005809 0.0500
104600 -1.528613 0.005474 0.0500
104700 -1.500285 0.005092 0.0500
104800 -1.497728 0.005082 0.0500
104900 -1.522939 0.005333 0.0500
105000 -1.531016 0.005500 0.0500
105100 -1.514905 0.005184 0.0500
105200 -1.520268 0.005261 0.0500
105300 -1.545594 0.005876 0.0500
105400 -1.546605 0.005897 0.0500
105500 -1.518118 0.005202 0.0500
105600 -1.512038 0.005111 0.0500
105700 -1.538055 0.005624 0.0500
105800 -1.545979 0.005845 0.0500
105900 -1.514834 0.005125 0.0500
106000 -1.493601 0.005018 0.0500
106100 -1.498010 0.004999 0.0500
106200 -1.507089 0.005024 0.0500
106300 -1.482816 0.005108 0.0500
106400 -1.444888 0.006805 0.0500
106500 -1.441461 0.007096 0.0500
106600 -1.471843 0.005335 0.0500
106700 -1.487035 0.005022 0.0500
106800 -1.467176 0.005475 0.0500
106900 -1.451301 0.006273 0.0500
107000 -1.476981 0.005169 0.0500
107100 -1.504099 0.004953 0.0500
107200 -1.491103 0.004952 0.0500
107300 -1.467956 0.005409 0.0500
107400 -1.465789 0.005481 0.0500
107500 -1.486733 0.004970 0.0500
107600 -1.499783 0.004905 0.0500
107700 -1.485698 0.004969 0.0500
107800 -1.467525 0.005388 0.0500
107900 -1.468930 0.005331 0.0500
108000 -1.471136 0.005252 0.0500
108100 -1.467873 0.005352 0.0500
108200 -1.462086 0.005575 0.0500
108300 -1.458152 0.005756 0.0500
108400 -1.465882 0.005400 0.0500
108500 -1.471617 0.005198 0.0500
108600 -1.468287 0.005297 0.0500
108700 -1.457078 0.005779 0.0500
108800 -1.456802 0.005784 0.0500
108900 -1.458140 0.005704 0.0500
109000 -1.460862 0.005562 0.0500
109100 -1.452900 0.005984 0.0500
109200 -1.448110 0.006301 0.0500
109300 -1.446370 0.006422 0.0500
109400 -1.452891 0.005954 0.0500
109500 -1.461050 0.005507 0.0500
109600 -1.454734 0.005824 0.0500
109700 -1.442343 0.006718 0.0500
109800 -1.436988 0.007232 0.0500
109900 -1.438571 0.007052 0.0500
110000 -1.443525 0.006576 0.0500
110100 -1.443776 0.006542 0.0500
110200 -1.439762 0.006894 0.0500
110300 -1.432792 0.007643 0.0500
110400 -1.422400 0.009145 0.0500
110500 -1.416437 0.010258 0.0500
110600 -1.417571 0.009996 0.0500
110700 -1.411456 0.011329 0.0500
110800 -1.413580 0.010791 0.0500
110900 -1.416308 0.010164 0.0500
111000 -1.423403 0.008824 0.0500
111100 -1.437910 0.006925 0.0500
111200 -1.441668 0.006560 0.0500
111300 -1.434458 0.007265 0.0500
111400 -1.431446 0.007606 0.0500
111500 -1.434133 0.007271 0.0500
111600 -1.428193 0.007999 0.0500
111700 -1.418263 0.009607 0.0500
111800 -1.423707 0.008626 0.0500
111900 -1.438896 0.006714 0.0500
112000 -1.452718 0.005671 0.0500
112100 -1.467215 0.005038 0.0500
112200 -1.478339 0.004777 0.0500
112300 -1.493923 0.004660 0.0500
112400 -1.494901 0.004655 0.0500
112500 -1.485684 0.004674 0.0500
112600 -1.499791 0.004662 0.0500
112700 -1.531347 0.005222 0.0500
112800 -1.545311 0.005648 0.0500
112900 -1.538963 0.005432 0.0500
113000 -1.540352 0.005468 0.0500
113100 -1.553566 0.005915 0.0500
113200 -1.566943 0.006441 0.0500
113300 -1.554307 0.005922 0.0500
113400 -1.556621 0.006000 0.0500
113500 -1.576117 0.006840 0.0500
113600 -1.570125 0.006538 0.0500
113700 -1.562021 0.006179 0.0500
113800 -1.588428 0.007532 0.0500
113900 -1.613010 0.010134 0.0500
114000 -1.613384 0.010166 0.0500
114100 -1.610892 0.009754 0.0500
114200 -1.620442 0.011406 0.0500
114300 -1.630472 0.013915 0.0500
114400 -1.631049 0.014038 0.0500
114500 -1.623686 0.011997 0.0500
114600 -1.626701 0.012701 0.0500
114700 -1.637498 0.016133 0.0500
114800 -1.643661 0.018766 0.0500
114900 -1.649036 0.021569 0.0500
115000 -1.663814 0.032837 0.0500
115100 -1.669345 0.038374 0.0500
115200 -1.663953 0.032325 0.0500
115300 -1.661496 0.029786 0.0500
115400 -1.670402 0.038515 0.0500
115500 -1.681310 0.052635 0.0500
115600 -1.681364 0.051948 0.0500
115700 -1.681696 0.051694 0.0500
115800 -1.697381 0.078545 0.0500
115900 -1.705371 0.093537 0.0500
116000 -1.690944 0.063154 0.0500
116100 -1.679607 0.045117 0.0500
116200 -1.683676 0.050056 0.0500
116300 -1.679754 0.044122 0.0500
116400 -1.663375 0.027172 0.0500
116500 -1.658448 0.023488 0.0500
116600 -1.679533 0.042735 0.0500
116700 -1.677289 0.039572 0.0500
116800 -1.656489 0.021655 0.0500
116900 -1.654297 0.020294 0.0500
117000 -1.666903 0.028649 0.0500
117100 -1.661955 0.024693 0.0500
117200 -1.643978 0.015340 0.0500
117300 -1.636827 0.013009 0.0500
117400 -1.644124 0.015272 0.0500
117500 -1.651080 0.018066 0.0500
117600 -1.654012 0.019408 0.0500
117700 -1.638452 0.013232 0.0500
117800 -1.626392 0.010420 0.0500
117900 -1.625364 0.010209 0.0500
118000 -1.619841 0.009327 0.0500
118100 -1.607657 0.007965 0.0500
118200 -1.599352 0.007337 0.0500
118300 -1.588244 0.006741 0.0500
118400 -1.585242 0.006603 0.0500
118500 -1.577882 0.006321 0.0500
118600 -1.567805 0.005995 0.0500
118700 -1.567054 0.005963 0.0500
118800 -1.569625 0.006028 0.0500
118900 -1.565134 0.005888 0.0500
119000 -1.561505 0.005776 0.0500
119100 -1.559467 0.005711 0.0500
119200 -1.554163 0.005559 0.0500
119300 -1.542109 0.005241 0.0500
119400 -1.544195 0.005285 0.0500
119500 -1.546060 0.005324 0.0500
119600 -1.543063 0.005242 0.0500
119700 -1.535481 0.005054 0.0500
119800 -1.538319 0.005113 0.0500
119900 -1.539945 0.005144 0.0500
120000 -1.541573 0.005175 0.0500
120100 -1.537346 0.005068 0.0500
120200 -1.531426 0.004930 0.0500
120300 -1.539396 0.005102 0.0500
120400 -1.556271 0.005523 0.0500
120500 -1.551550 0.005389 0.0500
120600 -1.536935 0.005023 0.0500
120700 -1.546759 0.005251 0.0500
120800 -1.558770 0.005559 0.0500
120900 -1.547009 0.005242 0.0500
121000 -1.533723 0.004924 0.0500
121100 -1.539911 0.005055 0.0500
121200 -1.548832 0.005266 0.0500
121300 -1.532401 0.004875 0.0500
121400 -1.524319 0.004715 0.0500
121500 -1.538072 0.004986 0.0500
121600 -1.548196 0.005222 0.0500
121700 -1.537876 0.004967 0.0500
121800 -1.520893 0.004634 0.0500
121900 -1.531013 0.004808 0.0500
122000 -1.548122 0.005193 0.0500
122100 -1.528890 0.004754 0.0500
122200 -1.511688 0.004495 0.0500
122300 -1.526976 0.004706 0.0500
122400 -1.545093 0.005092 0.0500
122500 -1.528302 0.004718 0.0500
122600 -1.509108 0.004451 0.0500
122700 -1.530290 0.004744 0.0500
122800 -1.548274 0.005147 0.0500
122900 -1.519230 0.004546 0.0500
123000 -1.494341 0.004399 0.0500
123100 -1.497042 0.004386 0.0500
123200 -1.517176 0.004502 0.0500
123300 -1.519878 0.004533 0.0500
123400 -1.502134 0.004373 0.0500
123500 -1.495368 0.004369 0.0500
123600 -1.513813 0.004441 0.0500
123700 -1.516112 0.004462 0.0500
123800 -1.505545 0.004365 0.0500
123900 -1.504874 0.004356 0.0500
124000 -1.516828 0.004455 0.0500
124100 -1.515068 0.004428 0.0500
124200 -1.509715 0.004371 0.0500
124300 -1.521188 0.004499 0.0500
124400 -1.530837 0.004663 0.0500
124500 -1.530376 0.004648 0.0500
124600 -1.526628 0.004571 0.0500
124700 -1.529231 0.004614 0.0500
124800 -1.549417 0.005075 0.0500
124900 -1.562401 0.005433 0.0500
125000 -1.559352 0.005335 0.0500
125100 -1.558113 0.005291 0.0500
125200 -1.570365 0.005657 0.0500
125300 -1.576227 0.005849 0.0500
125400 -1.571115 0.005663 0.0500
125500 -1.568503 0.005570 0.0500
125600 -1.572608 0.005695 0.0500
125700 -1.574471 0.005750 0.0500
125800 -1.569178 0.005565 0.0500
125900 -1.565779 0.005451 0.0500
126000 -1.576445 0.005793 0.0500
126100 -1.581556 0.005976 0.0500
126200 -1.577761 0.005821 0.0500
126300 -1.590527 0.006357 0.0500
126400 -1.604439 0.007228 0.0500
126500 -1.595293 0.006591 0.0500
126600 -1.577178 0.005761 0.0500
126700 -1.586433 0.006119 0.0500
126800 -1.603627 0.007115 0.0500
126900 -1.595261 0.006543 0.0500
127000 -1.575195 0.005654 0.0500
127100 -1.581035 0.005855 0.0500
127200 -1.585206 0.006014 0.0500
127300 -1.565110 0.005314 0.0500
127400 -1.544285 0.004781 0.0500
127500 -1.545957 0.004812 0.0500
127600 -1.550667 0.004915 0.0500
127700 -1.544169 0.004759 0.0500
127800 -1.539708 0.004658 0.0500
127900 -1.541820 0.004696 0.0500
128000 -1.542803 0.004710 0.0500
128100 -1.527167 0.004415 0.0500
128200 -1.513643 0.004253 0.0500
128300 -1.516127 0.004269 0.0500
128400 -1.527374 0.004403 0.0500
128500 -1.526766 0.004388 0.0500
128600 -1.513078 0.004229 0.0500
128700 -1.508221 0.004197 0.0500
128800 -1.520846 0.004293 0.0500
128900 -1.521667 0.004298 0.0500
129000 -1.499827 0.004174 0.0500
129100 -1.478768 0.004406 0.0500
129200 -1.484105 0.004301 0.0500
129300 -1.500302 0.004159 0.0500
129400 -1.499223 0.004156 0.0500
129500 -1.488816 0.004222 0.0500
129600 -1.495724 0.004160 0.0500
129700 -1.505160 0.004140 0.0500
129800 -1.495931 0.004150 0.0500
129900 -1.486331 0.004234 0.0500
130000 -1.490420 0.004181 0.0500
130100 -1.502097 0.004119 0.0500
130200 -1.500658 0.004115 0.0500
130300 -1.505284 0.004112 0.0500
130400 -1.517940 0.004190 0.0500
130500 -1.524998 0.004273 0.0500
130600 -1.519876 0.004201 0.0500
130700 -1.519246 0.004189 0.0500
130800 -1.530784 0.004351 0.0500
130900 -1.532804 0.004381 0.0500
131000 -1.525024 0.004248 0.0500
131100 -1.534945 0.004411 0.0500
131200 -1.547434 0.004677 0.0500
131300 -1.551594 0.004774 0.0500
131400 -1.548223 0.004684 0.0500
131500 -1.555200 0.004855 0.0500
131600 -1.562547 0.005053 0.0500
131700 -1.569870 0.005271 0.0500
131800 -1.575461 0.005453 0.0500
131900 -1.580214 0.005623 0.0500
132000 -1.583375 0.005743 0.0500
132100 -1.595407 0.006338 0.0500
132200 -1.601683 0.006742 0.0500
132300 -1.596836 0.006402 0.0500
132400 -1.591668 0.006094 0.0500
132500 -1.598398 0.006479 0.0500
132600 -1.607004 0.007120 0.0500
132700 -1.600904 0.006625 0.0500
132800 -1.586178 0.005785 0.0500
132900 -1.588375 0.005877 0.0500
133000 -1.601664 0.006646 0.0500
133100 -1.614119 0.007770 0.0500
133200 -1.630009 0.010226 0.0500
133300 -1.643467 0.013835 0.0500
133400 -1.652188 0.017327 0.0500
133500 -1.652243 0.017269 0.0500
133600 -1.646682 0.014814 0.0500
133700 -1.655499 0.018740 0.0500
133800 -1.676838 0.035215 0.0500
133900 -1.668834 0.027334 0.0500
134000 -1.658267 0.019841 0.0500
134100 -1.666574 0.025201 0.0500
134200 -1.681422 0.039324 0.0500
134300 -1.671475 0.028715 0.0500
134400 -1.656751 0.018441 0.0500
134500 -1.667267 0.024955 0.0500
134600 -1.689639 0.048883 0.0500
134700 -1.691288 0.050627 0.0500
134800 -1.691346 0.050001 0.0500
134900 -1.708572 0.079372 0.0500
135000 -1.722831 0.108173 0.0500
135100 -1.715886 0.090042 0.0500
135200 -1.720975 0.098397 0.0500
135300 -1.739416 0.135231 0.0500
135400 -1.734144 0.119282 0.0500
135500 -1.723072 0.093479 0.0500
135600 -1.734260 0.112693 0.0500
135700 -1.741981 0.124025 0.0500
135800 -1.728997 0.095956 0.0500
135900 -1.729428 0.094171 0.0500
136000 -1.741048 0.112119 0.0500
136100 -1.738693 0.104589 0.0500
136200 -1.723859 0.077793 0.0500
136300 -1.726072 0.079440 0.0500
136400 -1.725979 0.077559 0.0500
136500 -1.713169 0.058551 0.0500
136600 -1.695753 0.038775 0.0500
136700 -1.696453 0.039003 0.0500
136800 -1.696337 0.038473 0.0500
136900 -1.691877 0.034190 0.0500
137000 -1.695326 0.036801 0.0500
137100 -1.704801 0.045492 0.0500
137200 -1.702445 0.042543 0.0500
137300 -1.685193 0.027821 0.0500
137400 -1.678587 0.023489 0.0500
137500 -1.678918 0.023525 0.0500
137600 -1.669485 0.018601 0.0500
137700 -1.658069 0.014209 0.0500
137800 -1.656005 0.013523 0.0500
137900 -1.656632 0.013658 0.0500
138000 -1.647120 0.011146 0.0500
138100 -1.634425 0.008826 0.0500
138200 -1.622880 0.007434 0.0500
138300 -1.625501 0.007683 0.0500
138400 -1.617922 0.006967 0.0500
138500 -1.595345 0.005695 0.0500
138600 -1.570595 0.004982 0.0500
138700 -1.571975 0.005007 0.0500
138800 -1.582056 0.005250 0.0500
138900 -1.565499 0.004848 0.0500
139000 -1.538317 0.004319 0.0500
139100 -1.547660 0.004477 0.0500
139200 -1.567071 0.004865 0.0500
139300 -1.553008 0.004568 0.0500
139400 -1.524678 0.004112 0.0500
139500 -1.521761 0.004077 0.0500
139600 -1.526227 0.004120 0.0500
139700 -1.511665 0.004000 0.0500
139800 -1.496239 0.004016 0.0500
139900 -1.502116 0.003984 0.0500
140000 -1.511448 0.003986 0.0500
140100 -1.502039 0.003975 0.0500
140200 -1.484716 0.004135 0.0500
140300 -1.485357 0.004119 0.0500
140400 -1.491384 0.004033 0.0500
140500 -1.481654 0.004177 0.0500
140600 -1.469516 0.004498 0.0500
140700 -1.473576 0.004364 0.0500
140800 -1.484941 0.004102 0.0500
140900 -1.480785 0.004175 0.0500
141000 -1.473696 0.004345 0.0500
141100 -1.466964 0.004562 0.0500
141200 -1.463685 0.004688 0.0500
141300 -1.470497 0.004427 0.0500
141400 -1.466417 0.004566 0.0500
141500 -1.449332 0.005462 0.0500
141600 -1.435526 0.006676 0.0500
141700 -1.433188 0.006931 0.0500
141800 -1.438077 0.006382 0.0500
141900 -1.428061 0.007568 0.0500
142000 -1.412373 0.010432 0.0500
142100 -1.419055 0.008995 0.0500
142200 -1.440017 0.006139 0.0500
142300 -1.450413 0.005309 0.0500
142400 -1.439839 0.006136 0.0500
142500 -1.434852 0.006634 0.0500
142600 -1.457301 0.004882 0.0500
142700 -1.479213 0.004116 0.0500
142800 -1.463744 0.004576 0.0500
142900 -1.434109 0.006684 0.0500
143000 -1.426309 0.007678 0.0500
143100 -1.457768 0.004824 0.0500
143200 -1.479497 0.004085 0.0500
143300 -1.466829 0.004428 0.0500
143400 -1.447678 0.005412 0.0500
143500 -1.463801 0.004530 0.0500
143600 -1.496420 0.003865 0.0500
143700 -1.500754 0.003847 0.0500
143800 -1.468518 0.004345 0.0500
143900 -1.461657 0.004600 0.0500
144000 -1.483605 0.003975 0.0500
144100 -1.502886 0.003831 0.0500
144200 -1.500342 0.003828 0.0500
144300 -1.491016 0.003872 0.0500
144400 -1.497070 0.003829 0.0500
144500 -1.516568 0.003879 0.0500
144600 -1.510513 0.003832 0.0500
144700 -1.486907 0.003901 0.0500
144800 -1.473034 0.004168 0.0500
144900 -1.485345 0.003913 0.0500
145000 -1.499690 0.003797 0.0500
145100 -1.489620 0.003853 0.0500
145200 -1.478436 0.004021 0.0500
145300 -1.483316 0.003927 0.0500
145400 -1.498272 0.003785 0.0500
145500 -1.499509 0.003778 0.0500
145600 -1.490735 0.003822 0.0500
145700 -1.484591 0.003891 0.0500
145800 -1.485542 0.003873 0.0500
145900 -1.492253 0.003797 0.0500
146000 -1.488860 0.003824 0.0500
146100 -1.482131 0.003913 0.0500
146200 -1.480807 0.003932 0.0500
146300 -1.488582 0.003815 0.0500
146400 -1.491339 0.003784 0.0500
146500 -1.490913 0.003784 0.0500
146600 -1.494719 0.003753 0.0500
146700 -1.506538 0.003736 0.0500
146800 -1.511273 0.003755 0.0500
146900 -1.501353 0.003721 0.0500
147000 -1.495594 0.003733 0.0500
147100 -1.509666 0.003734 0.0500
147200 -1.522459 0.003847 0.0500
147300 -1.525523 0.003884 0.0500
147400 -1.515793 0.003766 0.0500
147500 -1.515848 0.003763 0.0500
147600 -1.527379 0.003898 0.0500
147700 -1.520921 0.003807 0.0500
147800 -1.508112 0.003700 0.0500
147900 -1.504551 0.003686 0.0500
148000 -1.519475 0.003779 0.0500
148100 -1.528237 0.003892 0.0500
148200 -1.507760 0.003683 0.0500
148300 -1.487289 0.003759 0.0500
148400 -1.500933 0.003666 0.0500
148500 -1.517213 0.003737 0.0500
148600 -1.520408 0.003767 0.0500
148700 -1.514612 0.003706 0.0500
148800 -1.520255 0.003758 0.0500
148900 -1.536059 0.003995 0.0500
149000 -1.543565 0.004139 0.0500
149100 -1.527729 0.003845 0.0500
149200 -1.517015 0.003708 0.0500
149300 -1.534476 0.003949 0.0500
149400 -1.548204 0.004222 0.0500
149500 -1.522823 0.003761 0.0500
149600 -1.509230 0.003639 0.0500
149700 -1.530757 0.003869 0.0500
149800 -1.552106 0.004294 0.0500
149900 -1.527561 0.003811 0.0500
150000 -1.502675 0.003611 0.0500
150100 -1.525692 0.003776 0.0500
150200 -1.562775 0.004534 0.0500
150300 -1.544503 0.004105 0.0500
150400 -1.524011 0.003742 0.0500
150500 -1.548519 0.004183 0.0500
150600 -1.583281 0.005080 0.0500
150700 -1.569050 0.004669 0.0500
150800 -1.540331 0.003998 0.0500
150900 -1.553284 0.004271 0.0500
151000 -1.588011 0.005213 0.0500
151100 -1.589952 0.005273 0.0500
151200 -1.558964 0.004389 0.0500
151300 -1.555418 0.004300 0.0500
151400 -1.580572 0.004949 0.0500
151500 -1.581033 0.004956 0.0500
151600 -1.555676 0.004290 0.0500
151700 -1.546063 0.004074 0.0500
151800 -1.574584 0.004754 0.0500
151900 -1.587661 0.005145 0.0500
152000 -1.555801 0.004273 0.0500
152100 -1.548902 0.004115 0.0500
152200 -1.573516 0.004702 0.0500
152300 -1.570546 0.004617 0.0500
152400 -1.540271 0.003929 0.0500
152500 -1.545342 0.004023 0.0500
152600 -1.573821 0.004690 0.0500
152700 -1.571903 0.004632 0.0500
152800 -1.535261 0.003824 0.0500
152900 -1.539567 0.003895 0.0500
153000 -1.565777 0.004461 0.0500
153100 -1.554547 0.004191 0.0500
153200 -1.513725 0.003560 0.0500
153300 -1.513299 0.003555 0.0500
153400 -1.544842 0.003975 0.0500
153500 -1.540389 0.003886 0.0500
153600 -1.499435 0.003534 0.0500
153700 -1.489261 0.003614 0.0500
153800 -1.504936 0.003516 0.0500
153900 -1.505834 0.003512 0.0500
154000 -1.473386 0.003924 0.0500
154100 -1.455445 0.004660 0.0500
154200 -1.482569 0.003699 0.0500
154300 -1.524047 0.003616 0.0500
154400 -1.512023 0.003513 0.0500
154500 -1.477515 0.003797 0.0500
154600 -1.465716 0.004159 0.0500
154700 -1.478358 0.003769 0.0500
154800 -1.483009 0.003670 0.0500
154900 -1.465825 0.004142 0.0500
155000 -1.443196 0.005471 0.0500
155100 -1.444622 0.005345 0.0500
155200 -1.463631 0.004213 0.0500
155300 -1.467611 0.004054 0.0500
155400 -1.446018 0.005217 0.0500
155500 -1.434032 0.006336 0.0500
155600 -1.441801 0.005546 0.0500
155700 -1.456405 0.004525 0.0500
155800 -1.455325 0.004578 0.0500
155900 -1.432880 0.006434 0.0500
156000 -1.406305 0.011455 0.0500
156100 -1.411312 0.010107 0.0500
156200 -1.431874 0.006508 0.0500
156300 -1.433148 0.006345 0.0500
156400 -1.412792 0.009699 0.0500
156500 -1.403066 0.012285 0.0500
156600 -1.419314 0.008314 0.0500
156700 -1.436500 0.005925 0.0500
156800 -1.418180 0.008491 0.0500
156900 -1.390383 0.017085 0.0500
157000 -1.399352 0.013343 0.0500
157100 -1.423023 0.007576 0.0500
157200 -1.420743 0.007934 0.0500
157300 -1.391465 0.016384 0.0500
157400 -1.372195 0.028217 0.0500
157500 -1.386875 0.018395 0.0500
157600 -1.396601 0.014012 0.0500
157700 -1.375101 0.025524 0.0500
157800 -1.352471 0.048322 0.0500
157900 -1.373695 0.026070 0.0500
158000 -1.395367 0.014105 0.0500
158100 -1.386101 0.018105 0.0500
158200 -1.364451 0.033513 0.0500
158300 -1.374709 0.024694 0.0500
158400 -1.394105 0.014255 0.0500
158500 -1.392535 0.014809 0.0500
158600 -1.374150 0.024735 0.0500
158700 -1.383511 0.018797 0.0500
158800 -1.409185 0.009572 0.0500
158900 -1.418646 0.007739 0.0500
159000 -1.395492 0.013412 0.0500
159100 -1.385067 0.017760 0.0500
159200 -1.401192 0.011477 0.0500
159300 -1.420027 0.007427 0.0500
159400 -1.429713 0.006159 0.0500
159500 -1.424046 0.006830 0.0500
159600 -1.415915 0.008053 0.0500
159700 -1.424221 0.006779 0.0500
159800 -1.445249 0.004804 0.0500
159900 -1.454915 0.004274 0.0500
160000 -1.445868 0.004753 0.0500
160100 -1.439192 0.005215 0.0500
160200 -1.458865 0.004090 0.0500
160300 -1.496482 0.003386 0.0500
160400 -1.501824 0.003378 0.0500
160500 -1.475257 0.003607 0.0500
160600 -1.468053 0.003772 0.0500
160700 -1.500470 0.003369 0.0500
160800 -1.517086 0.003453 0.0500
160900 -1.488930 0.003407 0.0500
161000 -1.468146 0.003757 0.0500
161100 -1.485564 0.003432 0.0500
161200 -1.518981 0.003462 0.0500
161300 -1.511748 0.003393 0.0500
161400 -1.480595 0.003486 0.0500
161500 -1.482964 0.003450 0.0500
161600 -1.513051 0.003394 0.0500
161700 -1.525506 0.003531 0.0500
161800 -1.499421 0.003335 0.0500
161900 -1.480454 0.003474 0.0500
162000 -1.517377 0.003421 0.0500
162100 -1.552708 0.004050 0.0500
162200 -1.531808 0.003615 0.0500
162300 -1.502827 0.003323 0.0500
162400 -1.517871 0.003414 0.0500
162500 -1.546698 0.003899 0.0500
162600 -1.542443 0.003804 0.0500
162700 -1.520727 0.003436 0.0500
162800 -1.522052 0.003449 0.0500
162900 -1.547027 0.003892 0.0500
163000 -1.549898 0.003952 0.0500
163100 -1.519695 0.003411 0.0500
163200 -1.507653 0.003312 0.0500
163300 -1.527126 0.003502 0.0500
163400 -1.542115 0.003768 0.0500
163500 -1.529133 0.003526 0.0500
163600 -1.529899 0.003535 0.0500
163700 -1.547629 0.003876 0.0500
163800 -1.563392 0.004255 0.0500
163900 -1.557024 0.004088 0.0500
164000 -1.558636 0.004123 0.0500
164100 -1.569548 0.004405 0.0500
164200 -1.576853 0.004610 0.0500
164300 -1.574614 0.004538 0.0500
164400 -1.566115 0.004296 0.0500
164500 -1.561248 0.004164 0.0500
164600 -1.561465 0.004165 0.0500
164700 -1.554554 0.003991 0.0500
164800 -1.544833 0.003769 0.0500
164900 -1.539416 0.003656 0.0500
165000 -1.537612 0.003619 0.0500
165100 -1.538852 0.003638 0.0500
165200 -1.542608 0.003708 0.0500
165300 -1.529860 0.003477 0.0500
165400 -1.536109 0.003577 0.0500
165500 -1.559676 0.004084 0.0500
165600 -1.571598 0.004396 0.0500
165700 -1.557915 0.004031 0.0500
165800 -1.551555 0.003877 0.0500
165900 -1.578146 0.004574 0.0500
166000 -1.581349 0.004670 0.0500
166100 -1.558674 0.004031 0.0500
166200 -1.559576 0.004049 0.0500
166300 -1.584146 0.004747 0.0500
166400 -1.588586 0.004898 0.0500
166500 -1.553034 0.003881 0.0500
166600 -1.546448 0.003733 0.0500
166700 -1.577922 0.004526 0.0500
166800 -1.573413 0.004387 0.0500
166900 -1.535713 0.003519 0.0500
167000 -1.527317 0.003389 0.0500
167100 -1.549186 0.003772 0.0500
167200 -1.554934 0.003896 0.0500
167300 -1.527529 0.003382 0.0500
167400 -1.520747 0.003300 0.0500
167500 -1.545205 0.003675 0.0500
167600 -1.557641 0.003946 0.0500
167700 -1.538448 0.003539 0.0500
167800 -1.521342 0.003294 0.0500
167900 -1.539376 0.003549 0.0500
168000 -1.545335 0.003660 0.0500
168100 -1.524432 0.003319 0.0500
168200 -1.521260 0.003281 0.0500
168300 -1.542098 0.003586 0.0500
168400 -1.547585 0.003692 0.0500
168500 -1.531312 0.003397 0.0500
168600 -1.527243 0.003338 0.0500
168700 -1.548766 0.003707 0.0500
168800 -1.555450 0.003852 0.0500
168900 -1.528448 0.003344 0.0500
169000 -1.514671 0.003205 0.0500
169100 -1.525570 0.003302 0.0500
169200 -1.538467 0.003490 0.0500
169300 -1.529609 0.003347 0.0500
169400 -1.528759 0.003333 0.0500
169500 -1.542076 0.003546 0.0500
169600 -1.559374 0.003920 0.0500
169700 -1.556152 0.003838 0.0500
169800 -1.547302 0.003638 0.0500
169900 -1.556503 0.003838 0.0500
170000 -1.569173 0.004158 0.0500
170100 -1.565794 0.004062 0.0500
170200 -1.563756 0.004004 0.0500
170300 -1.566312 0.004066 0.0500
170400 -1.568251 0.004114 0.0500
170500 -1.559606 0.003887 0.0500
170600 -1.548011 0.003622 0.0500
170700 -1.550039 0.003661 0.0500
170800 -1.557295 0.003820 0.0500
170900 -1.558862 0.003853 0.0500
171000 -1.556460 0.003792 0.0500
171100 -1.554935 0.003753 0.0500
171200 -1.552732 0.003700 0.0500
171300 -1.547307 0.003582 0.0500
171400 -1.540502 0.003450 0.0500
171500 -1.534801 0.003353 0.0500
171600 -1.532626 0.003318 0.0500
171700 -1.532568 0.003314 0.0500
171800 -1.539692 0.003423 0.0500
171900 -1.543486 0.003488 0.0500
172000 -1.539353 0.003411 0.0500
172100 -1.538909 0.003400 0.0500
172200 -1.536108 0.003351 0.0500
172300 -1.550857 0.003622 0.0500
172400 -1.552639 0.003657 0.0500
172500 -1.531491 0.003275 0.0500
172600 -1.528785 0.003237 0.0500
172700 -1.549886 0.003588 0.0500
172800 -1.546267 0.003511 0.0500
172900 -1.524368 0.003179 0.0500
173000 -1.523231 0.003165 0.0500
173100 -1.540437 0.003395 0.0500
173200 -1.538864 0.003365 0.0500
173300 -1.520640 0.003134 0.0500
173400 -1.510133 0.003077 0.0500
173500 -1.522197 0.003142 0.0500
173600 -1.539647 0.003367 0.0500
173700 -1.538740 0.003348 0.0500
173800 -1.533673 0.003267 0.0500
173900 -1.548016 0.003513 0.0500
174000 -1.564259 0.003885 0.0500
174100 -1.560132 0.003777 0.0500
174200 -1.546484 0.003472 0.0500
174300 -1.542233 0.003389 0.0500
174400 -1.546305 0.003462 0.0500
174500 -1.546299 0.003459 0.0500
174600 -1.543195 0.003397 0.0500
174700 -1.550342 0.003533 0.0500
174800 -1.559714 0.003742 0.0500
174900 -1.557285 0.003680 0.0500
175000 -1.548943 0.003494 0.0500
175100 -1.549492 0.003502 0.0500
175200 -1.546544 0.003440 0.0500
175300 -1.542008 0.003353 0.0500
175400 -1.547249 0.003447 0.0500
175500 -1.548393 0.003466 0.0500
175600 -1.554759 0.003598 0.0500
175700 -1.557789 0.003664 0.0500
175800 -1.555785 0.003614 0.0500
175900 -1.551813 0.003523 0.0500
176000 -1.559083 0.003683 0.0500
176100 -1.565654 0.003845 0.0500
176200 -1.561572 0.003736 0.0500
176300 -1.555495 0.003589 0.0500
176400 -1.563854 0.003786 0.0500
176500 -1.571561 0.003992 0.0500
176600 -1.554776 0.003562 0.0500
176700 -1.542566 0.003317 0.0500
176800 -1.554886 0.003557 0.0500
176900 -1.565840 0.003819 0.0500
177000 -1.550512 0.003457 0.0500
177100 -1.542585 0.003305 0.0500
177200 -1.552852 0.003499 0.0500
177300 -1.567101 0.003838 0.0500
177400 -1.571814 0.003966 0.0500
177500 -1.560591 0.003664 0.0500
177600 -1.555059 0.003533 0.0500
177700 -1.576164 0.004084 0.0500
177800 -1.582227 0.004279 0.0500
177900 -1.560326 0.003642 0.0500
178000 -1.554609 0.003509 0.0500
178100 -1.581357 0.004236 0.0500
178200 -1.585143 0.004365 0.0500
178300 -1.562745 0.003686 0.0500
178400 -1.549549 0.003391 0.0500
178500 -1.559334 0.003597 0.0500
178600 -1.559478 0.003597 0.0500
178700 -1.531011 0.003095 0.0500
178800 -1.511595 0.002970 0.0500
178900 -1.515434 0.002976 0.0500
179000 -1.522438 0.003009 0.0500
179100 -1.521376 0.003000 0.0500
179200 -1.512694 0.002961 0.0500
179300 -1.505325 0.002962 0.0500
179400 -1.496105 0.003008 0.0500
179500 -1.497005 0.002999 0.0500
179600 -1.500633 0.002973 0.0500
179700 -1.500637 0.002970 0.0500
179800 -1.493370 0.003023 0.0500
179900 -1.493075 0.003024 0.0500
180000 -1.502449 0.002954 0.0500
180100 -1.508242 0.002937 0.0500
180200 -1.503687 0.002944 0.0500
180300 -1.492567 0.003019 0.0500
180400 -1.487030 0.003086 0.0500
180500 -1.485670 0.003104 0.0500
180600 -1.486906 0.003083 0.0500
180700 -1.479163 0.003216 0.0500
180800 -1.473068 0.003357 0.0500
180900 -1.476079 0.003279 0.0500
181000 -1.483230 0.003130 0.0500
181100 -1.470003 0.003433 0.0500
181200 -1.450183 0.004257 0.0500
181300 -1.454794 0.004009 0.0500
181400 -1.466719 0.003524 0.0500
181500 -1.465691 0.003554 0.0500
181600 -1.466281 0.003531 0.0500
181700 -1.479130 0.003187 0.0500
181800 -1.496351 0.002947 0.0500
181900 -1.505924 0.002901 0.0500
182000 -1.497697 0.002933 0.0500
182100 -1.487018 0.003041 0.0500
182200 -1.493765 0.002959 0.0500
182300 -1.505811 0.002891 0.0500
182400 -1.503440 0.002895 0.0500
182500 -1.490777 0.002983 0.0500
182600 -1.500282 0.002903 0.0500
182700 -1.522863 0.002937 0.0500
182800 -1.526963 0.002972 0.0500
182900 -1.505703 0.002878 0.0500
183000 -1.500780 0.002892 0.0500
183100 -1.520802 0.002913 0.0500
183200 -1.522097 0.002920 0.0500
183300 -1.502638 0.002877 0.0500
183400 -1.491853 0.002952 0.0500
183500 -1.503200 0.002871 0.0500
183600 -1.527767 0.002962 0.0500
183700 -1.526994 0.002952 0.0500
183800 -1.503478 0.002863 0.0500
183900 -1.499066 0.002881 0.0500
184000 -1.526923 0.002945 0.0500
184100 -1.529837 0.002974 0.0500
184200 -1.514600 0.002856 0.0500
184300 -1.515159 0.002856 0.0500
184400 -1.537357 0.003067 0.0500
184500 -1.536859 0.003057 0.0500
184600 -1.510604 0.002838 0.0500
184700 -1.490338 0.002942 0.0500
184800 -1.496191 0.002882 0.0500
184900 -1.512475 0.002835 0.0500
185000 -1.505342 0.002832 0.0500
185100 -1.488961 0.002950 0.0500
185200 -1.486419 0.002983 0.0500
185300 -1.509335 0.002822 0.0500
185400 -1.518407 0.002847 0.0500
185500 -1.504206 0.002824 0.0500
185600 -1.497580 0.002854 0.0500
185700 -1.507765 0.002814 0.0500
185800 -1.517978 0.002836 0.0500
185900 -1.517199 0.002830 0.0500
186000 -1.519155 0.002838 0.0500
186100 -1.527005 0.002900 0.0500
186200 -1.532266 0.002958 0.0500
186300 -1.531113 0.002941 0.0500
186400 -1.525478 0.002878 0.0500
186500 -1.513281 0.002802 0.0500
186600 -1.508123 0.002794 0.0500
186700 -1.516342 0.002808 0.0500
186800 -1.521474 0.002836 0.0500
186900 -1.507883 0.002788 0.0500
187000 -1.512193 0.002789 0.0500
187100 -1.541030 0.003070 0.0500
187200 -1.561560 0.003510 0.0500
187300 -1.556629 0.003384 0.0500
187400 -1.539917 0.003043 0.0500
187500 -1.546949 0.003168 0.0500
187600 -1.562753 0.003529 0.0500
187700 -1.564504 0.003572 0.0500
187800 -1.565982 0.003609 0.0500
187900 -1.579479 0.004024 0.0500
188000 -1.593904 0.004599 0.0500
188100 -1.602560 0.005043 0.0500
188200 -1.596675 0.004720 0.0500
188300 -1.583339 0.004143 0.0500
188400 -1.576920 0.003914 0.0500
188500 -1.583505 0.004139 0.0500
188600 -1.584050 0.004155 0.0500
188700 -1.576457 0.003886 0.0500
188800 -1.584891 0.004177 0.0500
188900 -1.594771 0.004591 0.0500
189000 -1.584396 0.004149 0.0500
189100 -1.569151 0.003647 0.0500
189200 -1.570177 0.003672 0.0500
189300 -1.576221 0.003852 0.0500
189400 -1.571827 0.003713 0.0500
189500 -1.556915 0.003319 0.0500
189600 -1.564208 0.003494 0.0500
189700 -1.586431 0.004198 0.0500
189800 -1.588550 0.004278 0.0500
189900 -1.563384 0.003462 0.0500
190000 -1.555499 0.003271 0.0500
190100 -1.560622 0.003387 0.0500
190200 -1.554298 0.003239 0.0500
190300 -1.529348 0.002838 0.0500
190400 -1.518821 0.002758 0.0500
190500 -1.528658 0.002827 0.0500
190600 -1.533243 0.002874 0.0500
190700 -1.519972 0.002757 0.0500
190800 -1.499783 0.002766 0.0500
190900 -1.486328 0.002913 0.0500
191000 -1.478718 0.003054 0.0500
191100 -1.479878 0.003026 0.0500
191200 -1.478340 0.003057 0.0500
191300 -1.472591 0.003197 0.0500
191400 -1.474131 0.003153 0.0500
191500 -1.481584 0.002981 0.0500
191600 -1.471531 0.003219 0.0500
191700 -1.444629 0.004454 0.0500
191800 -1.430756 0.005649 0.0500
191900 -1.438076 0.004941 0.0500
192000 -1.450354 0.004078 0.0500
192100 -1.458146 0.003681 0.0500
192200 -1.454097 0.003869 0.0500
192300 -1.459943 0.003596 0.0500
192400 -1.462043 0.003508 0.0500
192500 -1.448041 0.004193 0.0500
192600 -1.439234 0.004809 0.0500
192700 -1.449379 0.004103 0.0500
192800 -1.467097 0.003313 0.0500
192900 -1.474225 0.003105 0.0500
193000 -1.473767 0.003114 0.0500
193100 -1.484724 0.002883 0.0500
193200 -1.498566 0.002725 0.0500
193300 -1.506912 0.002690 0.0500
193400 -1.498185 0.002723 0.0500
193500 -1.492448 0.002771 0.0500
193600 -1.496954 0.002728 0.0500
193700 -1.517575 0.002699 0.0500
193800 -1.539505 0.002922 0.0500
193900 -1.539640 0.002921 0.0500
194000 -1.533179 0.002828 0.0500
194100 -1.545566 0.003017 0.0500
194200 -1.561756 0.003368 0.0500
194300 -1.551293 0.003124 0.0500
194400 -1.540925 0.002930 0.0500
194500 -1.546143 0.003018 0.0500
194600 -1.540724 0.002922 0.0500
194700 -1.527645 0.002750 0.0500
194800 -1.529369 0.002766 0.0500
194900 -1.546235 0.003010 0.0500
195000 -1.549757 0.003075 0.0500
195100 -1.544627 0.002976 0.0500
195200 -1.532404 0.002791 0.0500
195300 -1.538717 0.002874 0.0500
195400 -1.547322 0.003018 0.0500
195500 -1.538936 0.002873 0.0500
195600 -1.519262 0.002670 0.0500
195700 -1.525045 0.002706 0.0500
195800 -1.550631 0.003074 0.0500
195900 -1.563226 0.003363 0.0500
196000 -1.551067 0.003078 0.0500
196100 -1.539679 0.002871 0.0500
196200 -1.556195 0.003184 0.0500
196300 -1.570940 0.003566 0.0500
196400 -1.546820 0.002984 0.0500
196500 -1.529360 0.002730 0.0500
196600 -1.540089 0.002865 0.0500
196700 -1.552254 0.003085 0.0500
196800 -1.537014 0.002815 0.0500
196900 -1.531999 0.002750 0.0500
197000 -1.542709 0.002898 0.0500
197100 -1.554084 0.003114 0.0500
197200 -1.543358 0.002904 0.0500
197300 -1.542932 0.002895 0.0500
197400 -1.554095 0.003107 0.0500
197500 -1.556677 0.003161 0.0500
197600 -1.548947 0.002996 0.0500
197700 -1.557009 0.003164 0.0500
197800 -1.571186 0.003534 0.0500
197900 -1.561551 0.003267 0.0500
198000 -1.547800 0.002963 0.0500
198100 -1.554105 0.003088 0.0500
198200 -1.574541 0.003625 0.0500
198300 -1.558752 0.003187 0.0500
198400 -1.531062 0.002708 0.0500
198500 -1.535343 0.002756 0.0500
198600 -1.555187 0.003099 0.0500
198700 -1.553974 0.003070 0.0500
198800 -1.527965 0.002669 0.0500
198900 -1.523795 0.002635 0.0500
199000 -1.540921 0.002823 0.0500
199100 -1.538596 0.002787 0.0500
199200 -1.516836 0.002595 0.0500
199300 -1.510287 0.002586 0.0500
199400 -1.534538 0.002727 0.0500
199500 -1.551662 0.003005 0.0500
199600 -1.536690 0.002750 0.0500
199700 -1.527264 0.002646 0.0500
199800 -1.544669 0.002867 0.0500
199900 -1.558042 0.003135 0.0500
200000 -1.549966 0.002959 0.0500
200100 -1.547370 0.002908 0.0500
200200 -1.562189 0.003228 0.0500
200300 -1.572405 0.003509 0.0500
200400 -1.566912 0.003347 0.0500
200500 -1.564061 0.003267 0.0500
200600 -1.576159 0.003618 0.0500
200700 -1.584694 0.003918 0.0500
200800 -1.580358 0.003753 0.0500
200900 -1.579766 0.003728 0.0500
201000 -1.588245 0.004048 0.0500
201100 -1.596455 0.004421 0.0500
201200 -1.602498 0.004745 0.0500
201300 -1.591644 0.004181 0.0500
201400 -1.593572 0.004264 0.0500
201500 -1.603016 0.004759 0.0500
201600 -1.595578 0.004350 0.0500
201700 -1.580910 0.003734 0.0500
201800 -1.584838 0.003875 0.0500
201900 -1.588100 0.004000 0.0500
202000 -1.580238 0.003699 0.0500
202100 -1.578557 0.003638 0.0500
202200 -1.592235 0.004165 0.0500
202300 -1.589971 0.004061 0.0500
202400 -1.570785 0.003386 0.0500
202500 -1.569275 0.003341 0.0500
202600 -1.576592 0.003555 0.0500
202700 -1.570858 0.003379 0.0500
202800 -1.562700 0.003161 0.0500
202900 -1.557394 0.003036 0.0500
203000 -1.568205 0.003296 0.0500
203100 -1.577156 0.003557 0.0500
203200 -1.564542 0.003195 0.0500
203300 -1.554759 0.002970 0.0500
203400 -1.568342 0.003288 0.0500
203500 -1.578449 0.003587 0.0500
203600 -1.551431 0.002898 0.0500
203700 -1.537066 0.002675 0.0500
203800 -1.556100 0.002986 0.0500
203900 -1.578839 0.003589 0.0500
204000 -1.557474 0.003009 0.0500
204100 -1.537000 0.002666 0.0500
204200 -1.553898 0.002931 0.0500
204300 -1.571456 0.003350 0.0500
204400 -1.550700 0.002866 0.0500
204500 -1.534939 0.002635 0.0500
204600 -1.546167 0.002784 0.0500
204700 -1.567562 0.003234 0.0500
204800 -1.565164 0.003169 0.0500
204900 -1.557750 0.002994 0.0500
205000 -1.556214 0.002959 0.0500
205100 -1.561598 0.003075 0.0500
205200 -1.560341 0.003043 0.0500
205300 -1.541831 0.002703 0.0500
205400 -1.522009 0.002522 0.0500
205500 -1.525932 0.002541 0.0500
205600 -1.536756 0.002634 0.0500
205700 -1.538993 0.002658 0.0500
205800 -1.532198 0.002583 0.0500
205900 -1.548013 0.002786 0.0500
206000 -1.560956 0.003041 0.0500
206100 -1.550427 0.002824 0.0500
206200 -1.527471 0.002538 0.0500
206300 -1.537614 0.002630 0.0500
206400 -1.554260 0.002890 0.0500
206500 -1.555365 0.002909 0.0500
206600 -1.551688 0.002836 0.0500
206700 -1.558907 0.002979 0.0500
206800 -1.567246 0.003177 0.0500
206900 -1.557498 0.002944 0.0500
207000 -1.547568 0.002755 0.0500
207100 -1.557926 0.002948 0.0500
207200 -1.558479 0.002958 0.0500
207300 -1.551547 0.002817 0.0500
207400 -1.555933 0.002900 0.0500
207500 -1.572825 0.003314 0.0500
207600 -1.568020 0.003177 0.0500
207700 -1.556108 0.002896 0.0500
207800 -1.552978 0.002832 0.0500
207900 -1.559717 0.002968 0.0500
208000 -1.552911 0.002826 0.0500
208100 -1.535256 0.002569 0.0500
208200 -1.539357 0.002613 0.0500
208300 -1.572371 0.003281 0.0500
208400 -1.598960 0.004333 0.0500
208500 -1.597382 0.004244 0.0500
208600 -1.600945 0.004432 0.0500
208700 -1.615366 0.005432 0.0500
208800 -1.631983 0.007275 0.0500
208900 -1.632240 0.007297 0.0500
209000 -1.615900 0.005449 0.0500
209100 -1.610474 0.005010 0.0500
209200 -1.632615 0.007316 0.0500
209300 -1.642175 0.008917 0.0500
209400 -1.629980 0.006919 0.0500
209500 -1.615642 0.005379 0.0500
209600 -1.623112 0.006080 0.0500
209700 -1.639822 0.008410 0.0500
209800 -1.621320 0.005872 0.0500
209900 -1.607791 0.004756 0.0500
210000 -1.617981 0.005538 0.0500
210100 -1.636815 0.007841 0.0500
210200 -1.639704 0.008318 0.0500
210300 -1.644990 0.009326 0.0500
210400 -1.657835 0.012636 0.0500
210500 -1.654356 0.011557 0.0500
210600 -1.645068 0.009257 0.0500
210700 -1.650426 0.010454 0.0500
210800 -1.657878 0.012497 0.0500
210900 -1.645949 0.009361 0.0500
211000 -1.639738 0.008138 0.0500
211100 -1.641901 0.008509 0.0500
211200 -1.643517 0.008797 0.0500
211300 -1.633861 0.007155 0.0500
211400 -1.617402 0.005322 0.0500
211500 -1.622874 0.005815 0.0500
211600 -1.646874 0.009425 0.0500
211700 -1.644359 0.008877 0.0500
211800 -1.614950 0.005086 0.0500
211900 -1.613730 0.004987 0.0500
212000 -1.647196 0.009426 0.0500
212100 -1.659636 0.012724 0.0500
212200 -1.631252 0.006675 0.0500
212300 -1.617916 0.005276 0.0500
212400 -1.644244 0.008731 0.0500
212500 -1.658712 0.012324 0.0500
212600 -1.621823 0.005587 0.0500
212700 -1.579133 0.003328 0.0500
212800 -1.580350 0.003360 0.0500
212900 -1.598383 0.004020 0.0500
213000 -1.577819 0.003281 0.0500
213100 -1.533031 0.002505 0.0500
213200 -1.525974 0.002461 0.0500
213300 -1.537559 0.002541 0.0500
213400 -1.533233 0.002502 0.0500
213500 -1.504944 0.002474 0.0500
213600 -1.489975 0.002632 0.0500
213700 -1.508745 0.002450 0.0500
213800 -1.530423 0.002476 0.0500
213900 -1.515126 0.002431 0.0500
214000 -1.481975 0.002772 0.0500
214100 -1.471464 0.003038 0.0500
214200 -1.490981 0.002607 0.0500
214300 -1.503513 0.002470 0.0500
214400 -1.480761 0.002790 0.0500
214500 -1.461588 0.003379 0.0500
214600 -1.482716 0.002744 0.0500
214700 -1.502588 0.002470 0.0500
214800 -1.472363 0.002996 0.0500
214900 -1.426316 0.006007 0.0500
215000 -1.411399 0.008397 0.0500
215100 -1.435099 0.005037 0.0500
215200 -1.454619 0.003673 0.0500
215300 -1.429854 0.005557 0.0500
215400 -1.405231 0.009746 0.0500
215500 -1.418041 0.007119 0.0500
215600 -1.448795 0.003971 0.0500
215700 -1.442556 0.004379 0.0500
215800 -1.407890 0.009049 0.0500
215900 -1.388972 0.015070 0.0500
216000 -1.410769 0.008370 0.0500
216100 -1.426446 0.005860 0.0500
216200 -1.419756 0.006754 0.0500
216300 -1.404870 0.009657 0.0500
216400 -1.403341 0.010022 0.0500
216500 -1.417215 0.007103 0.0500
216600 -1.425646 0.005896 0.0500
216700 -1.403307 0.009968 0.0500
216800 -1.381678 0.018289 0.0500
216900 -1.388934 0.014713 0.0500
217000 -1.414221 0.007510 0.0500
217100 -1.416216 0.007153 0.0500
217200 -1.397794 0.011378 0.0500
217300 -1.396290 0.011821 0.0500
217400 -1.410207 0.008187 0.0500
217500 -1.414108 0.007436 0.0500
217600 -1.395317 0.012054 0.0500
217700 -1.379281 0.019155 0.0500
217800 -1.385522 0.015825 0.0500
217900 -1.394091 0.012315 0.0500
218000 -1.386200 0.015392 0.0500
218100 -1.374907 0.021491 0.0500
218200 -1.369846 0.024928 0.0500
218300 -1.380263 0.018046 0.0500
218400 -1.394382 0.011922 0.0500
218500 -1.385192 0.015461 0.0500
218600 -1.364205 0.029078 0.0500
218700 -1.368610 0.025200 0.0500
218800 -1.389941 0.013232 0.0500
218900 -1.388910 0.013577 0.0500
219000 -1.363507 0.029068 0.0500
219100 -1.366335 0.026435 0.0500
219200 -1.389919 0.012963 0.0500
219300 -1.390835 0.012586 0.0500
219400 -1.363984 0.028031 0.0500
219500 -1.360520 0.030935 0.0500
219600 -1.368763 0.023805 0.0500
219700 -1.364515 0.026947 0.0500
219800 -1.345097 0.048096 0.0500
219900 -1.335218 0.062695 0.0500
220000 -1.349705 0.040738 0.0500
220100 -1.361053 0.028606 0.0500
220200 -1.350869 0.038601 0.0500
220300 -1.350220 0.038933 0.0500
220400 -1.369241 0.021684 0.0500
220500 -1.376283 0.017472 0.0500
220600 -1.357724 0.030413 0.0500
220700 -1.356282 0.031502 0.0500
220800 -1.374227 0.018178 0.0500
220900 -1.382648 0.014167 0.0500
221000 -1.368069 0.021656 0.0500
221100 -1.352920 0.034094 0.0500
221200 -1.368501 0.021055 0.0500
221300 -1.390545 0.011142 0.0500
221400 -1.386417 0.012421 0.0500
221500 -1.368961 0.020518 0.0500
221600 -1.375434 0.016829 0.0500
221700 -1.392505 0.010411 0.0500
221800 -1.401350 0.008319 0.0500
221900 -1.390746 0.010848 0.0500
222000 -1.379115 0.014932 0.0500
222100 -1.389660 0.011087 0.0500
222200 -1.406678 0.007264 0.0500
222300 -1.405546 0.007437 0.0500
222400 -1.383813 0.012923 0.0500
222500 -1.371711 0.018308 0.0500
222600 -1.388243 0.011342 0.0500
222700 -1.402759 0.007833 0.0500
222800 -1.386849 0.011719 0.0500
222900 -1.363682 0.023072 0.0500
223000 -1.375524 0.016030 0.0500
223100 -1.397679 0.008724 0.0500
223200 -1.401588 0.007920 0.0500
223300 -1.387039 0.011451 0.0500
223400 -1.377150 0.015103 0.0500
223500 -1.396401 0.008900 0.0500
223600 -1.413756 0.006003 0.0500
223700 -1.396502 0.008842 0.0500
223800 -1.363627 0.022510 0.0500
223900 -1.361002 0.024266 0.0500
224000 -1.383913 0.012169 0.0500
224100 -1.391597 0.009856 0.0500
224200 -1.379843 0.013574 0.0500
224300 -1.367877 0.019313 0.0500
224400 -1.378432 0.014011 0.0500
224500 -1.389465 0.010267 0.0500
224600 -1.375658 0.015095 0.0500
224700 -1.352472 0.030735 0.0500
224800 -1.354709 0.028408 0.0500
224900 -1.361569 0.022734 0.0500
225000 -1.355706 0.027143 0.0500
225100 -1.342291 0.040927 0.0500
225200 -1.351385 0.030505 0.0500
225300 -1.371202 0.016393 0.0500
225400 -1.372451 0.015722 0.0500
225500 -1.349273 0.032051 0.0500
225600 -1.351988 0.029173 0.0500
225700 -1.376726 0.013605 0.0500
225800 -1.392650 0.008837 0.0500
225900 -1.387056 0.010170 0.0500
226000 -1.375737 0.013875 0.0500
226100 -1.377857 0.013004 0.0500
226200 -1.390826 0.009135 0.0500
226300 -1.396944 0.007849 0.0500
226400 -1.390942 0.009065 0.0500
226500 -1.385336 0.010461 0.0500
226600 -1.397574 0.007676 0.0500
226700 -1.420126 0.004881 0.0500
226800 -1.424377 0.004550 0.0500
226900 -1.413437 0.005480 0.0500
227000 -1.407227 0.006177 0.0500
227100 -1.419561 0.004899 0.0500
227200 -1.435787 0.003845 0.0500
227300 -1.435091 0.003876 0.0500
227400 -1.426682 0.004357 0.0500
227500 -1.432382 0.004010 0.0500
227600 -1.452600 0.003171 0.0500
227700 -1.463616 0.002878 0.0500
227800 -1.462810 0.002894 0.0500
227900 -1.467277 0.002795 0.0500
228000 -1.465823 0.002823 0.0500
228100 -1.457101 0.003029 0.0500
228200 -1.461840 0.002907 0.0500
228300 -1.465684 0.002819 0.0500
228400 -1.464233 0.002848 0.0500
228500 -1.466316 0.002801 0.0500
228600 -1.474856 0.002641 0.0500
228700 -1.481805 0.002539 0.0500
228800 -1.486364 0.002484 0.0500
228900 -1.483541 0.002514 0.0500
229000 -1.487796 0.002466 0.0500
229100 -1.495956 0.002397 0.0500
229200 -1.492214 0.002422 0.0500
229300 -1.485855 0.002481 0.0500
229400 -1.492868 0.002414 0.0500
229500 -1.500632 0.002365 0.0500
229600 -1.506962 0.002344 0.0500
229700 -1.501963 0.002356 0.0500
229800 -1.504521 0.002346 0.0500
229900 -1.517654 0.002345 0.0500
230000 -1.524615 0.002373 0.0500
230100 -1.523611 0.002366 0.0500
230200 -1.529136 0.002400 0.0500
230300 -1.532090 0.002422 0.0500
230400 -1.523933 0.002363 0.0500
230500 -1.510229 0.002327 0.0500
230600 -1.513408 0.002326 0.0500
230700 -1.525300 0.002366 0.0500
230800 -1.529822 0.002396 0.0500
230900 -1.522734 0.002349 0.0500
231000 -1.526518 0.002369 0.0500
231100 -1.527434 0.002374 0.0500
231200 -1.518699 0.002328 0.0500
231300 -1.504933 0.002324 0.0500
231400 -1.507346 0.002317 0.0500
231500 -1.515951 0.002317 0.0500
231600 -1.529445 0.002381 0.0500
231700 -1.529594 0.002380 0.0500
231800 -1.523905 0.002342 0.0500
231900 -1.523713 0.002339 0.0500
232000 -1.538561 0.002462 0.0500
232100 -1.537857 0.002452 0.0500
232200 -1.532340 0.002395 0.0500
232300 -1.536541 0.002434 0.0500
232400 -1.552885 0.002660 0.0500
232500 -1.564432 0.002883 0.0500
232600 -1.568053 0.002963 0.0500
232700 -1.559688 0.002779 0.0500
232800 -1.558213 0.002748 0.0500
232900 -1.552535 0.002644 0.0500
233000 -1.545150 0.002528 0.0500
233100 -1.536611 0.002422 0.0500
233200 -1.534323 0.002397 0.0500
233300 -1.547994 0.002564 0.0500
233400 -1.555042 0.002678 0.0500
233500 -1.548590 0.002569 0.0500
233600 -1.550768 0.002601 0.0500
233700 -1.558867 0.002744 0.0500
233800 -1.566536 0.002904 0.0500
233900 -1.553946 0.002649 0.0500
234000 -1.541505 0.002462 0.0500
234100 -1.555376 0.002670 0.0500
234200 -1.583031 0.003343 0.0500
234300 -1.586200 0.003446 0.0500
234400 -1.568983 0.002947 0.0500
234500 -1.560464 0.002758 0.0500
234600 -1.576838 0.003146 0.0500
234700 -1.585312 0.003404 0.0500
234800 -1.559628 0.002735 0.0500
234900 -1.535193 0.002379 0.0500
235000 -1.551720 0.002590 0.0500
235100 -1.580540 0.003243 0.0500
235200 -1.573833 0.003050 0.0500
235300 -1.542376 0.002451 0.0500
235400 -1.554455 0.002628 0.0500
235500 -1.600125 0.003989 0.0500
235600 -1.605082 0.004245 0.0500
235700 -1.566390 0.002858 0.0500
235800 -1.556889 0.002663 0.0500
235900 -1.589136 0.003508 0.0500
236000 -1.602748 0.004104 0.0500
236100 -1.574900 0.003056 0.0500
236200 -1.559118 0.002696 0.0500
236300 -1.590134 0.003533 0.0500
236400 -1.611481 0.004613 0.0500
236500 -1.586930 0.003410 0.0500
236600 -1.565503 0.002817 0.0500
236700 -1.575412 0.003053 0.0500
236800 -1.588392 0.003453 0.0500
236900 -1.580330 0.003186 0.0500
237000 -1.563202 0.002759 0.0500
237100 -1.565976 0.002816 0.0500
237200 -1.581638 0.003218 0.0500
237300 -1.586560 0.003375 0.0500
237400 -1.581264 0.003201 0.0500
237500 -1.571200 0.002926 0.0500
237600 -1.575638 0.003036 0.0500
237700 -1.580740 0.003177 0.0500
237800 -1.573179 0.002967 0.0500
237900 -1.570370 0.002896 0.0500
238000 -1.578081 0.003092 0.0500
238100 -1.580617 0.003163 0.0500
238200 -1.570295 0.002887 0.0500
238300 -1.559891 0.002666 0.0500
238400 -1.565855 0.002783 0.0500
238500 -1.585152 0.003295 0.0500
238600 -1.580445 0.003145 0.0500
238700 -1.560383 0.002667 0.0500
238800 -1.560862 0.002674 0.0500
238900 -1.580104 0.003128 0.0500
239000 -1.572270 0.002916 0.0500
239100 -1.540566 0.002370 0.0500
239200 -1.538421 0.002347 0.0500
239300 -1.568142 0.002814 0.0500
239400 -1.579095 0.003088 0.0500
239500 -1.562899 0.002699 0.0500
239600 -1.564606 0.002732 0.0500
239700 -1.590220 0.003443 0.0500
239800 -1.606080 0.004176 0.0500
239900 -1.601266 0.003913 0.0500
240000 -1.596561 0.003688 0.0500
240100 -1.619012 0.005074 0.0500
240200 -1.636813 0.007131 0.0500
240300 -1.622488 0.005371 0.0500
240400 -1.600210 0.003836 0.0500
240500 -1.606057 0.004138 0.0500
240600 -1.631985 0.006413 0.0500
240700 -1.621524 0.005252 0.0500
240800 -1.582199 0.003137 0.0500
240900 -1.565350 0.002719 0.0500
241000 -1.583078 0.003158 0.0500
241100 -1.582219 0.003129 0.0500
241200 -1.551241 0.002471 0.0500
241300 -1.539576 0.002332 0.0500
241400 -1.570114 0.002810 0.0500
241500 -1.598681 0.003729 0.0500
241600 -1.578988 0.003026 0.0500
241700 -1.547614 0.002414 0.0500
241800 -1.559062 0.002583 0.0500
241900 -1.588345 0.003308 0.0500
242000 -1.580156 0.003049 0.0500
242100 -1.542600 0.002350 0.0500
242200 -1.540820 0.002331 0.0500
242300 -1.584298 0.003166 0.0500
242400 -1.609610 0.004294 0.0500
242500 -1.572739 0.002847 0.0500
242600 -1.528077 0.002233 0.0500
242700 -1.552268 0.002461 0.0500
242800 -1.598863 0.003705 0.0500
242900 -1.572974 0.002844 0.0500
243000 -1.514055 0.002202 0.0500
243100 -1.525957 0.002218 0.0500
243200 -1.583175 0.003113 0.0500
243300 -1.580650 0.003037 0.0500
243400 -1.524671 0.002210 0.0500
243500 -1.513286 0.002198 0.0500
243600 -1.560530 0.002578 0.0500
243700 -1.569334 0.002749 0.0500
243800 -1.523972 0.002203 0.0500
243900 -1.507128 0.002209 0.0500
244000 -1.543133 0.002329 0.0500
244100 -1.563461 0.002624 0.0500
244200 -1.538443 0.002281 0.0500
244300 -1.517461 0.002186 0.0500
244400 -1.529149 0.002215 0.0500
244500 -1.545786 0.002351 0.0500
244600 -1.533998 0.002241 0.0500
244700 -1.512328 0.002185 0.0500
244800 -1.515350 0.002180 0.0500
244900 -1.532574 0.002228 0.0500
245000 -1.540216 0.002286 0.0500
245100 -1.534363 0.002237 0.0500
245200 -1.533629 0.002231 0.0500
245300 -1.536106 0.002247 0.0500
245400 -1.531470 0.002214 0.0500
245500 -1.519674 0.002172 0.0500
245600 -1.507863 0.002186 0.0500
245700 -1.509494 0.002179 0.0500
245800 -1.513423 0.002169 0.0500
245900 -1.511641 0.002171 0.0500
246000 -1.510913 0.002171 0.0500
246100 -1.523652 0.002172 0.0500
246200 -1.535435 0.002230 0.0500
246300 -1.524118 0.002170 0.0500
246400 -1.507045 0.002179 0.0500
246500 -1.506447 0.002180 0.0500
246600 -1.517797 0.002156 0.0500
246700 -1.530711 0.002193 0.0500
246800 -1.529792 0.002187 0.0500
246900 -1.530057 0.002187 0.0500
247000 -1.543843 0.002297 0.0500
247100 -1.561543 0.002552 0.0500
247200 -1.555670 0.002451 0.0500
247300 -1.540456 0.002258 0.0500
247400 -1.551998 0.002393 0.0500
247500 -1.583902 0.003084 0.0500
247600 -1.579065 0.002940 0.0500
247700 -1.561642 0.002543 0.0500
247800 -1.571861 0.002753 0.0500
247900 -1.598542 0.003627 0.0500
248000 -1.604665 0.003929 0.0500
248100 -1.591575 0.003331 0.0500
248200 -1.583455 0.003052 0.0500
248300 -1.591461 0.003321 0.0500
248400 -1.597623 0.003569 0.0500
248500 -1.590665 0.003285 0.0500
248600 -1.583958 0.003056 0.0500
248700 -1.592493 0.003347 0.0500
248800 -1.610470 0.004245 0.0500
248900 -1.615969 0.004628 0.0500
249000 -1.610130 0.004213 0.0500
249100 -1.608011 0.004077 0.0500
249200 -1.597239 0.003523 0.0500
249300 -1.580693 0.002940 0.0500
249400 -1.579149 0.002895 0.0500
249500 -1.592045 0.003304 0.0500
249600 -1.577867 0.002856 0.0500
249700 -1.550937 0.002342 0.0500
249800 -1.550567 0.002336 0.0500
249900 -1.565408 0.002571 0.0500
250000 -1.561774 0.002502 0.0500
250100 -1.527839 0.002144 0.0500
250200 -1.510293 0.002138 0.0500
250300 -1.526397 0.002137 0.0500
250400 -1.536239 0.002186 0.0500
250500 -1.514492 0.002124 0.0500
250600 -1.487729 0.002309 0.0500
250700 -1.493513 0.002243 0.0500
250800 -1.507947 0.002139 0.0500
250900 -1.500269 0.002182 0.0500
251000 -1.476901 0.002465 0.0500
251100 -1.462722 0.002760 0.0500
251200 -1.470717 0.002578 0.0500
251300 -1.478394 0.002434 0.0500
251400 -1.459367 0.002842 0.0500
251500 -1.444955 0.003311 0.0500
251600 -1.440772 0.003481 0.0500
251700 -1.437640 0.003622 0.0500
251800 -1.433423 0.003833 0.0500
251900 -1.427401 0.004187 0.0500
252000 -1.438760 0.003558 0.0500
252100 -1.456764 0.002896 0.0500
252200 -1.472982 0.002513 0.0500
252300 -1.464503 0.002691 0.0500
252400 -1.455443 0.002928 0.0500
252500 -1.457162 0.002876 0.0500
252600 -1.465196 0.002668 0.0500
252700 -1.461322 0.002760 0.0500
252800 -1.449073 0.003123 0.0500
252900 -1.456647 0.002881 0.0500
253000 -1.472358 0.002510 0.0500
253100 -1.471313 0.002528 0.0500
253200 -1.458977 0.002810 0.0500
253300 -1.451947 0.003015 0.0500
253400 -1.455884 0.002892 0.0500
253500 -1.459286 0.002795 0.0500
253600 -1.458658 0.002810 0.0500
253700 -1.451865 0.003008 0.0500
253800 -1.456427 0.002867 0.0500
253900 -1.470048 0.002538 0.0500
254000 -1.474660 0.002450 0.0500
254100 -1.465625 0.002628 0.0500
254200 -1.468455 0.002565 0.0500
254300 -1.485254 0.002285 0.0500
254400 -1.492171 0.002206 0.0500
254500 -1.481753 0.002329 0.0500
254600 -1.480677 0.002343 0.0500
254700 -1.501614 0.002128 0.0500
254800 -1.521118 0.002086 0.0500
254900 -1.519119 0.002082 0.0500
255000 -1.515520 0.002080 0.0500
255100 -1.529193 0.002110 0.0500
255200 -1.543569 0.002220 0.0500
255300 -1.536590 0.002154 0.0500
255400 -1.536096 0.002149 0.0500
255500 -1.546577 0.002249 0.0500
255600 -1.554193 0.002348 0.0500
255700 -1.551703 0.002311 0.0500
255800 -1.553150 0.002330 0.0500
255900 -1.571377 0.002661 0.0500
256000 -1.582094 0.002936 0.0500
256100 -1.575979 0.002767 0.0500
256200 -1.574612 0.002731 0.0500
256300 -1.585321 0.003027 0.0500
256400 -1.597170 0.003465 0.0500
256500 -1.592573 0.003274 0.0500
256600 -1.581406 0.002901 0.0500
256700 -1.591386 0.003224 0.0500
256800 -1.612857 0.004319 0.0500
256900 -1.602414 0.003695 0.0500
257000 -1.583130 0.002941 0.0500
257100 -1.595751 0.003383 0.0500
257200 -1.615704 0.004510 0.0500
257300 -1.599649 0.003547 0.0500
257400 -1.580187 0.002846 0.0500
257500 -1.584266 0.002962 0.0500
257600 -1.606623 0.003896 0.0500
257700 -1.623559 0.005166 0.0500
257800 -1.613014 0.004288 0.0500
257900 -1.588309 0.003079 0.0500
258000 -1.578871 0.002796 0.0500
258100 -1.570424 0.002593 0.0500
258200 -1.556882 0.002347 0.0500
258300 -1.543479 0.002179 0.0500
258400 -1.541136 0.002156 0.0500
258500 -1.554840 0.002313 0.0500
258600 -1.558643 0.002368 0.0500
258700 -1.551877 0.002269 0.0500
258800 -1.549516 0.002238 0.0500
258900 -1.550713 0.002252 0.0500
259000 -1.552320 0.002271 0.0500
259100 -1.541619 0.002151 0.0500
259200 -1.533123 0.002088 0.0500
259300 -1.541405 0.002147 0.0500
259400 -1.559634 0.002373 0.0500
259500 -1.568925 0.002541 0.0500
259600 -1.565234 0.002467 0.0500
259700 -1.559949 0.002373 0.0500
259800 -1.556122 0.002312 0.0500
259900 -1.560785 0.002384 0.0500
260000 -1.568785 0.002530 0.0500
260100 -1.576098 0.002692 0.0500
260200 -1.583086 0.002877 0.0500
260300 -1.586431 0.002976 0.0500
260400 -1.587588 0.003011 0.0500
260500 -1.583888 0.002893 0.0500
260600 -1.574253 0.002637 0.0500
260700 -1.562186 0.002393 0.0500
260800 -1.560172 0.002358 0.0500
260900 -1.559994 0.002354 0.0500
261000 -1.567498 0.002486 0.0500
261100 -1.575420 0.002656 0.0500
261200 -1.572858 0.002594 0.0500
261300 -1.568434 0.002499 0.0500
261400 -1.565837 0.002447 0.0500
261500 -1.559283 0.002333 0.0500
261600 -1.551448 0.002222 0.0500
261700 -1.555764 0.002278 0.0500
261800 -1.564696 0.002420 0.0500
261900 -1.566625 0.002454 0.0500
262000 -1.562365 0.002376 0.0500
262100 -1.567396 0.002465 0.0500
262200 -1.575253 0.002633 0.0500
262300 -1.571453 0.002545 0.0500
262400 -1.571534 0.002545 0.0500
262500 -1.566886 0.002449 0.0500
262600 -1.563087 0.002378 0.0500
262700 -1.560634 0.002336 0.0500
262800 -1.556809 0.002276 0.0500
262900 -1.552128 0.002212 0.0500
263000 -1.555818 0.002259 0.0500
263100 -1.558652 0.002299 0.0500
263200 -1.563182 0.002371 0.0500
263300 -1.572096 0.002542 0.0500
263400 -1.579034 0.002706 0.0500
263500 -1.577774 0.002672 0.0500
263600 -1.581375 0.002765 0.0500
263700 -1.595211 0.003226 0.0500
263800 -1.600071 0.003434 0.0500
263900 -1.599901 0.003423 0.0500
264000 -1.599011 0.003379 0.0500
264100 -1.602875 0.003560 0.0500
264200 -1.602373 0.003532 0.0500
264300 -1.595550 0.003222 0.0500
264400 -1.578099 0.002660 0.0500
264500 -1.565646 0.002392 0.0500
264600 -1.583243 0.002794 0.0500
264700 -1.607156 0.003774 0.0500
264800 -1.595970 0.003226 0.0500
264900 -1.580670 0.002716 0.0500
265000 -1.597797 0.003298 0.0500
265100 -1.625325 0.005174 0.0500
265200 -1.618670 0.004551 0.0500
265300 -1.604519 0.003606 0.0500
265400 -1.611412 0.004007 0.0500
265500 -1.630800 0.005767 0.0500
265600 -1.635083 0.006326 0.0500
265700 -1.620187 0.004648 0.0500
265800 -1.614528 0.004197 0.0500
265900 -1.622342 0.004829 0.0500
266000 -1.628822 0.005492 0.0500
266100 -1.620492 0.004650 0.0500
266200 -1.605639 0.003625 0.0500
266300 -1.615110 0.004213 0.0500
266400 -1.637914 0.006683 0.0500
266500 -1.640390 0.007072 0.0500
266600 -1.621307 0.004689 0.0500
266700 -1.618168 0.004419 0.0500
266800 -1.646376 0.008157 0.0500
266900 -1.670146 0.015492 0.0500
267000 -1.652674 0.009539 0.0500
267100 -1.629977 0.005522 0.0500
267200 -1.657689 0.010867 0.0500
267300 -1.690681 0.027330 0.0500
267400 -1.669385 0.014894 0.0500
267500 -1.647778 0.008266 0.0500
267600 -1.678888 0.019375 0.0500
267700 -1.711355 0.046250 0.0500
267800 -1.685135 0.022731 0.0500
267900 -1.663002 0.012145 0.0500
268000 -1.683040 0.021232 0.0500
268100 -1.698363 0.032201 0.0500
268200 -1.676993 0.017654 0.0500
268300 -1.664160 0.012281 0.0500
268400 -1.687817 0.023726 0.0500
268500 -1.707678 0.040220 0.0500
268600 -1.687986 0.023436 0.0500
268700 -1.679690 0.018468 0.0500
268800 -1.699237 0.031516 0.0500
268900 -1.709026 0.040391 0.0500
269000 -1.687407 0.022368 0.0500
269100 -1.681125 0.018671 0.0500
269200 -1.699796 0.031020 0.0500
269300 -1.702348 0.032919 0.0500
269400 -1.679623 0.017525 0.0500
269500 -1.678355 0.016838 0.0500
269600 -1.695731 0.027059 0.0500
269700 -1.682231 0.018522 0.0500
269800 -1.660527 0.010237 0.0500
269900 -1.662966 0.010881 0.0500
270000 -1.678881 0.016704 0.0500
270100 -1.669609 0.012896 0.0500
270200 -1.662466 0.010621 0.0500
270300 -1.679005 0.016577 0.0500
270400 -1.690919 0.022964 0.0500
270500 -1.677038 0.015531 0.0500
270600 -1.673587 0.014066 0.0500
270700 -1.682713 0.018024 0.0500
270800 -1.688279 0.020934 0.0500
270900 -1.677262 0.015334 0.0500
271000 -1.663292 0.010482 0.0500
271100 -1.671136 0.012878 0.0500
271200 -1.688381 0.020660 0.0500
271300 -1.689257 0.021048 0.0500
271400 -1.682360 0.017271 0.0500
271500 -1.687106 0.019613 0.0500
271600 -1.697642 0.026141 0.0500
271700 -1.692671 0.022610 0.0500
271800 -1.696405 0.024920 0.0500
271900 -1.702610 0.029356 0.0500
272000 -1.686701 0.018754 0.0500
272100 -1.675367 0.013664 0.0500
272200 -1.690100 0.020427 0.0500
272300 -1.695414 0.023542 0.0500
272400 -1.675255 0.013415 0.0500
272500 -1.664425 0.010048 0.0500
272600 -1.676218 0.013680 0.0500
272700 -1.683397 0.016589 0.0500
272800 -1.672781 0.012367 0.0500
272900 -1.664971 0.010045 0.0500
273000 -1.677694 0.014034 0.0500
273100 -1.689267 0.019249 0.0500
273200 -1.677192 0.013717 0.0500
273300 -1.663220 0.009464 0.0500
273400 -1.674570 0.012696 0.0500
273500 -1.689333 0.019001 0.0500
273600 -1.671942 0.011734 0.0500
273700 -1.652867 0.007271 0.0500
273800 -1.666072 0.010014 0.0500
273900 -1.689830 0.019029 0.0500
274000 -1.680877 0.014753 0.0500
274100 -1.655788 0.007686 0.0500
274200 -1.654431 0.007430 0.0500
274300 -1.669771 0.010851 0.0500
274400 -1.662310 0.008938 0.0500
274500 -1.646968 0.006243 0.0500
274600 -1.643579 0.005805 0.0500
274700 -1.663957 0.009262 0.0500
274800 -1.672468 0.011525 0.0500
274900 -1.663661 0.009141 0.0500
275000 -1.663158 0.009003 0.0500
275100 -1.675732 0.012481 0.0500
275200 -1.683347 0.015341 0.0500
275300 -1.681389 0.014465 0.0500
275400 -1.685168 0.016010 0.0500
275500 -1.694363 0.020679 0.0500
275600 -1.699563 0.023844 0.0500
275700 -1.701410 0.024965 0.0500
275800 -1.700208 0.023957 0.0500
275900 -1.706756 0.028660 0.0500
276000 -1.707063 0.028678 0.0500
276100 -1.697115 0.021451 0.0500
276200 -1.700215 0.023287 0.0500
276300 -1.711490 0.031836 0.0500
276400 -1.708798 0.029252 0.0500
276500 -1.702592 0.024340 0.0500
276600 -1.700816 0.022987 0.0500
276700 -1.701642 0.023381 0.0500
276800 -1.705045 0.025583 0.0500
276900 -1.709383 0.028721 0.0500
277000 -1.697656 0.020440 0.0500
277100 -1.691314 0.017008 0.0500
277200 -1.693956 0.018226 0.0500
277300 -1.686244 0.014638 0.0500
277400 -1.671785 0.009948 0.0500
277500 -1.663869 0.008172 0.0500
277600 -1.661165 0.007654 0.0500
277700 -1.667646 0.008911 0.0500
277800 -1.661017 0.007593 0.0500
277900 -1.651064 0.006095 0.0500
278000 -1.627403 0.004014 0.0500
278100 -1.609121 0.003188 0.0500
278200 -1.598693 0.002875 0.0500
278300 -1.592061 0.002713 0.0500
278400 -1.583937 0.002547 0.0500
278500 -1.575988 0.002409 0.0500
278600 -1.577847 0.002437 0.0500
278700 -1.588103 0.002622 0.0500
278800 -1.584914 0.002558 0.0500
278900 -1.562964 0.002224 0.0500
279000 -1.551184 0.002102 0.0500
279100 -1.556166 0.002147 0.0500
279200 -1.554456 0.002129 0.0500
279300 -1.543614 0.002041 0.0500
279400 -1.542522 0.002033 0.0500
279500 -1.552938 0.002111 0.0500
279600 -1.553653 0.002116 0.0500
279700 -1.531738 0.001982 0.0500
279800 -1.524212 0.001969 0.0500
279900 -1.536215 0.001995 0.0500
280000 -1.541461 0.002020 0.0500
280100 -1.521490 0.001966 0.0500
280200 -1.511286 0.001990 0.0500
280300 -1.536758 0.001993 0.0500
280400 -1.562090 0.002196 0.0500
280500 -1.553101 0.002102 0.0500
280600 -1.532748 0.001975 0.0500
280700 -1.531220 0.001970 0.0500
280800 -1.553323 0.002100 0.0500
280900 -1.556731 0.002132 0.0500
281000 -1.534110 0.001975 0.0500
281100 -1.535317 0.001978 0.0500
281200 -1.558769 0.002150 0.0500
281300 -1.566256 0.002237 0.0500
281400 -1.545960 0.002033 0.0500
281500 -1.526776 0.001953 0.0500
281600 -1.533383 0.001966 0.0500
281700 -1.545535 0.002027 0.0500
281800 -1.547738 0.002042 0.0500
281900 -1.537760 0.001980 0.0500
282000 -1.534364 0.001965 0.0500
282100 -1.541635 0.001998 0.0500
282200 -1.539964 0.001988 0.0500
282300 -1.527880 0.001946 0.0500
282400 -1.524020 0.001943 0.0500
282500 -1.524668 0.001942 0.0500
282600 -1.523434 0.001940 0.0500
282700 -1.512396 0.001962 0.0500
282800 -1.510196 0.001971 0.0500
282900 -1.520873 0.001939 0.0500
283000 -1.524022 0.001936 0.0500
283100 -1.511098 0.001963 0.0500
283200 -1.496693 0.002064 0.0500
283300 -1.490311 0.002133 0.0500
283400 -1.497251 0.002056 0.0500
283500 -1.494272 0.002085 0.0500
283600 -1.473028 0.002402 0.0500
283700 -1.466642 0.002537 0.0500
283800 -1.485509 0.002189 0.0500
283900 -1.502354 0.002007 0.0500
284000 -1.487450 0.002160 0.0500
284100 -1.467464 0.002512 0.0500
284200 -1.481817 0.002239 0.0500
284300 -1.498747 0.002032 0.0500
284400 -1.482846 0.002220 0.0500
284500 -1.447123 0.003101 0.0500
284600 -1.450674 0.002971 0.0500
284700 -1.488643 0.002136 0.0500
284800 -1.506487 0.001969 0.0500
284900 -1.487774 0.002144 0.0500
285000 -1.472924 0.002384 0.0500
285100 -1.488662 0.002130 0.0500
285200 -1.498706 0.002022 0.0500
285300 -1.487225 0.002146 0.0500
285400 -1.475344 0.002332 0.0500
285500 -1.482119 0.002217 0.0500
285600 -1.518179 0.001918 0.0500
285700 -1.545820 0.001999 0.0500
285800 -1.546892 0.002006 0.0500
285900 -1.537206 0.001945 0.0500
286000 -1.549133 0.002021 0.0500
286100 -1.559726 0.002125 0.0500
286200 -1.540763 0.001960 0.0500
286300 -1.531970 0.001920 0.0500
286400 -1.558845 0.002111 0.0500
286500 -1.586651 0.002536 0.0500
286600 -1.578618 0.002385 0.0500
286700 -1.566555 0.002201 0.0500
286800 -1.577332 0.002361 0.0500
286900 -1.581040 0.002423 0.0500
287000 -1.554262 0.002056 0.0500
287100 -1.523129 0.001901 0.0500
287200 -1.525289 0.001900 0.0500
287300 -1.534472 0.001919 0.0500
287400 -1.523896 0.001898 0.0500
287500 -1.511322 0.001922 0.0500
287600 -1.518078 0.001901 0.0500
287700 -1.520809 0.001896 0.0500
287800 -1.510711 0.001922 0.0500
287900 -1.503054 0.001965 0.0500
288000 -1.504426 0.001954 0.0500
288100 -1.496010 0.002023 0.0500
288200 -1.479176 0.002246 0.0500
288300 -1.467864 0.002465 0.0500
288400 -1.470600 0.002404 0.0500
288500 -1.470322 0.002408 0.0500
288600 -1.450617 0.002940 0.0500
288700 -1.422178 0.004418 0.0500
288800 -1.412948 0.005242 0.0500
288900 -1.418636 0.004695 0.0500
289000 -1.406286 0.006006 0.0500
289100 -1.380997 0.011373 0.0500
289200 -1.375576 0.013283 0.0500
289300 -1.398887 0.007055 0.0500
289400 -1.410647 0.005427 0.0500
289500 -1.386982 0.009528 0.0500
289600 -1.362477 0.019736 0.0500
289700 -1.363415 0.019051 0.0500
289800 -1.378447 0.011967 0.0500
289900 -1.381834 0.010819 0.0500
290000 -1.368817 0.015897 0.0500
290100 -1.367009 0.016744 0.0500
290200 -1.383536 0.010193 0.0500
290300 -1.390772 0.008365 0.0500
290400 -1.385677 0.009558 0.0500
290500 -1.363126 0.018706 0.0500
290600 -1.359764 0.020725 0.0500
290700 -1.370156 0.014840 0.0500
290800 -1.373522 0.013337 0.0500
290900 -1.361662 0.019238 0.0500
291000 -1.350114 0.027831 0.0500
291100 -1.350309 0.027439 0.0500
291200 -1.369136 0.014899 0.0500
291300 -1.372713 0.013302 0.0500
291400 -1.363464 0.017659 0.0500
291500 -1.360191 0.019511 0.0500
291600 -1.379153 0.010856 0.0500
291700 -1.402687 0.005973 0.0500
291800 -1.415266 0.004646 0.0500
291900 -1.403640 0.005835 0.0500
292000 -1.390142 0.008000 0.0500
292100 -1.399532 0.006364 0.0500
292200 -1.428935 0.003698 0.0500
292300 -1.439454 0.003208 0.0500
292400 -1.417732 0.004411 0.0500
292500 -1.383554 0.009470 0.0500
292600 -1.379167 0.010686 0.0500
292700 -1.395782 0.006877 0.0500
292800 -1.405266 0.005552 0.0500
292900 -1.388131 0.008300 0.0500
293000 -1.372413 0.012941 0.0500
293100 -1.384124 0.009187 0.0500
293200 -1.399930 0.006176 0.0500
293300 -1.396416 0.006685 0.0500
293400 -1.374922 0.011887 0.0500
293500 -1.355224 0.022124 0.0500
293600 -1.365020 0.015995 0.0500
293700 -1.388247 0.008078 0.0500
293800 -1.400398 0.006013 0.0500
293900 -1.390200 0.007652 0.0500
294000 -1.381855 0.009543 0.0500
294100 -1.390325 0.007592 0.0500
294200 -1.399086 0.006140 0.0500
294300 -1.396272 0.006540 0.0500
294400 -1.371121 0.012985 0.0500
294500 -1.351704 0.024255 0.0500
294600 -1.362048 0.017130 0.0500
294700 -1.384389 0.008709 0.0500
294800 -1.390543 0.007397 0.0500
294900 -1.366068 0.014923 0.0500
295000 -1.340809 0.034239 0.0500
295100 -1.349878 0.025062 0.0500
295200 -1.371515 0.012358 0.0500
295300 -1.372199 0.012062 0.0500
295400 -1.360759 0.017245 0.0500
295500 -1.363900 0.015505 0.0500
295600 -1.382517 0.008844 0.0500
295700 -1.408626 0.004824 0.0500
295800 -1.417513 0.004123 0.0500
295900 -1.412929 0.004450 0.0500
296000 -1.404546 0.005204 0.0500
296100 -1.407577 0.004896 0.0500
296200 -1.426732 0.003572 0.0500
296300 -1.432854 0.003293 0.0500
296400 -1.418691 0.004018 0.0500
296500 -1.406368 0.004991 0.0500
296600 -1.411073 0.004561 0.0500
296700 -1.427306 0.003525 0.0500
296800 -1.428287 0.003475 0.0500
296900 -1.419625 0.003936 0.0500
297000 -1.414375 0.004285 0.0500
297100 -1.421090 0.003840 0.0500
297200 -1.431801 0.003305 0.0500
297300 -1.434621 0.003188 0.0500
297400 -1.432023 0.003289 0.0500
297500 -1.425661 0.003577 0.0500
297600 -1.433636 0.003218 0.0500
297700 -1.454425 0.002587 0.0500
297800 -1.465834 0.002354 0.0500
297900 -1.461845 0.002426 0.0500
298000 -1.466013 0.002347 0.0500
298100 -1.486761 0.002053 0.0500
298200 -1.495506 0.001970 0.0500
298300 -1.491964 0.002000 0.0500
298400 -1.488735 0.002029 0.0500
298500 -1.493953 0.001980 0.0500
298600 -1.497771 0.001949 0.0500
298700 -1.507506 0.001892 0.0500
298800 -1.513152 0.001873 0.0500
298900 -1.515443 0.001867 0.0500
299000 -1.509502 0.001882 0.0500
299100 -1.499082 0.001935 0.0500
299200 -1.494795 0.001966 0.0500
299300 -1.497884 0.001941 0.0500
299400 -1.491417 0.001993 0.0500
299500 -1.491660 0.001990 0.0500
299600 -1.502532 0.001908 0.0500
299700 -1.506400 0.001887 0.0500
299800 -1.504103 0.001897 0.0500
299900 -1.510859 0.001868 0.0500
