# step cv h sig
0 2.007862 0.239006 0.0500
100 2.017064 0.223809 0.0500
200 2.038930 0.213692 0.0500
300 1.915887 0.233508 0.0500
400 1.641278 0.239006 0.0500
500 1.394189 0.239006 0.0500
600 1.125909 0.239006 0.0500
700 0.774192 0.239006 0.0500
800 0.732456 0.227996 0.0500
900 0.796650 0.218793 0.0500
1000 0.858383 0.227940 0.0500
1100 0.915319 0.230022 0.0500
1200 0.857491 0.206681 0.0500
1300 0.652654 0.233733 0.0500
1400 0.313590 0.239006 0.0500
1500 -0.018631 0.239006 0.0500
1600 -0.214175 0.238998 0.0500
1700 -0.320784 0.237367 0.0500
1800 -0.407754 0.235529 0.0500
1900 -0.416585 0.221641 0.0500
2000 -0.385013 0.207904 0.0500
2100 -0.353037 0.202350 0.0500
2200 -0.327933 0.199206 0.0500
2300 -0.270869 0.210737 0.0500
2400 -0.183170 0.222709 0.0500
2500 -0.083102 0.229702 0.0500
2600 -0.039649 0.214892 0.0500
2700 0.017977 0.218354 0.0500
2800 0.078369 0.228794 0.0500
2900 0.104535 0.222038 0.0500
3000 0.078045 0.203261 0.0500
3100 0.052788 0.190480 0.0500
3200 0.081610 0.184090 0.0500
3300 0.078609 0.174183 0.0500
3400 0.057762 0.165052 0.0500
3500 0.049589 0.158830 0.0500
3600 0.057466 0.150874 0.0500
3700 0.062243 0.144511 0.0500
3800 0.065399 0.138941 0.0500
3900 0.068064 0.133933 0.0500
4000 0.071703 0.129644 0.0500
4100 0.074284 0.125652 0.0500
4200 0.075819 0.121750 0.0500
4300 0.076956 0.118025 0.0500
4400 0.075948 0.113893 0.0500
4500 0.077683 0.110845 0.0500
4600 0.082059 0.109106 0.0500
4700 0.081882 0.105754 0.0500
4800 0.084298 0.103740 0.0500
4900 0.089066 0.103316 0.0500
5000 0.087241 0.099355 0.0500
5100 0.087192 0.096608 0.0500
5200 0.098797 0.101880 0.0500
5300 0.106664 0.106419 0.0500
5400 0.102037 0.098876 0.0500
5500 0.100287 0.094712 0.0500
5600 0.104941 0.096244 0.0500
5700 0.092673 0.084845 0.0500
5800 0.071231 0.078400 0.0500
5900 0.057262 0.080753 0.0500
6000 0.044117 0.087324 0.0500
6100 0.015903 0.115147 0.0500
6200 -0.006523 0.139875 0.0500
6300 -0.012859 0.141989 0.0500
6400 -0.022829 0.147304 0.0500
6500 -0.032438 0.150879 0.0500
6600 -0.033364 0.145505 0.0500
6700 -0.031406 0.137966 0.0500
6800 -0.048056 0.147305 0.0500
6900 -0.069207 0.160524 0.0500
7000 -0.087932 0.170688 0.0500
7100 -0.118064 0.187298 0.0500
7200 -0.158680 0.196272 0.0500
7300 -0.182964 0.190326 0.0500
7400 -0.192678 0.182046 0.0500
7500 -0.202732 0.175016 0.0500
7600 -0.203029 0.166724 0.0500
7700 -0.185276 0.157173 0.0500
7800 -0.172651 0.151179 0.0500
7900 -0.179484 0.144376 0.0500
8000 -0.183229 0.138634 0.0500
8100 -0.182630 0.133355 0.0500
8200 -0.199815 0.131402 0.0500
8300 -0.224980 0.140268 0.0500
8400 -0.234992 0.142317 0.0500
8500 -0.242114 0.142285 0.0500
8600 -0.261986 0.152110 0.0500
8700 -0.275533 0.154967 0.0500
8800 -0.266056 0.142464 0.0500
8900 -0.259667 0.132935 0.0500
9000 -0.257443 0.126767 0.0500
9100 -0.246612 0.116561 0.0500
9200 -0.235660 0.108168 0.0500
9300 -0.245891 0.109198 0.0500
9400 -0.259080 0.112886 0.0500
9500 -0.268557 0.115222 0.0500
9600 -0.280450 0.119658 0.0500
9700 -0.283802 0.118087 0.0500
9800 -0.268004 0.104341 0.0500
9900 -0.247557 0.092813 0.0500
10000 -0.235399 0.087963 0.0500
10100 -0.228552 0.085337 0.0500
10200 -0.230450 0.083395 0.0500
10300 -0.238611 0.082370 0.0500
10400 -0.239856 0.080714 0.0500
10500 -0.220128 0.078366 0.0500
10600 -0.199219 0.082689 0.0500
10700 -0.191750 0.084523 0.0500
10800 -0.190694 0.083130 0.0500
10900 -0.186651 0.083555 0.0500
11000 -0.180785 0.085377 0.0500
11100 -0.163843 0.096599 0.0500
11200 -0.125880 0.127503 0.0500
11300 -0.088695 0.135845 0.0500
11400 -0.085867 0.130649 0.0500
11500 -0.111648 0.122857 0.0500
11600 -0.128241 0.111363 0.0500
11700 -0.122324 0.110943 0.0500
11800 -0.101820 0.114585 0.0500
11900 -0.075934 0.113741 0.0500
12000 -0.053757 0.109562 0.0500
12100 -0.033790 0.104340 0.0500
12200 -0.030670 0.100897 0.0500
12300 -0.050216 0.100464 0.0500
12400 -0.074919 0.100434 0.0500
12500 -0.082806 0.098452 0.0500
12600 -0.072437 0.094802 0.0500
12700 -0.047238 0.090896 0.0500
12800 -0.023723 0.088276 0.0500
12900 -0.017252 0.085830 0.0500
13000 -0.030972 0.084324 0.0500
13100 -0.037259 0.082557 0.0500
13200 -0.029599 0.080466 0.0500
13300 -0.022477 0.078557 0.0500
13400 -0.020255 0.076815 0.0500
13500 -0.016986 0.075128 0.0500
13600 0.000523 0.072938 0.0500
13700 0.027271 0.068111 0.0500
13800 0.029245 0.066493 0.0500
13900 0.004800 0.068783 0.0500
14000 -0.016596 0.069142 0.0500
14100 -0.010780 0.067445 0.0500
14200 0.009047 0.064745 0.0500
14300 0.021888 0.062278 0.0500
14400 0.000492 0.063275 0.0500
14500 -0.023130 0.064279 0.0500
14600 -0.026634 0.063555 0.0500
14700 -0.019395 0.061647 0.0500
14800 -0.009296 0.059832 0.0500
14900 -0.013439 0.059114 0.0500
15000 -0.021625 0.058863 0.0500
15100 -0.026947 0.058540 0.0500
15200 -0.024899 0.057330 0.0500
15300 -0.021149 0.056018 0.0500
15400 -0.018049 0.054884 0.0500
15500 -0.013957 0.053788 0.0500
15600 -0.016591 0.053142 0.0500
15700 -0.016703 0.052365 0.0500
15800 -0.019757 0.051833 0.0500
15900 -0.022120 0.051305 0.0500
16000 -0.018504 0.050264 0.0500
16100 -0.006006 0.049152 0.0500
16200 0.004826 0.048736 0.0500
16300 0.005066 0.048086 0.0500
16400 -0.003240 0.047225 0.0500
16500 -0.009426 0.046648 0.0500
16600 -0.008568 0.046025 0.0500
16700 0.001309 0.045524 0.0500
16800 0.016334 0.045864 0.0500
16900 0.026718 0.046280 0.0500
17000 0.016965 0.044761 0.0500
17100 -0.006619 0.043385 0.0500
17200 -0.024199 0.044386 0.0500
17300 -0.021957 0.043511 0.0500
17400 -0.005007 0.041859 0.0500
17500 0.005055 0.041606 0.0500
17600 -0.001318 0.040917 0.0500
17700 -0.012367 0.040688 0.0500
17800 -0.009742 0.040096 0.0500
17900 -0.010241 0.039670 0.0500
18000 -0.018864 0.039904 0.0500
18100 -0.030783 0.041487 0.0500
18200 -0.017425 0.038870 0.0500
18300 0.015195 0.039201 0.0500
18400 0.019891 0.039360 0.0500
18500 -0.002450 0.037169 0.0500
18600 -0.036205 0.041111 0.0500
18700 -0.064044 0.052994 0.0500
18800 -0.061469 0.050759 0.0500
18900 -0.046502 0.043028 0.0500
19000 -0.029781 0.037666 0.0500
19100 -0.031851 0.037703 0.0500
19200 -0.067419 0.052020 0.0500
19300 -0.115353 0.080212 0.0500
19400 -0.117781 0.079304 0.0500
19500 -0.084064 0.059780 0.0500
19600 -0.081902 0.057467 0.0500
19700 -0.123280 0.077270 0.0500
19800 -0.148614 0.077097 0.0500
19900 -0.132409 0.075711 0.0500
20000 -0.106774 0.067157 0.0500
20100 -0.118914 0.070263 0.0500
20200 -0.159231 0.070598 0.0500
20300 -0.176314 0.066423 0.0500
20400 -0.153834 0.068755 0.0500
20500 -0.129480 0.067998 0.0500
20600 -0.142077 0.067145 0.0500
20700 -0.165110 0.063787 0.0500
20800 -0.164933 0.062682 0.0500
20900 -0.148230 0.063440 0.0500
21000 -0.137056 0.062861 0.0500
21100 -0.142624 0.061607 0.0500
21200 -0.142546 0.060559 0.0500
21300 -0.128669 0.059581 0.0500
21400 -0.122747 0.058199 0.0500
21500 -0.126022 0.057511 0.0500
21600 -0.124324 0.056476 0.0500
21700 -0.112840 0.054291 0.0500
21800 -0.104545 0.051996 0.0500
21900 -0.098286 0.049876 0.0500
22000 -0.093933 0.048133 0.0500
22100 -0.093857 0.047471 0.0500
22200 -0.099094 0.048076 0.0500
22300 -0.107890 0.049227 0.0500
22400 -0.110331 0.048986 0.0500
22500 -0.103324 0.047038 0.0500
22600 -0.101244 0.046013 0.0500
22700 -0.100410 0.045258 0.0500
22800 -0.096956 0.043991 0.0500
22900 -0.099835 0.044031 0.0500
23000 -0.107601 0.044941 0.0500
23100 -0.105161 0.043947 0.0500
23200 -0.100139 0.042491 0.0500
23300 -0.099731 0.041914 0.0500
23400 -0.102320 0.041897 0.0500
23500 -0.097390 0.040518 0.0500
23600 -0.090711 0.038843 0.0500
23700 -0.087605 0.037861 0.0500
23800 -0.087056 0.037364 0.0500
23900 -0.076419 0.035150 0.0500
24000 -0.065622 0.033164 0.0500
24100 -0.069056 0.033347 0.0500
24200 -0.075981 0.034105 0.0500
24300 -0.083949 0.035117 0.0500
24400 -0.071411 0.032760 0.0500
24500 -0.066704 0.031808 0.0500
24600 -0.076296 0.032913 0.0500
24700 -0.097056 0.036264 0.0500
24800 -0.113092 0.039011 0.0500
24900 -0.110791 0.038141 0.0500
25000 -0.096452 0.035056 0.0500
25100 -0.096126 0.034656 0.0500
25200 -0.112474 0.037362 0.0500
25300 -0.132449 0.040859 0.0500
25400 -0.136874 0.041239 0.0500
25500 -0.126883 0.038884 0.0500
25600 -0.128912 0.038842 0.0500
25700 -0.133160 0.039211 0.0500
25800 -0.131803 0.038534 0.0500
25900 -0.142241 0.040044 0.0500
26000 -0.158515 0.042644 0.0500
26100 -0.164938 0.043355 0.0500
26200 -0.156212 0.041213 0.0500
26300 -0.141035 0.038097 0.0500
26400 -0.138101 0.037209 0.0500
26500 -0.136443 0.036558 0.0500
26600 -0.128653 0.034992 0.0500
26700 -0.121351 0.033617 0.0500
26800 -0.119330 0.033033 0.0500
26900 -0.122523 0.033155 0.0500
27000 -0.114442 0.031817 0.0500
27100 -0.088932 0.029022 0.0500
27200 -0.073023 0.027759 0.0500
27300 -0.079551 0.027914 0.0500
27400 -0.088771 0.028345 0.0500
27500 -0.080305 0.027529 0.0500
27600 -0.064322 0.026594 0.0500
27700 -0.063201 0.026368 0.0500
27800 -0.069189 0.026365 0.0500
27900 -0.069185 0.026172 0.0500
28000 -0.054295 0.025696 0.0500
28100 -0.049451 0.025556 0.0500
28200 -0.061693 0.025404 0.0500
28300 -0.078978 0.025971 0.0500
28400 -0.081509 0.025954 0.0500
28500 -0.063092 0.024912 0.0500
28600 -0.041424 0.025019 0.0500
28700 -0.046401 0.024642 0.0500
28800 -0.082776 0.025428 0.0500
28900 -0.110001 0.028237 0.0500
29000 -0.104062 0.027220 0.0500
29100 -0.073275 0.024338 0.0500
29200 -0.057536 0.023803 0.0500
29300 -0.079405 0.024361 0.0500
29400 -0.125302 0.029899 0.0500
29500 -0.148159 0.034321 0.0500
29600 -0.123160 0.029023 0.0500
29700 -0.081340 0.023954 0.0500
29800 -0.069114 0.023263 0.0500
29900 -0.091144 0.024372 0.0500
30000 -0.125657 0.028833 0.0500
30100 -0.137446 0.030883 0.0500
30200 -0.120658 0.027516 0.0500
30300 -0.092258 0.023854 0.0500
30400 -0.084091 0.023123 0.0500
30500 -0.095589 0.023831 0.0500
30600 -0.115893 0.026110 0.0500
30700 -0.136055 0.029520 0.0500
30800 -0.146536 0.031574 0.0500
30900 -0.141017 0.030064 0.0500
31000 -0.121651 0.026204 0.0500
31100 -0.119626 0.025702 0.0500
31200 -0.139046 0.029000 0.0500
31300 -0.169943 0.036465 0.0500
31400 -0.182845 0.039938 0.0500
31500 -0.174528 0.037009 0.0500
31600 -0.158560 0.032373 0.0500
31700 -0.154711 0.031162 0.0500
31800 -0.170451 0.034880 0.0500
31900 -0.197552 0.042982 0.0500
32000 -0.216484 0.049823 0.0500
32100 -0.221014 0.051124 0.0500
32200 -0.208088 0.045107 0.0500
32300 -0.200883 0.041987 0.0500
32400 -0.214622 0.046548 0.0500
32500 -0.248840 0.063930 0.0500
32600 -0.279416 0.088067 0.0500
32700 -0.264753 0.072980 0.0500
32800 -0.237691 0.054077 0.0500
32900 -0.244889 0.057128 0.0500
33000 -0.282407 0.085229 0.0500
33100 -0.320341 0.124321 0.0500
33200 -0.316939 0.116446 0.0500
33300 -0.291438 0.087118 0.0500
33400 -0.283762 0.078288 0.0500
33500 -0.308853 0.100034 0.0500
33600 -0.340788 0.129952 0.0500
33700 -0.352183 0.135982 0.0500
33800 -0.340299 0.120316 0.0500
33900 -0.326821 0.104596 0.0500
34000 -0.322939 0.098347 0.0500
34100 -0.338183 0.108388 0.0500
34200 -0.354766 0.119481 0.0500
34300 -0.362337 0.122205 0.0500
34400 -0.362317 0.118083 0.0500
34500 -0.337989 0.095835 0.0500
34600 -0.314559 0.079190 0.0500
34700 -0.317750 0.079189 0.0500
34800 -0.346810 0.095849 0.0500
34900 -0.370243 0.112847 0.0500
35000 -0.357679 0.098657 0.0500
35100 -0.326608 0.076956 0.0500
35200 -0.314029 0.069819 0.0500
35300 -0.322942 0.072219 0.0500
35400 -0.343106 0.081325 0.0500
35500 -0.348399 0.082866 0.0500
35600 -0.328869 0.070393 0.0500
35700 -0.308385 0.061695 0.0500
35800 -0.303727 0.059333 0.0500
35900 -0.315755 0.061927 0.0500
36000 -0.327811 0.065381 0.0500
36100 -0.324443 0.062837 0.0500
36200 -0.304928 0.055838 0.0500
36300 -0.301138 0.054119 0.0500
36400 -0.325425 0.060418 0.0500
36500 -0.353633 0.075328 0.0500
36600 -0.349221 0.070604 0.0500
36700 -0.306156 0.052163 0.0500
36800 -0.273436 0.047027 0.0500
36900 -0.290641 0.048362 0.0500
37000 -0.342692 0.063642 0.0500
37100 -0.373523 0.088017 0.0500
37200 -0.354999 0.069166 0.0500
37300 -0.319205 0.051133 0.0500
37400 -0.312260 0.048860 0.0500
37500 -0.341723 0.058176 0.0500
37600 -0.380676 0.090157 0.0500
37700 -0.405022 0.121052 0.0500
37800 -0.404580 0.116378 0.0500
37900 -0.393927 0.098317 0.0500
38000 -0.397908 0.100699 0.0500
38100 -0.406300 0.109002 0.0500
38200 -0.416034 0.119360 0.0500
38300 -0.414821 0.113744 0.0500
38400 -0.411985 0.106406 0.0500
38500 -0.420175 0.114185 0.0500
38600 -0.432756 0.128395 0.0500
38700 -0.440576 0.135296 0.0500
38800 -0.434398 0.121573 0.0500
38900 -0.427435 0.108533 0.0500
39000 -0.433698 0.113124 0.0500
39100 -0.448591 0.129690 0.0500
39200 -0.465443 0.149563 0.0500
39300 -0.477643 0.161128 0.0500
39400 -0.470650 0.144384 0.0500
39500 -0.455483 0.119546 0.0500
39600 -0.450393 0.109896 0.0500
39700 -0.463704 0.121807 0.0500
39800 -0.487651 0.148974 0.0500
39900 -0.503798 0.164791 0.0500
40000 -0.498077 0.149979 0.0500
40100 -0.485372 0.128652 0.0500
40200 -0.488538 0.127655 0.0500
40300 -0.514026 0.154046 0.0500
40400 -0.539560 0.179610 0.0500
40500 -0.541185 0.172700 0.0500
40600 -0.522502 0.144217 0.0500
40700 -0.509334 0.125757 0.0500
40800 -0.506136 0.118626 0.0500
40900 -0.526199 0.133526 0.0500
41000 -0.564659 0.173058 0.0500
41100 -0.569228 0.170187 0.0500
41200 -0.534839 0.127347 0.0500
41300 -0.504533 0.101861 0.0500
41400 -0.499570 0.096459 0.0500
41500 -0.523864 0.108583 0.0500
41600 -0.554530 0.133792 0.0500
41700 -0.565855 0.141794 0.0500
41800 -0.553182 0.122639 0.0500
41900 -0.529019 0.099484 0.0500
42000 -0.518336 0.091137 0.0500
42100 -0.520986 0.090071 0.0500
42200 -0.523639 0.089123 0.0500
42300 -0.523172 0.086702 0.0500
42400 -0.524577 0.085308 0.0500
42500 -0.525333 0.083668 0.0500
42600 -0.520442 0.079553 0.0500
42700 -0.501415 0.072730 0.0500
42800 -0.475883 0.069884 0.0500
42900 -0.458422 0.068768 0.0500
43000 -0.476007 0.067304 0.0500
43100 -0.500847 0.067894 0.0500
43200 -0.497548 0.066105 0.0500
43300 -0.470564 0.064010 0.0500
43400 -0.441787 0.063978 0.0500
43500 -0.430700 0.062739 0.0500
43600 -0.441011 0.061782 0.0500
43700 -0.446608 0.060668 0.0500
43800 -0.439031 0.059717 0.0500
43900 -0.421648 0.058392 0.0500
44000 -0.402085 0.055941 0.0500
44100 -0.392298 0.053877 0.0500
44200 -0.397640 0.053751 0.0500
44300 -0.393015 0.052377 0.0500
44400 -0.377290 0.049494 0.0500
44500 -0.361865 0.046746 0.0500
44600 -0.354310 0.045249 0.0500
44700 -0.350368 0.044271 0.0500
44800 -0.351079 0.043797 0.0500
44900 -0.345658 0.042775 0.0500
45000 -0.330425 0.041427 0.0500
45100 -0.309443 0.040980 0.0500
45200 -0.300741 0.040806 0.0500
45300 -0.309417 0.040061 0.0500
45400 -0.313911 0.039529 0.0500
45500 -0.302914 0.039389 0.0500
45600 -0.278735 0.040139 0.0500
45700 -0.256095 0.040368 0.0500
45800 -0.249004 0.039886 0.0500
45900 -0.258034 0.039466 0.0500
46000 -0.258641 0.039027 0.0500
46100 -0.249902 0.038610 0.0500
46200 -0.239199 0.037991 0.0500
46300 -0.222852 0.036813 0.0500
46400 -0.211880 0.035611 0.0500
46500 -0.210567 0.035145 0.0500
46600 -0.210483 0.034794 0.0500
46700 -0.212286 0.034610 0.0500
46800 -0.208974 0.033996 0.0500
46900 -0.198506 0.032714 0.0500
47000 -0.178411 0.030290 0.0500
47100 -0.174484 0.029586 0.0500
47200 -0.185322 0.030552 0.0500
47300 -0.188910 0.030676 0.0500
47400 -0.175729 0.028997 0.0500
47500 -0.159085 0.026945 0.0500
47600 -0.162589 0.027122 0.0500
47700 -0.170496 0.027777 0.0500
47800 -0.164705 0.026938 0.0500
47900 -0.156906 0.025920 0.0500
48000 -0.151907 0.025232 0.0500
48100 -0.159680 0.025837 0.0500
48200 -0.162520 0.025946 0.0500
48300 -0.158297 0.025326 0.0500
48400 -0.161717 0.025494 0.0500
48500 -0.179598 0.027259 0.0500
48600 -0.181651 0.027287 0.0500
48700 -0.167527 0.025541 0.0500
48800 -0.161295 0.024739 0.0500
48900 -0.173218 0.025783 0.0500
49000 -0.190825 0.027622 0.0500
49100 -0.189020 0.027192 0.0500
49200 -0.169447 0.024849 0.0500
49300 -0.164612 0.024217 0.0500
49400 -0.178125 0.025406 0.0500
49500 -0.181540 0.025601 0.0500
49600 -0.168895 0.024120 0.0500
49700 -0.161013 0.023263 0.0500
49800 -0.157722 0.022850 0.0500
49900 -0.151078 0.022227 0.0500
50000 -0.142849 0.021590 0.0500
50100 -0.132627 0.020976 0.0500
50200 -0.126530 0.020634 0.0500
50300 -0.130626 0.020657 0.0500
50400 -0.130414 0.020530 0.0500
50500 -0.115851 0.020029 0.0500
50600 -0.108845 0.019833 0.0500
50700 -0.106895 0.019712 0.0500
50800 -0.117276 0.019726 0.0500
50900 -0.113386 0.019555 0.0500
51000 -0.099353 0.019399 0.0500
51100 -0.084680 0.019522 0.0500
51200 -0.083747 0.019439 0.0500
51300 -0.094393 0.019134 0.0500
51400 -0.100144 0.018990 0.0500
51500 -0.089321 0.019009 0.0500
51600 -0.072378 0.019443 0.0500
51700 -0.069358 0.019480 0.0500
51800 -0.070397 0.019324 0.0500
51900 -0.064608 0.019526 0.0500
52000 -0.052384 0.020291 0.0500
52100 -0.046811 0.020689 0.0500
52200 -0.051362 0.020148 0.0500
52300 -0.049747 0.020177 0.0500
52400 -0.038057 0.021311 0.0500
52500 -0.015887 0.024751 0.0500
52600 -0.011018 0.025583 0.0500
52700 -0.027567 0.022358 0.0500
52800 -0.035839 0.021065 0.0500
52900 -0.020601 0.023246 0.0500
53000 0.005992 0.029014 0.0500
53100 0.015937 0.031473 0.0500
53200 0.001128 0.027315 0.0500
53300 -0.016795 0.023288 0.0500
53400 -0.025940 0.021635 0.0500
53500 -0.009821 0.024347 0.0500
53600 0.016386 0.030620 0.0500
53700 0.031601 0.034821 0.0500
53800 0.023884 0.032189 0.0500
53900 0.006670 0.027300 0.0500
54000 0.002554 0.026114 0.0500
54100 0.012952 0.028475 0.0500
54200 0.028958 0.032695 0.0500
54300 0.040587 0.036016 0.0500
54400 0.039816 0.035405 0.0500
54500 0.030212 0.032134 0.0500
54600 0.024590 0.030277 0.0500
54700 0.034923 0.032958 0.0500
54800 0.048712 0.037142 0.0500
54900 0.052575 0.038176 0.0500
55000 0.052072 0.037582 0.0500
55100 0.052937 0.037511 0.0500
55200 0.057486 0.038883 0.0500
55300 0.060768 0.039828 0.0500
55400 0.065199 0.041380 0.0500
55500 0.077045 0.047363 0.0500
55600 0.101208 0.067546 0.0500
55700 0.115886 0.085434 0.0500
55800 0.110195 0.075526 0.0500
55900 0.099551 0.061739 0.0500
56000 0.108145 0.070166 0.0500
56100 0.135498 0.110983 0.0500
56200 0.159478 0.153355 0.0500
56300 0.154928 0.138533 0.0500
56400 0.132596 0.095330 0.0500
56500 0.136373 0.098655 0.0500
56600 0.171185 0.155057 0.0500
56700 0.197303 0.186590 0.0500
56800 0.191596 0.170144 0.0500
56900 0.174469 0.140267 0.0500
57000 0.181481 0.143873 0.0500
57100 0.200553 0.160650 0.0500
57200 0.218980 0.172883 0.0500
57300 0.230360 0.175373 0.0500
57400 0.233674 0.169844 0.0500
57500 0.234211 0.162409 0.0500
57600 0.236883 0.157306 0.0500
57700 0.239883 0.152837 0.0500
57800 0.244701 0.150102 0.0500
57900 0.248412 0.146755 0.0500
58000 0.252126 0.143692 0.0500
58100 0.265498 0.149033 0.0500
58200 0.272998 0.149601 0.0500
58300 0.263457 0.135554 0.0500
58400 0.246624 0.119992 0.0500
58500 0.236810 0.111963 0.0500
58600 0.244572 0.111562 0.0500
58700 0.260328 0.117210 0.0500
58800 0.265240 0.117049 0.0500
58900 0.257245 0.107846 0.0500
59000 0.236160 0.096522 0.0500
59100 0.217036 0.092824 0.0500
59200 0.218581 0.090382 0.0500
59300 0.231324 0.088711 0.0500
59400 0.232533 0.086711 0.0500
59500 0.208826 0.085033 0.0500
59600 0.191035 0.085919 0.0500
59700 0.191130 0.083866 0.0500
59800 0.190180 0.082059 0.0500
59900 0.173570 0.081556 0.0500
60000 0.157941 0.077942 0.0500
60100 0.162708 0.077185 0.0500
60200 0.171946 0.076406 0.0500
60300 0.162235 0.073898 0.0500
60400 0.146707 0.068575 0.0500
60500 0.144597 0.066545 0.0500
60600 0.154010 0.068156 0.0500
60700 0.153803 0.066819 0.0500
60800 0.143369 0.062531 0.0500
60900 0.138175 0.059623 0.0500
61000 0.136001 0.057836 0.0500
61100 0.133711 0.056054 0.0500
61200 0.131154 0.054220 0.0500
61300 0.126960 0.051815 0.0500
61400 0.125817 0.050638 0.0500
61500 0.126144 0.050048 0.0500
61600 0.122307 0.047944 0.0500
61700 0.115023 0.044716 0.0500
61800 0.116859 0.044796 0.0500
61900 0.132789 0.049909 0.0500
62000 0.141929 0.052388 0.0500
62100 0.125391 0.045959 0.0500
62200 0.109690 0.040341 0.0500
62300 0.117804 0.042382 0.0500
62400 0.145583 0.051225 0.0500
62500 0.163105 0.055711 0.0500
62600 0.143224 0.049015 0.0500
62700 0.122962 0.041980 0.0500
62800 0.129322 0.043433 0.0500
62900 0.155968 0.051168 0.0500
63000 0.167721 0.053652 0.0500
63100 0.146043 0.046841 0.0500
63200 0.118443 0.038474 0.0500
63300 0.124569 0.039656 0.0500
63400 0.146384 0.045446 0.0500
63500 0.151735 0.046425 0.0500
63600 0.140381 0.042591 0.0500
63700 0.120618 0.036958 0.0500
63800 0.111575 0.034630 0.0500
63900 0.109119 0.033824 0.0500
64000 0.110041 0.033679 0.0500
64100 0.116857 0.034735 0.0500
64200 0.128968 0.037250 0.0500
64300 0.133627 0.038079 0.0500
64400 0.124159 0.035312 0.0500
64500 0.112952 0.032630 0.0500
64600 0.107211 0.031351 0.0500
64700 0.112333 0.031941 0.0500
64800 0.126108 0.034528 0.0500
64900 0.138832 0.037495 0.0500
65000 0.129878 0.034752 0.0500
65100 0.107517 0.030046 0.0500
65200 0.087971 0.027797 0.0500
65300 0.086340 0.027481 0.0500
65400 0.092217 0.027674 0.0500
65500 0.092708 0.027500 0.0500
65600 0.084204 0.026742 0.0500
65700 0.071967 0.026134 0.0500
65800 0.059858 0.025770 0.0500
65900 0.056921 0.025550 0.0500
66000 0.065504 0.025475 0.0500
66100 0.068300 0.025337 0.0500
66200 0.062118 0.025074 0.0500
66300 0.048730 0.024735 0.0500
66400 0.035463 0.024194 0.0500
66500 0.040577 0.024212 0.0500
66600 0.053596 0.024320 0.0500
66700 0.064300 0.024309 0.0500
66800 0.061062 0.024094 0.0500
66900 0.046448 0.023729 0.0500
67000 0.031340 0.023134 0.0500
67100 0.029622 0.022910 0.0500
67200 0.041672 0.023180 0.0500
67300 0.046103 0.023129 0.0500
67400 0.034052 0.022656 0.0500
67500 0.018901 0.021794 0.0500
67600 0.020082 0.021731 0.0500
67700 0.033362 0.022226 0.0500
67800 0.039562 0.022293 0.0500
67900 0.029299 0.021793 0.0500
68000 0.015044 0.020932 0.0500
68100 0.009844 0.020491 0.0500
68200 0.011764 0.020494 0.0500
68300 0.014794 0.020559 0.0500
68400 0.021680 0.020825 0.0500
68500 0.035625 0.021329 0.0500
68600 0.022326 0.020619 0.0500
68700 -0.012019 0.018530 0.0500
68800 -0.029312 0.017653 0.0500
68900 -0.006312 0.018671 0.0500
69000 0.024433 0.020378 0.0500
69100 0.027214 0.020400 0.0500
69200 -0.001418 0.018679 0.0500
69300 -0.028227 0.017332 0.0500
69400 -0.026578 0.017303 0.0500
69500 -0.003585 0.018299 0.0500
69600 0.015792 0.019365 0.0500
69700 0.013932 0.019150 0.0500
69800 0.002974 0.018398 0.0500
69900 -0.000791 0.018088 0.0500
70000 0.008900 0.018561 0.0500
70100 0.029701 0.019657 0.0500
70200 0.045889 0.020340 0.0500
70300 0.048342 0.020337 0.0500
70400 0.034865 0.019597 0.0500
70500 0.021149 0.018794 0.0500
70600 0.026915 0.018996 0.0500
70700 0.056785 0.020343 0.0500
70800 0.074997 0.021402 0.0500
70900 0.063664 0.020489 0.0500
71000 0.042300 0.019341 0.0500
71100 0.030523 0.018721 0.0500
71200 0.047482 0.019367 0.0500
71300 0.067815 0.020348 0.0500
71400 0.074811 0.020759 0.0500
71500 0.073054 0.020497 0.0500
71600 0.077654 0.020768 0.0500
71700 0.089360 0.021928 0.0500
71800 0.090909 0.021999 0.0500
71900 0.087825 0.021467 0.0500
72000 0.088281 0.021395 0.0500
72100 0.101744 0.023298 0.0500
72200 0.122959 0.028021 0.0500
72300 0.126354 0.028772 0.0500
72400 0.115132 0.025571 0.0500
72500 0.118194 0.026135 0.0500
72600 0.135612 0.030998 0.0500
72700 0.156443 0.038179 0.0500
72800 0.168253 0.042268 0.0500
72900 0.161645 0.039282 0.0500
73000 0.156067 0.036799 0.0500
73100 0.167249 0.040535 0.0500
73200 0.190371 0.048630 0.0500
73300 0.204491 0.053225 0.0500
73400 0.198139 0.050084 0.0500
73500 0.179449 0.042867 0.0500
73600 0.171520 0.039678 0.0500
73700 0.191033 0.045856 0.0500
73800 0.221968 0.057474 0.0500
73900 0.230363 0.060845 0.0500
74000 0.215093 0.052634 0.0500
74100 0.193756 0.044395 0.0500
74200 0.196709 0.044774 0.0500
74300 0.217320 0.051601 0.0500
74400 0.230119 0.056914 0.0500
74500 0.229646 0.055766 0.0500
74600 0.214055 0.048089 0.0500
74700 0.201085 0.043249 0.0500
74800 0.199395 0.042249 0.0500
74900 0.211918 0.045612 0.0500
75000 0.222581 0.049142 0.0500
75100 0.223626 0.048926 0.0500
75200 0.215843 0.045190 0.0500
75300 0.205263 0.041307 0.0500
75400 0.203169 0.040269 0.0500
75500 0.210451 0.041875 0.0500
75600 0.214335 0.042624 0.0500
75700 0.215884 0.042641 0.0500
75800 0.210974 0.040572 0.0500
75900 0.202818 0.037946 0.0500
76000 0.201752 0.037295 0.0500
76100 0.205865 0.037900 0.0500
76200 0.208027 0.038061 0.0500
76300 0.207697 0.037571 0.0500
76400 0.212068 0.038384 0.0500
76500 0.220382 0.040720 0.0500
76600 0.219385 0.039896 0.0500
76700 0.211851 0.037077 0.0500
76800 0.196622 0.033334 0.0500
76900 0.187609 0.031623 0.0500
77000 0.191939 0.031976 0.0500
77100 0.205003 0.034087 0.0500
77200 0.215914 0.036649 0.0500
77300 0.211986 0.035129 0.0500
77400 0.195727 0.031400 0.0500
77500 0.184365 0.029607 0.0500
77600 0.188295 0.029835 0.0500
77700 0.200423 0.031413 0.0500
77800 0.216708 0.035095 0.0500
77900 0.230832 0.040428 0.0500
78000 0.229889 0.039514 0.0500
78100 0.214559 0.033383 0.0500
78200 0.209777 0.031850 0.0500
78300 0.217374 0.033602 0.0500
78400 0.233166 0.039688 0.0500
78500 0.244959 0.046554 0.0500
78600 0.254146 0.053496 0.0500
78700 0.256492 0.054900 0.0500
78800 0.251450 0.049569 0.0500
78900 0.240841 0.041346 0.0500
79000 0.235804 0.038085 0.0500
79100 0.251048 0.047525 0.0500
79200 0.278519 0.077825 0.0500
79300 0.291533 0.096847 0.0500
79400 0.273238 0.067165 0.0500
79500 0.249112 0.043025 0.0500
79600 0.248655 0.042206 0.0500
79700 0.277644 0.070189 0.0500
79800 0.308636 0.119864 0.0500
79900 0.319884 0.136692 0.0500
80000 0.299084 0.095593 0.0500
80100 0.284963 0.072609 0.0500
80200 0.308045 0.105829 0.0500
80300 0.339461 0.156562 0.0500
80400 0.342289 0.154353 0.0500
80500 0.319503 0.112801 0.0500
80600 0.314395 0.101850 0.0500
80700 0.336116 0.130905 0.0500
80800 0.360718 0.162009 0.0500
80900 0.367826 0.164364 0.0500
81000 0.354021 0.139401 0.0500
81100 0.342899 0.120599 0.0500
81200 0.359024 0.135825 0.0500
81300 0.379525 0.156013 0.0500
81400 0.382528 0.153012 0.0500
81500 0.378082 0.141451 0.0500
81600 0.378583 0.136519 0.0500
81700 0.389150 0.143179 0.0500
81800 0.395144 0.144421 0.0500
81900 0.399608 0.143830 0.0500
82000 0.407894 0.147817 0.0500
82100 0.422857 0.160027 0.0500
82200 0.429569 0.161221 0.0500
82300 0.420691 0.143902 0.0500
82400 0.417119 0.134466 0.0500
82500 0.437194 0.151768 0.0500
82600 0.455193 0.167176 0.0500
82700 0.454875 0.159167 0.0500
82800 0.454600 0.151931 0.0500
82900 0.458440 0.149809 0.0500
83000 0.452556 0.137583 0.0500
83100 0.450381 0.130319 0.0500
83200 0.455721 0.130689 0.0500
83300 0.465647 0.136048 0.0500
83400 0.467826 0.133265 0.0500
83500 0.462416 0.123047 0.0500
83600 0.457685 0.114753 0.0500
83700 0.464035 0.116617 0.0500
83800 0.470506 0.119036 0.0500
83900 0.458556 0.104828 0.0500
84000 0.445842 0.094115 0.0500
84100 0.439856 0.089131 0.0500
84200 0.438668 0.086516 0.0500
84300 0.448101 0.088413 0.0500
84400 0.470422 0.102598 0.0500
84500 0.479938 0.109805 0.0500
84600 0.468396 0.094932 0.0500
84700 0.441698 0.077814 0.0500
84800 0.428309 0.073921 0.0500
84900 0.439265 0.074014 0.0500
85000 0.462287 0.083035 0.0500
85100 0.474420 0.091358 0.0500
85200 0.459096 0.077134 0.0500
85300 0.424656 0.067382 0.0500
85400 0.384065 0.074555 0.0500
85500 0.371177 0.076173 0.0500
85600 0.389056 0.070275 0.0500
85700 0.403129 0.065729 0.0500
85800 0.393165 0.066700 0.0500
85900 0.368284 0.071572 0.0500
86000 0.344478 0.073571 0.0500
86100 0.335739 0.071966 0.0500
86200 0.327782 0.069649 0.0500
86300 0.326445 0.068085 0.0500
86400 0.326103 0.066742 0.0500
86500 0.324526 0.065226 0.0500
86600 0.309203 0.060048 0.0500
86700 0.288563 0.050751 0.0500
86800 0.283872 0.047913 0.0500
86900 0.290829 0.050371 0.0500
87000 0.297269 0.052376 0.0500
87100 0.300216 0.052781 0.0500
87200 0.304123 0.053467 0.0500
87300 0.307794 0.053952 0.0500
87400 0.307520 0.053053 0.0500
87500 0.302952 0.050718 0.0500
87600 0.307208 0.051437 0.0500
87700 0.313697 0.052704 0.0500
87800 0.315484 0.052442 0.0500
87900 0.311591 0.050570 0.0500
88000 0.327745 0.053986 0.0500
88100 0.344078 0.056103 0.0500
88200 0.343689 0.055175 0.0500
88300 0.330383 0.052144 0.0500
88400 0.322415 0.049790 0.0500
88500 0.337282 0.051902 0.0500
88600 0.365135 0.054569 0.0500
88700 0.377350 0.054536 0.0500
88800 0.373737 0.053519 0.0500
88900 0.359342 0.051731 0.0500
89000 0.347081 0.049847 0.0500
89100 0.351034 0.049553 0.0500
89200 0.372459 0.050644 0.0500
89300 0.389737 0.051089 0.0500
89400 0.382454 0.049898 0.0500
89500 0.364757 0.048117 0.0500
89600 0.354301 0.046804 0.0500
89700 0.343771 0.045482 0.0500
89800 0.339745 0.044619 0.0500
89900 0.340593 0.044127 0.0500
90000 0.343031 0.043758 0.0500
90100 0.332915 0.042510 0.0500
90200 0.307382 0.039665 0.0500
90300 0.290355 0.036782 0.0500
90400 0.292822 0.036807 0.0500
90500 0.286678 0.035417 0.0500
90600 0.262784 0.030741 0.0500
90700 0.249876 0.028311 0.0500
90800 0.257249 0.029279 0.0500
90900 0.259904 0.029494 0.0500
91000 0.239300 0.026242 0.0500
91100 0.210790 0.024258 0.0500
91200 0.204242 0.024046 0.0500
91300 0.216032 0.024060 0.0500
91400 0.220635 0.024081 0.0500
91500 0.202770 0.023584 0.0500
91600 0.178811 0.023910 0.0500
91700 0.167847 0.023922 0.0500
91800 0.166683 0.023770 0.0500
91900 0.165153 0.023617 0.0500
92000 0.156846 0.023401 0.0500
92100 0.145383 0.022905 0.0500
92200 0.144187 0.022706 0.0500
92300 0.140614 0.022388 0.0500
92400 0.124812 0.021252 0.0500
92500 0.111468 0.020174 0.0500
92600 0.110313 0.019981 0.0500
92700 0.123554 0.020810 0.0500
92800 0.137323 0.021607 0.0500
92900 0.123144 0.020541 0.0500
93000 0.085975 0.018324 0.0500
93100 0.060355 0.017795 0.0500
93200 0.057412 0.017692 0.0500
93300 0.063042 0.017637 0.0500
93400 0.064897 0.017565 0.0500
93500 0.054054 0.017422 0.0500
93600 0.029333 0.017203 0.0500
93700 0.014194 0.016876 0.0500
93800 0.010608 0.016722 0.0500
93900 0.009883 0.016629 0.0500
94000 0.004619 0.016439 0.0500
94100 0.000095 0.016267 0.0500
94200 -0.003215 0.016127 0.0500
94300 -0.015175 0.015860 0.0500
94400 -0.031107 0.015709 0.0500
94500 -0.030371 0.015638 0.0500
94600 -0.009363 0.015747 0.0500
94700 0.012992 0.016175 0.0500
94800 0.012149 0.016082 0.0500
94900 -0.006566 0.015597 0.0500
95000 -0.024080 0.015345 0.0500
95100 -0.025116 0.015277 0.0500
95200 -0.005942 0.015417 0.0500
95300 0.015952 0.015876 0.0500
95400 0.024684 0.016023 0.0500
95500 0.012936 0.015659 0.0500
95600 -0.008443 0.015130 0.0500
95700 -0.008771 0.015061 0.0500
95800 0.017353 0.015587 0.0500
95900 0.035919 0.015978 0.0500
96000 0.020909 0.015545 0.0500
96100 -0.005267 0.014891 0.0500
96200 -0.011316 0.014753 0.0500
96300 -0.005046 0.014773 0.0500
96400 0.004140 0.014889 0.0500
96500 0.000051 0.014741 0.0500
96600 -0.004981 0.014593 0.0500
96700 -0.017159 0.014425 0.0500
96800 -0.042122 0.014685 0.0500
96900 -0.045767 0.014728 0.0500
97000 -0.024106 0.014273 0.0500
97100 -0.001146 0.014408 0.0500
97200 -0.006292 0.014257 0.0500
97300 -0.028991 0.014157 0.0500
97400 -0.045317 0.014464 0.0500
97500 -0.037389 0.014193 0.0500
97600 -0.029196 0.013995 0.0500
97700 -0.029522 0.013944 0.0500
97800 -0.025849 0.013853 0.0500
97900 -0.032326 0.013877 0.0500
98000 -0.049277 0.014273 0.0500
98100 -0.067832 0.015010 0.0500
98200 -0.060849 0.014624 0.0500
98300 -0.039359 0.013813 0.0500
98400 -0.027283 0.013572 0.0500
98500 -0.040801 0.013744 0.0500
98600 -0.066132 0.014665 0.0500
98700 -0.079556 0.015293 0.0500
98800 -0.075946 0.015037 0.0500
98900 -0.057951 0.014121 0.0500
99000 -0.054642 0.013934 0.0500
99100 -0.073489 0.014738 0.0500
99200 -0.100809 0.016229 0.0500
99300 -0.118997 0.017362 0.0500
99400 -0.105294 0.016360 0.0500
99500 -0.080406 0.014866 0.0500
99600 -0.069207 0.014258 0.0500
99700 -0.090989 0.015319 0.0500
99800 -0.116777 0.016885 0.0500
99900 -0.101746 0.015815 0.0500
100000 -0.071089 0.014136 0.0500
100100 -0.062906 0.013742 0.0500
100200 -0.078254 0.014359 0.0500
100300 -0.098212 0.015378 0.0500
100400 -0.096721 0.015224 0.0500
100500 -0.072996 0.013949 0.0500
100600 -0.050788 0.013126 0.0500
100700 -0.064086 0.013489 0.0500
100800 -0.096965 0.015039 0.0500
100900 -0.108944 0.015742 0.0500
101000 -0.091935 0.014625 0.0500
101100 -0.074612 0.013716 0.0500
101200 -0.079850 0.013897 0.0500
101300 -0.093425 0.014541 0.0500
101400 -0.094503 0.014543 0.0500
101500 -0.091871 0.014338 0.0500
101600 -0.091717 0.014272 0.0500
101700 -0.089826 0.014114 0.0500
101800 -0.080753 0.013617 0.0500
101900 -0.073072 0.013246 0.0500
102000 -0.075207 0.013281 0.0500
102100 -0.086664 0.013745 0.0500
102200 -0.092772 0.014013 0.0500
102300 -0.095089 0.014088 0.0500
102400 -0.091750 0.013848 0.0500
102500 -0.081364 0.013290 0.0500
102600 -0.064680 0.012645 0.0500
102700 -0.063934 0.012580 0.0500
102800 -0.093069 0.013733 0.0500
102900 -0.118431 0.015439 0.0500
103000 -0.104783 0.014342 0.0500
103100 -0.072473 0.012678 0.0500
103200 -0.057422 0.012248 0.0500
103300 -0.061897 0.012296 0.0500
103400 -0.078913 0.012787 0.0500
103500 -0.096607 0.013613 0.0500
103600 -0.089290 0.013162 0.0500
103700 -0.072901 0.012434 0.0500
103800 -0.062716 0.012114 0.0500
103900 -0.070638 0.012279 0.0500
104000 -0.089697 0.013011 0.0500
104100 -0.099500 0.013523 0.0500
104200 -0.095211 0.013214 0.0500
104300 -0.085128 0.012650 0.0500
104400 -0.077854 0.012309 0.0500
104500 -0.083122 0.012475 0.0500
104600 -0.099126 0.013268 0.0500
104700 -0.112881 0.014203 0.0500
104800 -0.114757 0.014300 0.0500
104900 -0.110029 0.013866 0.0500
105000 -0.115861 0.014281 0.0500
105100 -0.140169 0.016710 0.0500
105200 -0.154321 0.018462 0.0500
105300 -0.150496 0.017848 0.0500
105400 -0.144394 0.016978 0.0500
105500 -0.156986 0.018561 0.0500
105600 -0.180497 0.022105 0.0500
105700 -0.196513 0.024748 0.0500
105800 -0.185117 0.022598 0.0500
105900 -0.162072 0.018873 0.0500
106000 -0.161539 0.018699 0.0500
106100 -0.188438 0.022810 0.0500
106200 -0.215205 0.027456 0.0500
106300 -0.211623 0.026602 0.0500
106400 -0.193724 0.023254 0.0500
106500 -0.192375 0.022875 0.0500
106600 -0.207180 0.025295 0.0500
106700 -0.221997 0.027752 0.0500
106800 -0.221385 0.027431 0.0500
106900 -0.207226 0.024756 0.0500
107000 -0.202373 0.023764 0.0500
107100 -0.220938 0.026796 0.0500
107200 -0.231880 0.028473 0.0500
107300 -0.214954 0.025371 0.0500
107400 -0.191170 0.021411 0.0500
107500 -0.200224 0.022654 0.0500
107600 -0.226999 0.026961 0.0500
107700 -0.227739 0.026884 0.0500
107800 -0.204025 0.022799 0.0500
107900 -0.187392 0.020266 0.0500
108000 -0.200425 0.021988 0.0500
108100 -0.232809 0.027149 0.0500
108200 -0.248504 0.029523 0.0500
108300 -0.233453 0.026840 0.0500
108400 -0.205702 0.022234 0.0500
108500 -0.194194 0.020504 0.0500
108600 -0.207780 0.022278 0.0500
108700 -0.224082 0.024687 0.0500
108800 -0.228054 0.025168 0.0500
108900 -0.233251 0.025850 0.0500
109000 -0.231729 0.025414 0.0500
109100 -0.209989 0.021887 0.0500
109200 -0.188501 0.019055 0.0500
109300 -0.190020 0.019123 0.0500
109400 -0.211181 0.021711 0.0500
109500 -0.225297 0.023720 0.0500
109600 -0.220922 0.022878 0.0500
109700 -0.206971 0.020737 0.0500
109800 -0.191966 0.018824 0.0500
109900 -0.190802 0.018601 0.0500
110000 -0.191506 0.018579 0.0500
110100 -0.192285 0.018566 0.0500
110200 -0.195734 0.018846 0.0500
110300 -0.194499 0.018611 0.0500
110400 -0.189400 0.017981 0.0500
110500 -0.177009 0.016767 0.0500
110600 -0.167447 0.015954 0.0500
110700 -0.160388 0.015399 0.0500
110800 -0.172797 0.016213 0.0500
110900 -0.200699 0.018847 0.0500
111000 -0.218362 0.021181 0.0500
111100 -0.204080 0.019058 0.0500
111200 -0.174598 0.016067 0.0500
111300 -0.175525 0.016065 0.0500
111400 -0.209471 0.019521 0.0500
111500 -0.252895 0.026812 0.0500
111600 -0.274827 0.030338 0.0500
111700 -0.261109 0.027856 0.0500
111800 -0.251204 0.025905 0.0500
111900 -0.262181 0.027627 0.0500
112000 -0.280612 0.030293 0.0500
112100 -0.296572 0.032108 0.0500
112200 -0.298528 0.032053 0.0500
112300 -0.300598 0.032007 0.0500
112400 -0.316004 0.033500 0.0500
112500 -0.337355 0.036079 0.0500
112600 -0.336342 0.035561 0.0500
112700 -0.316771 0.032670 0.0500
112800 -0.308755 0.031518 0.0500
112900 -0.326218 0.033222 0.0500
113000 -0.344034 0.035599 0.0500
113100 -0.349426 0.036223 0.0500
113200 -0.351190 0.036192 0.0500
113300 -0.344933 0.034698 0.0500
113400 -0.335180 0.032864 0.0500
113500 -0.327595 0.031608 0.0500
113600 -0.326132 0.031166 0.0500
113700 -0.340577 0.032792 0.0500
113800 -0.367111 0.037766 0.0500
113900 -0.384616 0.041763 0.0500
114000 -0.371900 0.038092 0.0500
114100 -0.345024 0.032315 0.0500
114200 -0.327454 0.029876 0.0500
114300 -0.338502 0.030851 0.0500
114400 -0.363639 0.035004 0.0500
114500 -0.373892 0.037063 0.0500
114600 -0.364872 0.034581 0.0500
114700 -0.343363 0.030440 0.0500
114800 -0.325894 0.028404 0.0500
114900 -0.312984 0.027460 0.0500
115000 -0.302696 0.026880 0.0500
115100 -0.299903 0.026591 0.0500
115200 -0.301708 0.026450 0.0500
115300 -0.293517 0.026004 0.0500
115400 -0.285863 0.025556 0.0500
115500 -0.279833 0.025125 0.0500
115600 -0.277302 0.024829 0.0500
115700 -0.271123 0.024323 0.0500
115800 -0.264919 0.023757 0.0500
115900 -0.250346 0.022409 0.0500
116000 -0.244787 0.021741 0.0500
116100 -0.243973 0.021530 0.0500
116200 -0.243498 0.021354 0.0500
116300 -0.233561 0.020238 0.0500
116400 -0.214144 0.018237 0.0500
116500 -0.187508 0.016080 0.0500
116600 -0.168302 0.014938 0.0500
116700 -0.156914 0.014349 0.0500
116800 -0.153563 0.014147 0.0500
116900 -0.150694 0.013970 0.0500
117000 -0.139247 0.013455 0.0500
117100 -0.115034 0.012535 0.0500
117200 -0.088641 0.011769 0.0500
117300 -0.084310 0.011643 0.0500
117400 -0.098093 0.011916 0.0500
117500 -0.101252 0.011961 0.0500
117600 -0.078439 0.011434 0.0500
117700 -0.054736 0.011250 0.0500
117800 -0.041594 0.011336 0.0500
117900 -0.033361 0.011465 0.0500
118000 -0.024332 0.011694 0.0500
118100 -0.016533 0.011954 0.0500
118200 -0.013322 0.012055 0.0500
118300 -0.011833 0.012083 0.0500
118400 -0.009264 0.012164 0.0500
118500 -0.004896 0.012343 0.0500
118600 0.010382 0.013162 0.0500
118700 0.024489 0.013945 0.0500
118800 0.022513 0.013777 0.0500
118900 0.011285 0.013068 0.0500
119000 0.006654 0.012755 0.0500
119100 0.021808 0.013588 0.0500
119200 0.045362 0.014809 0.0500
119300 0.064410 0.015662 0.0500
119400 0.068406 0.015791 0.0500
119500 0.054027 0.015037 0.0500
119600 0.036269 0.014125 0.0500
119700 0.032124 0.013858 0.0500
119800 0.051386 0.014742 0.0500
119900 0.078826 0.016079 0.0500
120000 0.097711 0.017329 0.0500
120100 0.100301 0.017456 0.0500
120200 0.089954 0.016578 0.0500
120300 0.063838 0.015030 0.0500
120400 0.051515 0.014432 0.0500
120500 0.059751 0.014726 0.0500
120600 0.073110 0.015299 0.0500
120700 0.087141 0.016073 0.0500
120800 0.098708 0.016872 0.0500
120900 0.107118 0.017524 0.0500
121000 0.101251 0.016923 0.0500
121100 0.072386 0.014951 0.0500
121200 0.052847 0.014085 0.0500
121300 0.061906 0.014376 0.0500
121400 0.096291 0.016284 0.0500
121500 0.126388 0.019023 0.0500
121600 0.133008 0.019558 0.0500
121700 0.117340 0.017935 0.0500
121800 0.097558 0.016094 0.0500
121900 0.089816 0.015470 0.0500
122000 0.103562 0.016439 0.0500
122100 0.131526 0.019018 0.0500
122200 0.140620 0.019747 0.0500
122300 0.130509 0.018718 0.0500
122400 0.125378 0.018130 0.0500
122500 0.131316 0.018603 0.0500
122600 0.138270 0.019140 0.0500
122700 0.127594 0.018061 0.0500
122800 0.116292 0.016927 0.0500
122900 0.121521 0.017323 0.0500
123000 0.136588 0.018627 0.0500
123100 0.149958 0.019629 0.0500
123200 0.154023 0.019806 0.0500
123300 0.156344 0.019846 0.0500
123400 0.147457 0.019124 0.0500
123500 0.141625 0.018567 0.0500
123600 0.146630 0.018862 0.0500
123700 0.172551 0.020262 0.0500
123800 0.199456 0.021089 0.0500
123900 0.205292 0.021224 0.0500
124000 0.192938 0.020608 0.0500
124100 0.184412 0.020227 0.0500
124200 0.199033 0.020595 0.0500
124300 0.217362 0.021520 0.0500
124400 0.218079 0.021448 0.0500
124500 0.201740 0.020355 0.0500
124600 0.186622 0.019762 0.0500
124700 0.191642 0.019787 0.0500
124800 0.204856 0.020163 0.0500
124900 0.211911 0.020443 0.0500
125000 0.203885 0.019892 0.0500
125100 0.199366 0.019600 0.0500
125200 0.195508 0.019366 0.0500
125300 0.196468 0.019291 0.0500
125400 0.202617 0.019410 0.0500
125500 0.212472 0.019833 0.0500
125600 0.214692 0.019878 0.0500
125700 0.204495 0.019177 0.0500
125800 0.201241 0.018942 0.0500
125900 0.211834 0.019369 0.0500
126000 0.225095 0.020392 0.0500
126100 0.232108 0.021120 0.0500
126200 0.234232 0.021286 0.0500
126300 0.234311 0.021170 0.0500
126400 0.233407 0.020921 0.0500
126500 0.250688 0.023692 0.0500
126600 0.269924 0.027779 0.0500
126700 0.285005 0.031125 0.0500
126800 0.297235 0.033539 0.0500
126900 0.294777 0.032715 0.0500
127000 0.297791 0.033036 0.0500
127100 0.305572 0.034232 0.0500
127200 0.315060 0.035553 0.0500
127300 0.328345 0.037245 0.0500
127400 0.332804 0.037498 0.0500
127500 0.330296 0.036753 0.0500
127600 0.321254 0.035092 0.0500
127700 0.314318 0.033729 0.0500
127800 0.319648 0.034195 0.0500
127900 0.332838 0.035733 0.0500
128000 0.335000 0.035681 0.0500
128100 0.330309 0.034679 0.0500
128200 0.317952 0.032685 0.0500
128300 0.301987 0.030179 0.0500
128400 0.296167 0.029067 0.0500
128500 0.300828 0.029518 0.0500
128600 0.308148 0.030306 0.0500
128700 0.305187 0.029642 0.0500
128800 0.298855 0.028514 0.0500
128900 0.296635 0.027974 0.0500
129000 0.299508 0.028159 0.0500
129100 0.297606 0.027674 0.0500
129200 0.294942 0.027092 0.0500
129300 0.302544 0.027928 0.0500
129400 0.304254 0.027941 0.0500
129500 0.301881 0.027407 0.0500
129600 0.304194 0.027505 0.0500
129700 0.301943 0.026997 0.0500
129800 0.292993 0.025632 0.0500
129900 0.289800 0.025039 0.0500
130000 0.288551 0.024705 0.0500
130100 0.291232 0.024875 0.0500
130200 0.292247 0.024831 0.0500
130300 0.285627 0.023834 0.0500
130400 0.282291 0.023268 0.0500
130500 0.283541 0.023268 0.0500
130600 0.275757 0.022192 0.0500
130700 0.263212 0.020657 0.0500
130800 0.263892 0.020609 0.0500
130900 0.282628 0.022623 0.0500
131000 0.291043 0.023511 0.0500
131100 0.283869 0.022482 0.0500
131200 0.267809 0.020541 0.0500
131300 0.259003 0.019551 0.0500
131400 0.267437 0.020275 0.0500
131500 0.273364 0.020791 0.0500
131600 0.272473 0.020574 0.0500
131700 0.261489 0.019350 0.0500
131800 0.253012 0.018513 0.0500
131900 0.247971 0.018042 0.0500
132000 0.242470 0.017598 0.0500
132100 0.230785 0.016972 0.0500
132200 0.224199 0.016717 0.0500
132300 0.223786 0.016631 0.0500
132400 0.218913 0.016488 0.0500
132500 0.213851 0.016393 0.0500
132600 0.214076 0.016318 0.0500
132700 0.229701 0.016482 0.0500
132800 0.244514 0.017128 0.0500
132900 0.245993 0.017145 0.0500
133000 0.235872 0.016491 0.0500
133100 0.224166 0.016050 0.0500
133200 0.229671 0.016110 0.0500
133300 0.248373 0.017013 0.0500
133400 0.263448 0.018266 0.0500
133500 0.266318 0.018474 0.0500
133600 0.259706 0.017712 0.0500
133700 0.257183 0.017393 0.0500
133800 0.260270 0.017593 0.0500
133900 0.261429 0.017617 0.0500
134000 0.253906 0.016864 0.0500
134100 0.253101 0.016720 0.0500
134200 0.265604 0.017786 0.0500
134300 0.279490 0.019308 0.0500
134400 0.278181 0.019040 0.0500
134500 0.261380 0.017105 0.0500
134600 0.237839 0.015465 0.0500
134700 0.233617 0.015258 0.0500
134800 0.251492 0.016081 0.0500
134900 0.267818 0.017464 0.0500
135000 0.269807 0.017593 0.0500
135100 0.253336 0.015994 0.0500
135200 0.243417 0.015315 0.0500
135300 0.240594 0.015121 0.0500
135400 0.252497 0.015730 0.0500
135500 0.264329 0.016664 0.0500
135600 0.254276 0.015719 0.0500
135700 0.230160 0.014588 0.0500
135800 0.208506 0.014768 0.0500
135900 0.211469 0.014618 0.0500
136000 0.228108 0.014395 0.0500
136100 0.231078 0.014376 0.0500
136200 0.212132 0.014431 0.0500
136300 0.188872 0.015374 0.0500
136400 0.183114 0.015608 0.0500
136500 0.187624 0.015307 0.0500
136600 0.189396 0.015150 0.0500
136700 0.176893 0.015718 0.0500
136800 0.151527 0.016363 0.0500
136900 0.146869 0.016282 0.0500
137000 0.150047 0.016217 0.0500
137100 0.135036 0.015932 0.0500
137200 0.114415 0.015089 0.0500
137300 0.102992 0.014548 0.0500
137400 0.101001 0.014412 0.0500
137500 0.100701 0.014342 0.0500
137600 0.087499 0.013850 0.0500
137700 0.064747 0.013355 0.0500
137800 0.055713 0.013187 0.0500
137900 0.063057 0.013234 0.0500
138000 0.056081 0.013095 0.0500
138100 0.031731 0.012635 0.0500
138200 0.016627 0.012175 0.0500
138300 0.015609 0.012102 0.0500
138400 0.014786 0.012035 0.0500
138500 0.013366 0.011950 0.0500
138600 0.007370 0.011718 0.0500
138700 -0.004391 0.011315 0.0500
138800 -0.015314 0.010992 0.0500
138900 -0.020602 0.010849 0.0500
139000 -0.016311 0.010903 0.0500
139100 -0.009492 0.011037 0.0500
139200 -0.014779 0.010871 0.0500
139300 -0.014275 0.010850 0.0500
139400 -0.001833 0.011157 0.0500
139500 0.011577 0.011559 0.0500
139600 0.014985 0.011635 0.0500
139700 0.006780 0.011325 0.0500
139800 0.004759 0.011224 0.0500
139900 0.023514 0.011803 0.0500
140000 0.045263 0.012357 0.0500
140100 0.054728 0.012521 0.0500
140200 0.062671 0.012645 0.0500
140300 0.070094 0.012770 0.0500
140400 0.074619 0.012840 0.0500
140500 0.078252 0.012896 0.0500
140600 0.085441 0.013080 0.0500
140700 0.102526 0.013751 0.0500
140800 0.102821 0.013712 0.0500
140900 0.089653 0.013090 0.0500
141000 0.075298 0.012593 0.0500
141100 0.074779 0.012536 0.0500
141200 0.088094 0.012896 0.0500
141300 0.095725 0.013154 0.0500
141400 0.085192 0.012703 0.0500
141500 0.060235 0.012083 0.0500
141600 0.042743 0.011775 0.0500
141700 0.047022 0.011804 0.0500
141800 0.053081 0.011856 0.0500
141900 0.049637 0.011766 0.0500
142000 0.035863 0.011508 0.0500
142100 0.023652 0.011232 0.0500
142200 0.023001 0.011183 0.0500
142300 0.021192 0.011109 0.0500
142400 0.015974 0.010959 0.0500
142500 0.013326 0.010866 0.0500
142600 0.015973 0.010892 0.0500
142700 0.020281 0.010955 0.0500
142800 0.027486 0.011075 0.0500
142900 0.032125 0.011134 0.0500
143000 0.026789 0.010992 0.0500
143100 0.025756 0.010937 0.0500
143200 0.040444 0.011189 0.0500
143300 0.045586 0.011247 0.0500
143400 0.032530 0.010972 0.0500
143500 0.017892 0.010648 0.0500
143600 0.026098 0.010782 0.0500
143700 0.048239 0.011169 0.0500
143800 0.053964 0.011244 0.0500
143900 0.033839 0.010836 0.0500
144000 0.016465 0.010474 0.0500
144100 0.026820 0.010641 0.0500
144200 0.062801 0.011321 0.0500
144300 0.087709 0.012134 0.0500
144400 0.076700 0.011652 0.0500
144500 0.054318 0.011034 0.0500
144600 0.048741 0.010895 0.0500
144700 0.066482 0.011241 0.0500
144800 0.091447 0.012144 0.0500
144900 0.097492 0.012423 0.0500
145000 0.082959 0.011677 0.0500
145100 0.057189 0.010902 0.0500
145200 0.049780 0.010738 0.0500
145300 0.071154 0.011168 0.0500
145400 0.091968 0.011960 0.0500
145500 0.084574 0.011574 0.0500
145600 0.059610 0.010792 0.0500
145700 0.046639 0.010546 0.0500
145800 0.048122 0.010536 0.0500
145900 0.055264 0.010618 0.0500
146000 0.058402 0.010643 0.0500
146100 0.055822 0.010565 0.0500
146200 0.047666 0.010407 0.0500
146300 0.044669 0.010337 0.0500
146400 0.058972 0.010532 0.0500
146500 0.069033 0.010734 0.0500
146600 0.068664 0.010692 0.0500
146700 0.068294 0.010650 0.0500
146800 0.083179 0.011133 0.0500
146900 0.100398 0.012016 0.0500
147000 0.099732 0.011934 0.0500
147100 0.098002 0.011789 0.0500
147200 0.105606 0.012233 0.0500
147300 0.131705 0.014012 0.0500
147400 0.151133 0.014893 0.0500
147500 0.146456 0.014673 0.0500
147600 0.138359 0.014237 0.0500
147700 0.136763 0.014094 0.0500
147800 0.148406 0.014571 0.0500
147900 0.161856 0.014784 0.0500
148000 0.168633 0.014715 0.0500
148100 0.161055 0.014658 0.0500
148200 0.149292 0.014371 0.0500
148300 0.158580 0.014517 0.0500
148400 0.179349 0.014327 0.0500
148500 0.193605 0.013916 0.0500
148600 0.189213 0.013976 0.0500
148700 0.177980 0.014191 0.0500
148800 0.178461 0.014125 0.0500
148900 0.187866 0.013849 0.0500
149000 0.200610 0.013494 0.0500
149100 0.197882 0.013500 0.0500
149200 0.174860 0.013990 0.0500
149300 0.169179 0.014016 0.0500
149400 0.180978 0.013757 0.0500
149500 0.183645 0.013643 0.0500
149600 0.163627 0.013895 0.0500
149700 0.153804 0.013783 0.0500
149800 0.170547 0.013738 0.0500
149900 0.184063 0.013439 0.0500
150000 0.164021 0.013688 0.0500
150100 0.121677 0.012408 0.0500
150200 0.107833 0.011641 0.0500
150300 0.132765 0.012871 0.0500
150400 0.162411 0.013540 0.0500
150500 0.147327 0.013297 0.0500
150600 0.105062 0.011377 0.0500
150700 0.093534 0.010845 0.0500
150800 0.123068 0.012212 0.0500
150900 0.153216 0.013282 0.0500
151000 0.147790 0.013120 0.0500
151100 0.131555 0.012493 0.0500
151200 0.122926 0.012045 0.0500
151300 0.114474 0.011590 0.0500
151400 0.108879 0.011286 0.0500
151500 0.124871 0.012024 0.0500
151600 0.150897 0.012963 0.0500
151700 0.153114 0.012961 0.0500
151800 0.127677 0.012039 0.0500
151900 0.105059 0.010958 0.0500
152000 0.110056 0.011142 0.0500
152100 0.134754 0.012242 0.0500
152200 0.142215 0.012483 0.0500
152300 0.126222 0.011784 0.0500
152400 0.106728 0.010866 0.0500
152500 0.108647 0.010914 0.0500
152600 0.129883 0.011845 0.0500
152700 0.148816 0.012508 0.0500
152800 0.148578 0.012458 0.0500
152900 0.126489 0.011579 0.0500
153000 0.109857 0.010810 0.0500
153100 0.121837 0.011300 0.0500
153200 0.142150 0.012112 0.0500
153300 0.148617 0.012277 0.0500
153400 0.140604 0.011975 0.0500
153500 0.130922 0.011553 0.0500
153600 0.133479 0.011622 0.0500
153700 0.144173 0.011983 0.0500
153800 0.147184 0.012038 0.0500
153900 0.129332 0.011340 0.0500
154000 0.113995 0.010669 0.0500
154100 0.113786 0.010629 0.0500
154200 0.124937 0.011056 0.0500
154300 0.132168 0.011322 0.0500
154400 0.119038 0.010743 0.0500
154500 0.092950 0.009858 0.0500
154600 0.073202 0.009576 0.0500
154700 0.075664 0.009564 0.0500
154800 0.096246 0.009860 0.0500
154900 0.118930 0.010616 0.0500
155000 0.120854 0.010665 0.0500
155100 0.097446 0.009811 0.0500
155200 0.069150 0.009434 0.0500
155300 0.060177 0.009429 0.0500
155400 0.078002 0.009419 0.0500
155500 0.114056 0.010277 0.0500
155600 0.125931 0.010747 0.0500
155700 0.107485 0.009973 0.0500
155800 0.088381 0.009451 0.0500
155900 0.084565 0.009371 0.0500
156000 0.096758 0.009575 0.0500
156100 0.111270 0.010010 0.0500
156200 0.119836 0.010328 0.0500
156300 0.117136 0.010185 0.0500
156400 0.106225 0.009747 0.0500
156500 0.094733 0.009403 0.0500
156600 0.095218 0.009389 0.0500
156700 0.115673 0.010021 0.0500
156800 0.133384 0.010767 0.0500
156900 0.138825 0.010973 0.0500
157000 0.144706 0.011182 0.0500
157100 0.155072 0.011515 0.0500
157200 0.160060 0.011620 0.0500
157300 0.157927 0.011524 0.0500
157400 0.154680 0.011392 0.0500
157500 0.160311 0.011515 0.0500
157600 0.164054 0.011567 0.0500
157700 0.161311 0.011466 0.0500
157800 0.153386 0.011208 0.0500
157900 0.157956 0.011307 0.0500
158000 0.172016 0.011572 0.0500
158100 0.180204 0.011644 0.0500
158200 0.174126 0.011529 0.0500
158300 0.152274 0.011007 0.0500
158400 0.140246 0.010562 0.0500
158500 0.138327 0.010460 0.0500
158600 0.140239 0.010500 0.0500
158700 0.151045 0.010841 0.0500
158800 0.156444 0.010969 0.0500
158900 0.150673 0.010764 0.0500
159000 0.132233 0.010084 0.0500
159100 0.126315 0.009839 0.0500
159200 0.136470 0.010184 0.0500
159300 0.154001 0.010751 0.0500
159400 0.155035 0.010749 0.0500
159500 0.137962 0.010152 0.0500
159600 0.124191 0.009635 0.0500
159700 0.126901 0.009702 0.0500
159800 0.143200 0.010255 0.0500
159900 0.158559 0.010711 0.0500
160000 0.150738 0.010447 0.0500
160100 0.131208 0.009749 0.0500
160200 0.110104 0.009082 0.0500
160300 0.106111 0.008970 0.0500
160400 0.117557 0.009234 0.0500
160500 0.117790 0.009217 0.0500
160600 0.102726 0.008840 0.0500
160700 0.085448 0.008668 0.0500
160800 0.077886 0.008669 0.0500
160900 0.078767 0.008643 0.0500
161000 0.079876 0.008617 0.0500
161100 0.082451 0.008588 0.0500
161200 0.087449 0.008568 0.0500
161300 0.087077 0.008547 0.0500
161400 0.086687 0.008526 0.0500
161500 0.078133 0.008524 0.0500
161600 0.070586 0.008572 0.0500
161700 0.067323 0.008593 0.0500
161800 0.066484 0.008584 0.0500
161900 0.066604 0.008562 0.0500
162000 0.078720 0.008421 0.0500
162100 0.092432 0.008421 0.0500
162200 0.088840 0.008378 0.0500
162300 0.064109 0.008524 0.0500
162400 0.041612 0.008929 0.0500
162500 0.042560 0.008888 0.0500
162600 0.073775 0.008346 0.0500
162700 0.102321 0.008463 0.0500
162800 0.101202 0.008422 0.0500
162900 0.071169 0.008320 0.0500
163000 0.049184 0.008676 0.0500
163100 0.056692 0.008506 0.0500
163200 0.078039 0.008208 0.0500
163300 0.094835 0.008245 0.0500
163400 0.092823 0.008204 0.0500
163500 0.068677 0.008240 0.0500
163600 0.048371 0.008590 0.0500
163700 0.048953 0.008557 0.0500
163800 0.062974 0.008268 0.0500
163900 0.077324 0.008088 0.0500
164000 0.081620 0.008056 0.0500
164100 0.064736 0.008186 0.0500
164200 0.029930 0.008865 0.0500
164300 0.016744 0.009063 0.0500
164400 0.031693 0.008788 0.0500
164500 0.038799 0.008624 0.0500
164600 0.030808 0.008762 0.0500
164700 0.024232 0.008859 0.0500
164800 0.026545 0.008797 0.0500
164900 0.021472 0.008861 0.0500
165000 0.013479 0.008959 0.0500
165100 0.011041 0.008970 0.0500
165200 -0.003128 0.009124 0.0500
165300 -0.006647 0.009144 0.0500
165400 -0.005055 0.009101 0.0500
165500 -0.007540 0.009108 0.0500
165600 -0.025572 0.009348 0.0500
165700 -0.048470 0.009826 0.0500
165800 -0.042671 0.009653 0.0500
165900 -0.025203 0.009271 0.0500
166000 -0.028321 0.009301 0.0500
166100 -0.058303 0.010005 0.0500
166200 -0.079506 0.010676 0.0500
166300 -0.073983 0.010452 0.0500
166400 -0.063792 0.010088 0.0500
166500 -0.064425 0.010080 0.0500
166600 -0.074021 0.010365 0.0500
166700 -0.074150 0.010340 0.0500
166800 -0.067827 0.010101 0.0500
166900 -0.072404 0.010222 0.0500
167000 -0.080386 0.010469 0.0500
167100 -0.084737 0.010598 0.0500
167200 -0.074993 0.010221 0.0500
167300 -0.065363 0.009884 0.0500
167400 -0.070360 0.010012 0.0500
167500 -0.080367 0.010322 0.0500
167600 -0.083439 0.010403 0.0500
167700 -0.079257 0.010223 0.0500
167800 -0.071681 0.009941 0.0500
167900 -0.071694 0.009914 0.0500
168000 -0.081299 0.010211 0.0500
168100 -0.088924 0.010466 0.0500
168200 -0.084171 0.010256 0.0500
168300 -0.075900 0.009939 0.0500
168400 -0.088110 0.010346 0.0500
168500 -0.104440 0.011000 0.0500
168600 -0.106152 0.011044 0.0500
168700 -0.092903 0.010442 0.0500
168800 -0.084595 0.010098 0.0500
168900 -0.090635 0.010294 0.0500
169000 -0.101127 0.010696 0.0500
169100 -0.105775 0.010871 0.0500
169200 -0.096995 0.010457 0.0500
169300 -0.090769 0.010180 0.0500
169400 -0.097978 0.010438 0.0500
169500 -0.122049 0.011546 0.0500
169600 -0.129478 0.011905 0.0500
169700 -0.118472 0.011288 0.0500
169800 -0.103088 0.010532 0.0500
169900 -0.102825 0.010490 0.0500
170000 -0.110445 0.010799 0.0500
170100 -0.124567 0.011472 0.0500
170200 -0.139871 0.012282 0.0500
170300 -0.145400 0.012561 0.0500
170400 -0.134308 0.011884 0.0500
170500 -0.113522 0.010782 0.0500
170600 -0.099692 0.010163 0.0500
170700 -0.116827 0.010876 0.0500
170800 -0.148591 0.012582 0.0500
170900 -0.151273 0.012700 0.0500
171000 -0.125885 0.011226 0.0500
171100 -0.105445 0.010255 0.0500
171200 -0.112203 0.010509 0.0500
171300 -0.137727 0.011769 0.0500
171400 -0.152210 0.012587 0.0500
171500 -0.144028 0.012051 0.0500
171600 -0.133614 0.011427 0.0500
171700 -0.136874 0.011568 0.0500
171800 -0.150785 0.012338 0.0500
171900 -0.158336 0.012770 0.0500
172000 -0.151772 0.012313 0.0500
172100 -0.147238 0.011999 0.0500
172200 -0.166393 0.013175 0.0500
172300 -0.195458 0.015448 0.0500
172400 -0.199215 0.015735 0.0500
172500 -0.176964 0.013780 0.0500
172600 -0.148077 0.011864 0.0500
172700 -0.146851 0.011757 0.0500
172800 -0.167461 0.012976 0.0500
172900 -0.187595 0.014450 0.0500
173000 -0.184389 0.014126 0.0500
173100 -0.160444 0.012387 0.0500
173200 -0.140674 0.011255 0.0500
173300 -0.151495 0.011787 0.0500
173400 -0.177065 0.013388 0.0500
173500 -0.186577 0.014089 0.0500
173600 -0.167903 0.012650 0.0500
173700 -0.141732 0.011139 0.0500
173800 -0.130825 0.010615 0.0500
173900 -0.141846 0.011078 0.0500
174000 -0.151902 0.011555 0.0500
174100 -0.154248 0.011645 0.0500
174200 -0.142769 0.011018 0.0500
174300 -0.134531 0.010613 0.0500
174400 -0.129449 0.010373 0.0500
174500 -0.132526 0.010467 0.0500
174600 -0.131422 0.010391 0.0500
174700 -0.126880 0.010184 0.0500
174800 -0.125646 0.010109 0.0500
174900 -0.122671 0.009975 0.0500
175000 -0.122692 0.009947 0.0500
175100 -0.116990 0.009732 0.0500
175200 -0.111721 0.009551 0.0500
175300 -0.105438 0.009363 0.0500
175400 -0.096468 0.009145 0.0500
175500 -0.089840 0.009005 0.0500
175600 -0.088410 0.008960 0.0500
175700 -0.097065 0.009088 0.0500
175800 -0.108489 0.009324 0.0500
175900 -0.106118 0.009240 0.0500
176000 -0.090052 0.008897 0.0500
176100 -0.078062 0.008722 0.0500
176200 -0.077835 0.008698 0.0500
176300 -0.097709 0.008969 0.0500
176400 -0.125628 0.009749 0.0500
176500 -0.128835 0.009849 0.0500
176600 -0.107650 0.009126 0.0500
176700 -0.092737 0.008795 0.0500
176800 -0.098848 0.008883 0.0500
176900 -0.110393 0.009132 0.0500
177000 -0.111724 0.009145 0.0500
177100 -0.101146 0.008863 0.0500
177200 -0.087004 0.008609 0.0500
177300 -0.068718 0.008439 0.0500
177400 -0.061956 0.008395 0.0500
177500 -0.065538 0.008386 0.0500
177600 -0.083367 0.008491 0.0500
177700 -0.088538 0.008534 0.0500
177800 -0.075842 0.008383 0.0500
177900 -0.050872 0.008297 0.0500
178000 -0.028054 0.008354 0.0500
178100 -0.028490 0.008332 0.0500
178200 -0.036920 0.008275 0.0500
178300 -0.050140 0.008225 0.0500
178400 -0.059984 0.008212 0.0500
178500 -0.045877 0.008194 0.0500
178600 -0.016883 0.008316 0.0500
178700 -0.003730 0.008380 0.0500
178800 -0.018242 0.008269 0.0500
178900 -0.035083 0.008158 0.0500
179000 -0.037330 0.008131 0.0500
179100 -0.016547 0.008226 0.0500
179200 0.000436 0.008316 0.0500
179300 -0.008783 0.008241 0.0500
179400 -0.021174 0.008141 0.0500
179500 -0.022508 0.008115 0.0500
179600 -0.000923 0.008236 0.0500
179700 0.017354 0.008274 0.0500
179800 0.015120 0.008255 0.0500
179900 -0.000016 0.008186 0.0500
180000 -0.013265 0.008088 0.0500
180100 -0.006189 0.008114 0.0500
180200 0.009704 0.008174 0.0500
180300 0.011731 0.008161 0.0500
180400 0.006694 0.008126 0.0500
180500 0.000467 0.008080 0.0500
180600 0.005095 0.008083 0.0500
180700 0.008094 0.008077 0.0500
180800 0.005367 0.008048 0.0500
180900 -0.004608 0.007981 0.0500
181000 -0.012456 0.007922 0.0500
181100 -0.006270 0.007937 0.0500
181200 0.010172 0.007997 0.0500
181300 0.023997 0.007995 0.0500
181400 0.026167 0.007973 0.0500
181500 0.011709 0.007950 0.0500
181600 0.001461 0.007894 0.0500
181700 0.003882 0.007887 0.0500
181800 0.017789 0.007910 0.0500
181900 0.031857 0.007875 0.0500
182000 0.030595 0.007862 0.0500
182100 0.028225 0.007851 0.0500
182200 0.030877 0.007827 0.0500
182300 0.033655 0.007800 0.0500
182400 0.033296 0.007784 0.0500
182500 0.039959 0.007737 0.0500
182600 0.056238 0.007629 0.0500
182700 0.071624 0.007581 0.0500
182800 0.075951 0.007579 0.0500
182900 0.063457 0.007554 0.0500
183000 0.049387 0.007606 0.0500
183100 0.052085 0.007574 0.0500
183200 0.066637 0.007501 0.0500
183300 0.081524 0.007544 0.0500
183400 0.079306 0.007509 0.0500
183500 0.055798 0.007494 0.0500
183600 0.029326 0.007640 0.0500
183700 0.030118 0.007620 0.0500
183800 0.056915 0.007445 0.0500
183900 0.079988 0.007452 0.0500
184000 0.069221 0.007386 0.0500
184100 0.035950 0.007535 0.0500
184200 0.014855 0.007604 0.0500
184300 0.022808 0.007569 0.0500
184400 0.042911 0.007446 0.0500
184500 0.056769 0.007349 0.0500
184600 0.052200 0.007357 0.0500
184700 0.037164 0.007438 0.0500
184800 0.024727 0.007490 0.0500
184900 0.027645 0.007461 0.0500
185000 0.041633 0.007364 0.0500
185100 0.040847 0.007354 0.0500
185200 0.024430 0.007431 0.0500
185300 0.006794 0.007467 0.0500
185400 0.002791 0.007458 0.0500
185500 0.014343 0.007421 0.0500
185600 0.024134 0.007373 0.0500
185700 0.019028 0.007377 0.0500
185800 0.007371 0.007391 0.0500
185900 -0.001614 0.007392 0.0500
186000 -0.002118 0.007377 0.0500
186100 -0.010053 0.007379 0.0500
186200 -0.015721 0.007381 0.0500
186300 -0.009335 0.007347 0.0500
186400 -0.005366 0.007323 0.0500
186500 -0.018152 0.007345 0.0500
186600 -0.036649 0.007442 0.0500
186700 -0.045216 0.007506 0.0500
186800 -0.049664 0.007538 0.0500
186900 -0.041087 0.007435 0.0500
187000 -0.026968 0.007315 0.0500
187100 -0.030888 0.007324 0.0500
187200 -0.048757 0.007469 0.0500
187300 -0.055510 0.007534 0.0500
187400 -0.051061 0.007464 0.0500
187500 -0.044890 0.007381 0.0500
187600 -0.042355 0.007341 0.0500
187700 -0.039379 0.007300 0.0500
187800 -0.026796 0.007202 0.0500
187900 -0.018996 0.007159 0.0500
188000 -0.026730 0.007173 0.0500
188100 -0.045732 0.007304 0.0500
188200 -0.053974 0.007386 0.0500
188300 -0.040643 0.007225 0.0500
188400 -0.018638 0.007093 0.0500
188500 -0.015053 0.007074 0.0500
188600 -0.035302 0.007141 0.0500
188700 -0.057966 0.007377 0.0500
188800 -0.056465 0.007340 0.0500
188900 -0.036659 0.007110 0.0500
189000 -0.024165 0.007030 0.0500
189100 -0.029575 0.007038 0.0500
189200 -0.057636 0.007305 0.0500
189300 -0.083997 0.007798 0.0500
189400 -0.082450 0.007744 0.0500
189500 -0.057220 0.007256 0.0500
189600 -0.036092 0.007019 0.0500
189700 -0.045821 0.007088 0.0500
189800 -0.081978 0.007681 0.0500
189900 -0.113582 0.008660 0.0500
190000 -0.116285 0.008751 0.0500
190100 -0.095147 0.007979 0.0500
190200 -0.077217 0.007514 0.0500
190300 -0.082222 0.007608 0.0500
190400 -0.106829 0.008312 0.0500
190500 -0.136697 0.009662 0.0500
190600 -0.154685 0.010748 0.0500
190700 -0.149299 0.010360 0.0500
190800 -0.133380 0.009404 0.0500
190900 -0.127350 0.009075 0.0500
191000 -0.141763 0.009820 0.0500
191100 -0.180904 0.012684 0.0500
191200 -0.205640 0.015227 0.0500
191300 -0.184686 0.012941 0.0500
191400 -0.147984 0.010090 0.0500
191500 -0.145948 0.009940 0.0500
191600 -0.182689 0.012654 0.0500
191700 -0.220932 0.016932 0.0500
191800 -0.218771 0.016573 0.0500
191900 -0.196022 0.013821 0.0500
192000 -0.191864 0.013342 0.0500
192100 -0.212001 0.015536 0.0500
192200 -0.232686 0.018145 0.0500
192300 -0.225021 0.017042 0.0500
192400 -0.201952 0.014176 0.0500
192500 -0.203570 0.014297 0.0500
192600 -0.235523 0.018225 0.0500
192700 -0.265113 0.021725 0.0500
192800 -0.248340 0.019682 0.0500
192900 -0.211747 0.014993 0.0500
193000 -0.204798 0.014161 0.0500
193100 -0.227360 0.016769 0.0500
193200 -0.249861 0.019564 0.0500
193300 -0.240100 0.018230 0.0500
193400 -0.215670 0.015124 0.0500
193500 -0.209973 0.014425 0.0500
193600 -0.227013 0.016353 0.0500
193700 -0.245230 0.018580 0.0500
193800 -0.232000 0.016816 0.0500
193900 -0.209518 0.014140 0.0500
194000 -0.201922 0.013331 0.0500
194100 -0.214789 0.014594 0.0500
194200 -0.228693 0.016153 0.0500
194300 -0.230726 0.016329 0.0500
194400 -0.223461 0.015383 0.0500
194500 -0.213225 0.014182 0.0500
194600 -0.209559 0.013751 0.0500
194700 -0.216234 0.014391 0.0500
194800 -0.229180 0.015819 0.0500
194900 -0.244110 0.017618 0.0500
195000 -0.246128 0.017787 0.0500
195100 -0.234992 0.016304 0.0500
195200 -0.229430 0.015561 0.0500
195300 -0.245949 0.017526 0.0500
195400 -0.270932 0.020455 0.0500
195500 -0.274551 0.020729 0.0500
195600 -0.260686 0.019054 0.0500
195700 -0.256565 0.018464 0.0500
195800 -0.273550 0.020299 0.0500
195900 -0.288227 0.021648 0.0500
196000 -0.291289 0.021801 0.0500
196100 -0.285891 0.021168 0.0500
196200 -0.288455 0.021282 0.0500
196300 -0.307707 0.022923 0.0500
196400 -0.323359 0.024459 0.0500
196500 -0.324629 0.024450 0.0500
196600 -0.316490 0.023350 0.0500
196700 -0.314017 0.022943 0.0500
196800 -0.321276 0.023576 0.0500
196900 -0.339414 0.025981 0.0500
197000 -0.352210 0.028279 0.0500
197100 -0.355972 0.028901 0.0500
197200 -0.353130 0.028031 0.0500
197300 -0.353507 0.027894 0.0500
197400 -0.366039 0.030703 0.0500
197500 -0.376959 0.033502 0.0500
197600 -0.365264 0.029964 0.0500
197700 -0.347068 0.025749 0.0500
197800 -0.343467 0.024944 0.0500
197900 -0.362835 0.028723 0.0500
198000 -0.397892 0.038854 0.0500
198100 -0.410438 0.042389 0.0500
198200 -0.385946 0.034294 0.0500
198300 -0.357544 0.026655 0.0500
198400 -0.370828 0.029521 0.0500
198500 -0.406723 0.039955 0.0500
198600 -0.431843 0.046708 0.0500
198700 -0.418503 0.042527 0.0500
198800 -0.392683 0.034468 0.0500
198900 -0.377170 0.029919 0.0500
199000 -0.388312 0.032629 0.0500
199100 -0.409662 0.038532 0.0500
199200 -0.427923 0.043293 0.0500
199300 -0.421060 0.040908 0.0500
199400 -0.399709 0.034496 0.0500
199500 -0.383913 0.030053 0.0500
199600 -0.388621 0.030967 0.0500
199700 -0.406875 0.035583 0.0500
199800 -0.406219 0.035050 0.0500
199900 -0.399359 0.032864 0.0500
200000 -0.404128 0.033829 0.0500
200100 -0.411506 0.035507 0.0500
200200 -0.402534 0.032766 0.0500
200300 -0.390946 0.029615 0.0500
200400 -0.396218 0.030624 0.0500
200500 -0.411029 0.034167 0.0500
200600 -0.416523 0.035326 0.0500
200700 -0.406972 0.032457 0.0500
200800 -0.402188 0.030970 0.0500
200900 -0.408597 0.032300 0.0500
201000 -0.416549 0.034083 0.0500
201100 -0.429893 0.037406 0.0500
201200 -0.438217 0.039337 0.0500
201300 -0.433657 0.037648 0.0500
201400 -0.424344 0.034761 0.0500
201500 -0.434757 0.037198 0.0500
201600 -0.466832 0.045708 0.0500
201700 -0.481246 0.049290 0.0500
201800 -0.466322 0.044396 0.0500
201900 -0.454600 0.040763 0.0500
202000 -0.474926 0.045729 0.0500
202100 -0.512114 0.058900 0.0500
202200 -0.524190 0.064964 0.0500
202300 -0.504729 0.053579 0.0500
202400 -0.475287 0.043631 0.0500
202500 -0.472549 0.042445 0.0500
202600 -0.502600 0.050881 0.0500
202700 -0.524108 0.061155 0.0500
202800 -0.517720 0.056307 0.0500
202900 -0.487915 0.044119 0.0500
203000 -0.455178 0.036899 0.0500
203100 -0.449436 0.035510 0.0500
203200 -0.463687 0.037690 0.0500
203300 -0.470698 0.038618 0.0500
203400 -0.460323 0.036304 0.0500
203500 -0.441054 0.032785 0.0500
203600 -0.427274 0.030362 0.0500
203700 -0.429392 0.030425 0.0500
203800 -0.437435 0.031392 0.0500
203900 -0.439206 0.031391 0.0500
204000 -0.438705 0.031040 0.0500
204100 -0.427620 0.029146 0.0500
204200 -0.413186 0.026958 0.0500
204300 -0.404209 0.025639 0.0500
204400 -0.407804 0.025891 0.0500
204500 -0.419571 0.027213 0.0500
204600 -0.427366 0.028079 0.0500
204700 -0.418822 0.026700 0.0500
204800 -0.400045 0.024279 0.0500
204900 -0.389459 0.023055 0.0500
205000 -0.391272 0.023077 0.0500
205100 -0.389019 0.022719 0.0500
205200 -0.385605 0.022272 0.0500
205300 -0.386545 0.022215 0.0500
205400 -0.382343 0.021726 0.0500
205500 -0.368815 0.020650 0.0500
205600 -0.359676 0.020057 0.0500
205700 -0.369861 0.020481 0.0500
205800 -0.389483 0.021868 0.0500
205900 -0.395941 0.022364 0.0500
206000 -0.376941 0.020591 0.0500
206100 -0.352159 0.019277 0.0500
206200 -0.352747 0.019190 0.0500
206300 -0.382342 0.020686 0.0500
206400 -0.408169 0.023237 0.0500
206500 -0.407134 0.022957 0.0500
206600 -0.389467 0.020927 0.0500
206700 -0.374163 0.019659 0.0500
206800 -0.373241 0.019497 0.0500
206900 -0.380007 0.019828 0.0500
207000 -0.389698 0.020499 0.0500
207100 -0.401223 0.021553 0.0500
207200 -0.408151 0.022256 0.0500
207300 -0.400897 0.021255 0.0500
207400 -0.370639 0.018763 0.0500
207500 -0.337232 0.018104 0.0500
207600 -0.324701 0.018193 0.0500
207700 -0.335754 0.017937 0.0500
207800 -0.359362 0.018023 0.0500
207900 -0.369038 0.018288 0.0500
208000 -0.344174 0.017645 0.0500
208100 -0.295639 0.018350 0.0500
208200 -0.258793 0.017099 0.0500
208300 -0.266271 0.017481 0.0500
208400 -0.289826 0.018109 0.0500
208500 -0.284350 0.017955 0.0500
208600 -0.250841 0.016224 0.0500
208700 -0.217899 0.013432 0.0500
208800 -0.218791 0.013453 0.0500
208900 -0.228832 0.014229 0.0500
209000 -0.225995 0.013935 0.0500
209100 -0.202401 0.012106 0.0500
209200 -0.167872 0.010209 0.0500
209300 -0.150499 0.009460 0.0500
209400 -0.158201 0.009743 0.0500
209500 -0.171686 0.010300 0.0500
209600 -0.183393 0.010842 0.0500
209700 -0.167998 0.010075 0.0500
209800 -0.133133 0.008717 0.0500
209900 -0.103698 0.007846 0.0500
210000 -0.094050 0.007614 0.0500
210100 -0.102901 0.007793 0.0500
210200 -0.117990 0.008174 0.0500
210300 -0.129742 0.008519 0.0500
210400 -0.122632 0.008274 0.0500
210500 -0.090816 0.007475 0.0500
210600 -0.058715 0.007018 0.0500
210700 -0.049358 0.006928 0.0500
210800 -0.073298 0.007157 0.0500
210900 -0.101213 0.007641 0.0500
211000 -0.103923 0.007688 0.0500
211100 -0.075424 0.007145 0.0500
211200 -0.041154 0.006832 0.0500
211300 -0.025456 0.006796 0.0500
211400 -0.028207 0.006782 0.0500
211500 -0.043355 0.006803 0.0500
211600 -0.062092 0.006930 0.0500
211700 -0.064681 0.006944 0.0500
211800 -0.049414 0.006799 0.0500
211900 -0.029693 0.006724 0.0500
212000 -0.023342 0.006718 0.0500
212100 -0.028759 0.006699 0.0500
212200 -0.030971 0.006687 0.0500
212300 -0.024990 0.006678 0.0500
212400 -0.013839 0.006702 0.0500
212500 -0.007111 0.006728 0.0500
212600 -0.004090 0.006735 0.0500
212700 -0.011476 0.006677 0.0500
212800 -0.019426 0.006631 0.0500
212900 -0.013922 0.006640 0.0500
213000 0.000350 0.006717 0.0500
213100 0.005735 0.006746 0.0500
213200 0.008443 0.006754 0.0500
213300 0.025553 0.006858 0.0500
213400 0.049078 0.006936 0.0500
213500 0.061501 0.006971 0.0500
213600 0.045761 0.006900 0.0500
213700 0.031755 0.006840 0.0500
213800 0.037493 0.006848 0.0500
213900 0.063469 0.006933 0.0500
214000 0.091408 0.007330 0.0500
214100 0.096645 0.007458 0.0500
214200 0.089579 0.007255 0.0500
214300 0.081360 0.007076 0.0500
214400 0.090205 0.007241 0.0500
214500 0.098797 0.007465 0.0500
214600 0.090602 0.007221 0.0500
214700 0.078035 0.006970 0.0500
214800 0.080219 0.006989 0.0500
214900 0.095413 0.007306 0.0500
215000 0.114653 0.007998 0.0500
215100 0.120903 0.008269 0.0500
215200 0.101951 0.007464 0.0500
215300 0.076980 0.006881 0.0500
215400 0.058872 0.006743 0.0500
215500 0.056272 0.006724 0.0500
215600 0.079906 0.006883 0.0500
215700 0.105993 0.007549 0.0500
215800 0.119914 0.008133 0.0500
215900 0.114925 0.007884 0.0500
216000 0.094122 0.007121 0.0500
216100 0.070823 0.006725 0.0500
216200 0.070491 0.006709 0.0500
216300 0.091710 0.007021 0.0500
216400 0.115634 0.007851 0.0500
216500 0.128201 0.008448 0.0500
216600 0.129089 0.008474 0.0500
216700 0.120763 0.008037 0.0500
216800 0.112821 0.007658 0.0500
216900 0.109868 0.007520 0.0500
217000 0.117189 0.007818 0.0500
217100 0.123605 0.008106 0.0500
217200 0.129453 0.008384 0.0500
217300 0.143989 0.009130 0.0500
217400 0.156548 0.009731 0.0500
217500 0.153259 0.009549 0.0500
217600 0.141467 0.008928 0.0500
217700 0.141162 0.008890 0.0500
217800 0.158793 0.009736 0.0500
217900 0.188769 0.010787 0.0500
218000 0.203123 0.011179 0.0500
218100 0.185794 0.010636 0.0500
218200 0.157838 0.009598 0.0500
218300 0.155996 0.009490 0.0500
218400 0.181269 0.010419 0.0500
218500 0.209653 0.011271 0.0500
218600 0.217257 0.011546 0.0500
218700 0.197093 0.010792 0.0500
218800 0.165608 0.009781 0.0500
218900 0.150191 0.009105 0.0500
219000 0.171810 0.009954 0.0500
219100 0.202741 0.010868 0.0500
219200 0.214201 0.011258 0.0500
219300 0.191957 0.010480 0.0500
219400 0.158445 0.009362 0.0500
219500 0.142133 0.008625 0.0500
219600 0.156386 0.009232 0.0500
219700 0.186874 0.010245 0.0500
219800 0.200263 0.010612 0.0500
219900 0.188385 0.010229 0.0500
220000 0.167113 0.009549 0.0500
220100 0.161290 0.009313 0.0500
220200 0.175609 0.009777 0.0500
220300 0.188034 0.010116 0.0500
220400 0.185747 0.010021 0.0500
220500 0.186908 0.010027 0.0500
220600 0.198421 0.010339 0.0500
220700 0.210731 0.010749 0.0500
220800 0.212422 0.010787 0.0500
220900 0.202375 0.010376 0.0500
221000 0.195605 0.010135 0.0500
221100 0.190835 0.009970 0.0500
221200 0.188870 0.009888 0.0500
221300 0.189113 0.009868 0.0500
221400 0.193877 0.009973 0.0500
221500 0.195670 0.009997 0.0500
221600 0.189017 0.009784 0.0500
221700 0.178028 0.009466 0.0500
221800 0.176343 0.009396 0.0500
221900 0.175964 0.009361 0.0500
222000 0.172428 0.009240 0.0500
222100 0.160577 0.008866 0.0500
222200 0.155946 0.008693 0.0500
222300 0.153451 0.008587 0.0500
222400 0.156622 0.008673 0.0500
222500 0.156527 0.008649 0.0500
222600 0.139028 0.008010 0.0500
222700 0.127211 0.007564 0.0500
222800 0.127522 0.007559 0.0500
222900 0.137781 0.007914 0.0500
223000 0.150428 0.008353 0.0500
223100 0.146162 0.008182 0.0500
223200 0.129338 0.007558 0.0500
223300 0.119212 0.007204 0.0500
223400 0.120566 0.007232 0.0500
223500 0.139511 0.007878 0.0500
223600 0.153152 0.008348 0.0500
223700 0.141951 0.007931 0.0500
223800 0.133347 0.007605 0.0500
223900 0.137384 0.007732 0.0500
224000 0.142398 0.007896 0.0500
224100 0.146098 0.008011 0.0500
224200 0.145690 0.007978 0.0500
224300 0.140931 0.007791 0.0500
224400 0.134052 0.007531 0.0500
224500 0.133393 0.007493 0.0500
224600 0.139146 0.007679 0.0500
224700 0.143195 0.007806 0.0500
224800 0.142136 0.007751 0.0500
224900 0.128509 0.007266 0.0500
225000 0.112360 0.006782 0.0500
225100 0.112453 0.006771 0.0500
225200 0.129350 0.007253 0.0500
225300 0.144598 0.007767 0.0500
225400 0.147474 0.007853 0.0500
225500 0.130093 0.007232 0.0500
225600 0.107937 0.006608 0.0500
225700 0.102907 0.006500 0.0500
225800 0.118230 0.006834 0.0500
225900 0.128356 0.007124 0.0500
226000 0.122361 0.006925 0.0500
226100 0.106513 0.006519 0.0500
226200 0.107611 0.006529 0.0500
226300 0.121401 0.006859 0.0500
226400 0.131107 0.007150 0.0500
226500 0.123196 0.006885 0.0500
226600 0.115080 0.006649 0.0500
226700 0.118533 0.006727 0.0500
226800 0.127690 0.006985 0.0500
226900 0.132720 0.007137 0.0500
227000 0.136969 0.007269 0.0500
227100 0.140101 0.007365 0.0500
227200 0.137534 0.007259 0.0500
227300 0.143249 0.007447 0.0500
227400 0.154250 0.007833 0.0500
227500 0.161496 0.008080 0.0500
227600 0.163940 0.008150 0.0500
227700 0.166711 0.008230 0.0500
227800 0.171702 0.008388 0.0500
227900 0.186872 0.008908 0.0500
228000 0.190592 0.009024 0.0500
228100 0.182971 0.008723 0.0500
228200 0.182025 0.008668 0.0500
228300 0.202780 0.009458 0.0500
228400 0.217568 0.010206 0.0500
228500 0.209759 0.009741 0.0500
228600 0.195338 0.009071 0.0500
228700 0.193071 0.008961 0.0500
228800 0.212969 0.009838 0.0500
228900 0.230035 0.010946 0.0500
229000 0.227089 0.010686 0.0500
229100 0.223330 0.010386 0.0500
229200 0.209419 0.009543 0.0500
229300 0.198692 0.009043 0.0500
229400 0.209195 0.009483 0.0500
229500 0.223518 0.010293 0.0500
229600 0.221824 0.010150 0.0500
229700 0.211878 0.009541 0.0500
229800 0.209221 0.009383 0.0500
229900 0.202830 0.009071 0.0500
230000 0.192666 0.008665 0.0500
230100 0.201388 0.008967 0.0500
230200 0.223343 0.010103 0.0500
230300 0.248595 0.012355 0.0500
230400 0.256025 0.013211 0.0500
230500 0.246610 0.012046 0.0500
230600 0.242693 0.011594 0.0500
230700 0.253841 0.012805 0.0500
230800 0.270665 0.015084 0.0500
230900 0.290047 0.018268 0.0500
231000 0.304169 0.020858 0.0500
231100 0.312869 0.022514 0.0500
231200 0.307171 0.021205 0.0500
231300 0.306027 0.020852 0.0500
231400 0.318588 0.023327 0.0500
231500 0.339527 0.028082 0.0500
231600 0.347688 0.029966 0.0500
231700 0.345892 0.029249 0.0500
231800 0.346564 0.029184 0.0500
231900 0.345084 0.028569 0.0500
232000 0.343347 0.027908 0.0500
232100 0.337088 0.026190 0.0500
232200 0.332682 0.024999 0.0500
232300 0.347058 0.028224 0.0500
232400 0.365952 0.033039 0.0500
232500 0.376472 0.035693 0.0500
232600 0.361311 0.031163 0.0500
232700 0.329996 0.023565 0.0500
232800 0.317421 0.021063 0.0500
232900 0.338512 0.025050 0.0500
233000 0.365705 0.031598 0.0500
233100 0.367103 0.031701 0.0500
233200 0.341348 0.025104 0.0500
233300 0.320112 0.020896 0.0500
233400 0.321276 0.020970 0.0500
233500 0.332892 0.022941 0.0500
233600 0.338766 0.023964 0.0500
233700 0.336556 0.023357 0.0500
233800 0.335247 0.022947 0.0500
233900 0.347761 0.025436 0.0500
234000 0.358670 0.027891 0.0500
234100 0.354875 0.026729 0.0500
234200 0.338670 0.022985 0.0500
234300 0.327414 0.020821 0.0500
234400 0.332868 0.021631 0.0500
234500 0.350201 0.024996 0.0500
234600 0.348337 0.024405 0.0500
234700 0.331329 0.020959 0.0500
234800 0.315221 0.018444 0.0500
234900 0.308931 0.017551 0.0500
235000 0.303931 0.016871 0.0500
235100 0.305626 0.016989 0.0500
235200 0.313236 0.017836 0.0500
235300 0.315021 0.017976 0.0500
235400 0.321090 0.018706 0.0500
235500 0.330424 0.020028 0.0500
235600 0.339231 0.021474 0.0500
235700 0.334061 0.020408 0.0500
235800 0.322247 0.018461 0.0500
235900 0.307586 0.016553 0.0500
236000 0.307605 0.016479 0.0500
236100 0.328811 0.019169 0.0500
236200 0.356279 0.024587 0.0500
236300 0.372568 0.028902 0.0500
236400 0.372125 0.028537 0.0500
236500 0.372584 0.028446 0.0500
236600 0.383169 0.031461 0.0500
236700 0.391828 0.033987 0.0500
236800 0.395267 0.034804 0.0500
236900 0.399504 0.035883 0.0500
237000 0.404119 0.037092 0.0500
237100 0.409869 0.038709 0.0500
237200 0.416103 0.040550 0.0500
237300 0.420214 0.041650 0.0500
237400 0.429037 0.044789 0.0500
237500 0.442993 0.051215 0.0500
237600 0.444760 0.051512 0.0500
237700 0.434405 0.045389 0.0500
237800 0.409851 0.035758 0.0500
237900 0.394799 0.031122 0.0500
238000 0.403146 0.033143 0.0500
238100 0.424313 0.039623 0.0500
238200 0.453561 0.054393 0.0500
238300 0.472148 0.070284 0.0500
238400 0.469242 0.065866 0.0500
238500 0.450351 0.049610 0.0500
238600 0.442593 0.044636 0.0500
238700 0.470082 0.063984 0.0500
238800 0.513525 0.128734 0.0500
238900 0.532570 0.159792 0.0500
239000 0.505292 0.105149 0.0500
239100 0.485667 0.074571 0.0500
239200 0.513473 0.113590 0.0500
239300 0.557631 0.182086 0.0500
239400 0.571026 0.188315 0.0500
239500 0.553765 0.159863 0.0500
239600 0.543144 0.139863 0.0500
239700 0.559960 0.154099 0.0500
239800 0.584930 0.171802 0.0500
239900 0.593741 0.170998 0.0500
240000 0.582118 0.154026 0.0500
240100 0.567132 0.136385 0.0500
240200 0.567296 0.131401 0.0500
240300 0.585611 0.140008 0.0500
240400 0.600479 0.146512 0.0500
240500 0.612055 0.150580 0.0500
240600 0.604341 0.137984 0.0500
240700 0.589649 0.122737 0.0500
240800 0.582646 0.114818 0.0500
240900 0.589962 0.115067 0.0500
241000 0.604370 0.121002 0.0500
241100 0.609139 0.120718 0.0500
241200 0.600906 0.110736 0.0500
241300 0.590340 0.101596 0.0500
241400 0.588214 0.097843 0.0500
241500 0.579850 0.092419 0.0500
241600 0.559146 0.086898 0.0500
241700 0.534601 0.082283 0.0500
241800 0.527302 0.078790 0.0500
241900 0.541298 0.079723 0.0500
242000 0.550453 0.078990 0.0500
242100 0.530144 0.074560 0.0500
242200 0.500709 0.063332 0.0500
242300 0.488971 0.056790 0.0500
242400 0.495474 0.058912 0.0500
242500 0.504743 0.061986 0.0500
242600 0.496902 0.057597 0.0500
242700 0.477898 0.048538 0.0500
242800 0.460670 0.041635 0.0500
242900 0.449942 0.038111 0.0500
243000 0.453429 0.038618 0.0500
243100 0.451633 0.037732 0.0500
243200 0.431387 0.033145 0.0500
243300 0.410230 0.029689 0.0500
243400 0.406415 0.028906 0.0500
243500 0.402545 0.028128 0.0500
243600 0.385301 0.025386 0.0500
243700 0.361038 0.021534 0.0500
243800 0.353075 0.020285 0.0500
243900 0.367096 0.022178 0.0500
244000 0.375477 0.023309 0.0500
244100 0.363191 0.021330 0.0500
244200 0.338183 0.018049 0.0500
244300 0.322909 0.016507 0.0500
244400 0.312202 0.015583 0.0500
244500 0.314564 0.015693 0.0500
244600 0.316707 0.015788 0.0500
244700 0.305006 0.014865 0.0500
244800 0.294119 0.014063 0.0500
244900 0.287978 0.013596 0.0500
245000 0.285702 0.013391 0.0500
245100 0.279968 0.012953 0.0500
245200 0.272807 0.012419 0.0500
245300 0.276211 0.012608 0.0500
245400 0.282799 0.013008 0.0500
245500 0.278122 0.012647 0.0500
245600 0.267170 0.011868 0.0500
245700 0.263870 0.011609 0.0500
245800 0.273038 0.012182 0.0500
245900 0.268085 0.011811 0.0500
246000 0.256688 0.011033 0.0500
246100 0.248910 0.010524 0.0500
246200 0.259421 0.011141 0.0500
246300 0.266783 0.011583 0.0500
246400 0.260105 0.011114 0.0500
246500 0.256474 0.010852 0.0500
246600 0.258362 0.010936 0.0500
246700 0.255697 0.010738 0.0500
246800 0.249360 0.010331 0.0500
246900 0.234658 0.009538 0.0500
247000 0.229321 0.009279 0.0500
247100 0.236515 0.009575 0.0500
247200 0.254049 0.010499 0.0500
247300 0.260320 0.010855 0.0500
247400 0.239601 0.009646 0.0500
247500 0.211875 0.008580 0.0500
247600 0.204650 0.008382 0.0500
247700 0.218309 0.008725 0.0500
247800 0.232561 0.009234 0.0500
247900 0.234972 0.009317 0.0500
248000 0.223958 0.008848 0.0500
248100 0.208659 0.008378 0.0500
248200 0.203129 0.008236 0.0500
248300 0.195961 0.008079 0.0500
248400 0.181515 0.007818 0.0500
248500 0.185627 0.007868 0.0500
248600 0.201997 0.008142 0.0500
248700 0.212909 0.008379 0.0500
248800 0.202723 0.008119 0.0500
248900 0.173294 0.007603 0.0500
249000 0.148212 0.007090 0.0500
249100 0.154367 0.007212 0.0500
249200 0.180087 0.007672 0.0500
249300 0.192224 0.007854 0.0500
249400 0.173524 0.007532 0.0500
249500 0.136269 0.006757 0.0500
249600 0.113520 0.006292 0.0500
249700 0.126350 0.006518 0.0500
249800 0.152604 0.007088 0.0500
249900 0.151035 0.007040 0.0500
250000 0.116654 0.006301 0.0500
250100 0.089364 0.006038 0.0500
250200 0.096769 0.006053 0.0500
250300 0.122212 0.006372 0.0500
250400 0.117163 0.006269 0.0500
250500 0.087358 0.006000 0.0500
250600 0.056152 0.006220 0.0500
250700 0.059407 0.006173 0.0500
250800 0.083441 0.005978 0.0500
250900 0.094094 0.005975 0.0500
251000 0.071392 0.006025 0.0500
251100 0.042382 0.006326 0.0500
251200 0.038294 0.006354 0.0500
251300 0.057116 0.006140 0.0500
251400 0.060808 0.006089 0.0500
251500 0.042824 0.006279 0.0500
251600 0.025029 0.006407 0.0500
251700 0.027076 0.006384 0.0500
251800 0.034850 0.006319 0.0500
251900 0.032002 0.006330 0.0500
252000 0.020878 0.006380 0.0500
252100 0.009775 0.006395 0.0500
252200 0.003463 0.006387 0.0500
252300 0.009041 0.006373 0.0500
252400 0.010704 0.006359 0.0500
252500 -0.007292 0.006357 0.0500
252600 -0.019857 0.006364 0.0500
252700 -0.010447 0.006337 0.0500
252800 -0.002178 0.006322 0.0500
252900 -0.009403 0.006314 0.0500
253000 -0.030770 0.006367 0.0500
253100 -0.034161 0.006377 0.0500
253200 -0.020883 0.006301 0.0500
253300 -0.003803 0.006271 0.0500
253400 0.000574 0.006261 0.0500
253500 -0.006326 0.006249 0.0500
253600 -0.011658 0.006241 0.0500
253700 -0.004403 0.006227 0.0500
253800 0.004722 0.006219 0.0500
253900 0.000596 0.006207 0.0500
254000 -0.000891 0.006196 0.0500
254100 0.008084 0.006189 0.0500
254200 0.013288 0.006178 0.0500
254300 -0.000864 0.006164 0.0500
254400 -0.024722 0.006198 0.0500
254500 -0.033078 0.006240 0.0500
254600 -0.023452 0.006171 0.0500
254700 -0.004985 0.006125 0.0500
254800 -0.000927 0.006115 0.0500
254900 -0.004998 0.006104 0.0500
255000 -0.005648 0.006093 0.0500
255100 -0.007319 0.006083 0.0500
255200 -0.006383 0.006073 0.0500
255300 0.004462 0.006068 0.0500
255400 0.017622 0.006067 0.0500
255500 0.024650 0.006052 0.0500
255600 0.020100 0.006046 0.0500
255700 0.021167 0.006035 0.0500
255800 0.036536 0.005990 0.0500
255900 0.050382 0.005908 0.0500
256000 0.052991 0.005883 0.0500
256100 0.041263 0.005940 0.0500
256200 0.039905 0.005937 0.0500
256300 0.055374 0.005840 0.0500
256400 0.075164 0.005745 0.0500
256500 0.071622 0.005744 0.0500
256600 0.054565 0.005818 0.0500
256700 0.049313 0.005840 0.0500
256800 0.055353 0.005794 0.0500
256900 0.058905 0.005764 0.0500
257000 0.055386 0.005775 0.0500
257100 0.050707 0.005794 0.0500
257200 0.051069 0.005783 0.0500
257300 0.053574 0.005758 0.0500
257400 0.051364 0.005762 0.0500
257500 0.054045 0.005737 0.0500
257600 0.051940 0.005740 0.0500
257700 0.046789 0.005762 0.0500
257800 0.043876 0.005770 0.0500
257900 0.043213 0.005765 0.0500
258000 0.041227 0.005767 0.0500
258100 0.042048 0.005753 0.0500
258200 0.046814 0.005716 0.0500
258300 0.044717 0.005719 0.0500
258400 0.033305 0.005771 0.0500
258500 0.028934 0.005781 0.0500
258600 0.044929 0.005691 0.0500
258700 0.076487 0.005564 0.0500
258800 0.092228 0.005632 0.0500
258900 0.086518 0.005580 0.0500
259000 0.066890 0.005550 0.0500
259100 0.055407 0.005593 0.0500
259200 0.069346 0.005527 0.0500
259300 0.093027 0.005600 0.0500
259400 0.103934 0.005734 0.0500
259500 0.098277 0.005642 0.0500
259600 0.090965 0.005555 0.0500
259700 0.085934 0.005511 0.0500
259800 0.084724 0.005496 0.0500
259900 0.086020 0.005495 0.0500
260000 0.081520 0.005467 0.0500
260100 0.073899 0.005449 0.0500
260200 0.074179 0.005441 0.0500
260300 0.081010 0.005440 0.0500
260400 0.080873 0.005432 0.0500
260500 0.070501 0.005421 0.0500
260600 0.055852 0.005481 0.0500
260700 0.047466 0.005531 0.0500
260800 0.058576 0.005448 0.0500
260900 0.083582 0.005404 0.0500
261000 0.097095 0.005513 0.0500
261100 0.085425 0.005397 0.0500
261200 0.060070 0.005410 0.0500
261300 0.053865 0.005441 0.0500
261400 0.069703 0.005353 0.0500
261500 0.087758 0.005383 0.0500
261600 0.080480 0.005338 0.0500
261700 0.052752 0.005420 0.0500
261800 0.035823 0.005543 0.0500
261900 0.051893 0.005410 0.0500
262000 0.075016 0.005302 0.0500
262100 0.071948 0.005296 0.0500
262200 0.041813 0.005467 0.0500
262300 0.020605 0.005614 0.0500
262400 0.031469 0.005531 0.0500
262500 0.057096 0.005329 0.0500
262600 0.063081 0.005289 0.0500
262700 0.041351 0.005431 0.0500
262800 0.014509 0.005615 0.0500
262900 0.013268 0.005614 0.0500
263000 0.036446 0.005447 0.0500
263100 0.051383 0.005325 0.0500
263200 0.041877 0.005388 0.0500
263300 0.017509 0.005557 0.0500
263400 0.006089 0.005620 0.0500
263500 0.013532 0.005565 0.0500
263600 0.022407 0.005500 0.0500
263700 0.022707 0.005489 0.0500
263800 0.007320 0.005579 0.0500
263900 -0.008141 0.005677 0.0500
264000 -0.004392 0.005639 0.0500
264100 0.008371 0.005546 0.0500
264200 0.008580 0.005537 0.0500
264300 -0.010111 0.005658 0.0500
264400 -0.031643 0.005888 0.0500
264500 -0.036333 0.005946 0.0500
264600 -0.032429 0.005879 0.0500
264700 -0.027474 0.005803 0.0500
264800 -0.023875 0.005750 0.0500
264900 -0.032627 0.005854 0.0500
265000 -0.044729 0.006036 0.0500
265100 -0.050622 0.006133 0.0500
265200 -0.046148 0.006041 0.0500
265300 -0.044638 0.006004 0.0500
265400 -0.048779 0.006068 0.0500
265500 -0.053762 0.006152 0.0500
265600 -0.052624 0.006120 0.0500
265700 -0.046027 0.005988 0.0500
265800 -0.058469 0.006216 0.0500
265900 -0.073995 0.006553 0.0500
266000 -0.067800 0.006396 0.0500
266100 -0.053759 0.006090 0.0500
266200 -0.053179 0.006068 0.0500
266300 -0.063730 0.006274 0.0500
266400 -0.072746 0.006468 0.0500
266500 -0.068887 0.006366 0.0500
266600 -0.063966 0.006245 0.0500
266700 -0.056766 0.006086 0.0500
266800 -0.052168 0.005988 0.0500
266900 -0.058203 0.006094 0.0500
267000 -0.064079 0.006206 0.0500
267100 -0.058958 0.006088 0.0500
267200 -0.060224 0.006104 0.0500
267300 -0.072880 0.006374 0.0500
267400 -0.087015 0.006729 0.0500
267500 -0.081566 0.006569 0.0500
267600 -0.061356 0.006086 0.0500
267700 -0.055545 0.005962 0.0500
267800 -0.069467 0.006240 0.0500
267900 -0.093690 0.006867 0.0500
268000 -0.105881 0.007245 0.0500
268100 -0.090307 0.006741 0.0500
268200 -0.074567 0.006316 0.0500
268300 -0.072098 0.006247 0.0500
268400 -0.079263 0.006408 0.0500
268500 -0.088616 0.006646 0.0500
268600 -0.088731 0.006637 0.0500
268700 -0.079211 0.006372 0.0500
268800 -0.082030 0.006433 0.0500
268900 -0.093219 0.006732 0.0500
269000 -0.094734 0.006764 0.0500
269100 -0.083597 0.006438 0.0500
269200 -0.068614 0.006074 0.0500
269300 -0.071790 0.006132 0.0500
269400 -0.091835 0.006633 0.0500
269500 -0.108141 0.007148 0.0500
269600 -0.104747 0.007016 0.0500
269700 -0.096207 0.006726 0.0500
269800 -0.088233 0.006482 0.0500
269900 -0.086380 0.006420 0.0500
270000 -0.089772 0.006501 0.0500
270100 -0.102503 0.006878 0.0500
270200 -0.118558 0.007448 0.0500
270300 -0.121865 0.007565 0.0500
270400 -0.110011 0.007095 0.0500
270500 -0.101797 0.006801 0.0500
270600 -0.095018 0.006579 0.0500
270700 -0.094276 0.006546 0.0500
270800 -0.089848 0.006410 0.0500
270900 -0.091622 0.006447 0.0500
271000 -0.098368 0.006632 0.0500
271100 -0.095794 0.006543 0.0500
271200 -0.084271 0.006221 0.0500
271300 -0.072098 0.005944 0.0500
271400 -0.064468 0.005795 0.0500
271500 -0.062988 0.005761 0.0500
271600 -0.057999 0.005675 0.0500
271700 -0.057541 0.005660 0.0500
271800 -0.070359 0.005864 0.0500
271900 -0.076778 0.005983 0.0500
272000 -0.065433 0.005756 0.0500
272100 -0.033997 0.005383 0.0500
272200 -0.018896 0.005309 0.0500
272300 -0.032151 0.005356 0.0500
272400 -0.060551 0.005648 0.0500
272500 -0.068472 0.005772 0.0500
272600 -0.047962 0.005465 0.0500
272700 -0.018307 0.005275 0.0500
272800 -0.010649 0.005258 0.0500
272900 -0.028130 0.005291 0.0500
273000 -0.053363 0.005501 0.0500
273100 -0.065916 0.005684 0.0500
273200 -0.054920 0.005505 0.0500
273300 -0.033479 0.005290 0.0500
273400 -0.028913 0.005258 0.0500
273500 -0.047456 0.005391 0.0500
273600 -0.065959 0.005647 0.0500
273700 -0.067937 0.005674 0.0500
273800 -0.061277 0.005550 0.0500
273900 -0.052427 0.005416 0.0500
274000 -0.039906 0.005282 0.0500
274100 -0.039804 0.005273 0.0500
274200 -0.052373 0.005392 0.0500
274300 -0.067160 0.005611 0.0500
274400 -0.069146 0.005640 0.0500
274500 -0.056979 0.005429 0.0500
274600 -0.033962 0.005199 0.0500
274700 -0.023145 0.005153 0.0500
274800 -0.026250 0.005153 0.0500
274900 -0.048135 0.005290 0.0500
275000 -0.067523 0.005567 0.0500
275100 -0.060855 0.005443 0.0500
275200 -0.050766 0.005296 0.0500
275300 -0.049550 0.005275 0.0500
275400 -0.058919 0.005389 0.0500
275500 -0.066039 0.005499 0.0500
275600 -0.052381 0.005284 0.0500
275700 -0.036392 0.005134 0.0500
275800 -0.041071 0.005158 0.0500
275900 -0.068758 0.005520 0.0500
276000 -0.080223 0.005765 0.0500
276100 -0.058558 0.005329 0.0500
276200 -0.025833 0.005063 0.0500
276300 -0.002107 0.005090 0.0500
276400 0.001578 0.005096 0.0500
276500 -0.014458 0.005043 0.0500
276600 -0.034822 0.005067 0.0500
276700 -0.035269 0.005063 0.0500
276800 -0.003347 0.005053 0.0500
276900 0.032556 0.005147 0.0500
277000 0.032005 0.005139 0.0500
277100 0.012061 0.005091 0.0500
277200 0.002890 0.005050 0.0500
277300 0.015046 0.005086 0.0500
277400 0.032150 0.005112 0.0500
277500 0.025551 0.005098 0.0500
277600 0.013390 0.005060 0.0500
277700 0.017894 0.005067 0.0500
277800 0.034381 0.005085 0.0500
277900 0.040411 0.005077 0.0500
278000 0.025782 0.005063 0.0500
278100 0.016866 0.005036 0.0500
278200 0.029174 0.005053 0.0500
278300 0.049016 0.005045 0.0500
278400 0.062427 0.005037 0.0500
278500 0.054387 0.005028 0.0500
278600 0.042947 0.005028 0.0500
278700 0.050716 0.005016 0.0500
278800 0.068868 0.005022 0.0500
278900 0.087931 0.005150 0.0500
279000 0.097915 0.005289 0.0500
279100 0.099372 0.005307 0.0500
279200 0.100134 0.005314 0.0500
279300 0.096396 0.005240 0.0500
279400 0.103640 0.005367 0.0500
279500 0.123613 0.005869 0.0500
279600 0.154108 0.006797 0.0500
279700 0.173562 0.007285 0.0500
279800 0.165422 0.007076 0.0500
279900 0.145769 0.006512 0.0500
280000 0.137390 0.006242 0.0500
280100 0.153978 0.006731 0.0500
280200 0.187294 0.007523 0.0500
280300 0.208196 0.008004 0.0500
280400 0.210571 0.008054 0.0500
280500 0.187519 0.007482 0.0500
280600 0.173924 0.007177 0.0500
280700 0.181162 0.007318 0.0500
280800 0.199269 0.007696 0.0500
280900 0.203145 0.007775 0.0500
281000 0.199437 0.007667 0.0500
281100 0.198184 0.007621 0.0500
281200 0.195939 0.007554 0.0500
281300 0.180291 0.007213 0.0500
281400 0.161090 0.006777 0.0500
281500 0.152288 0.006540 0.0500
281600 0.151632 0.006511 0.0500
281700 0.158823 0.006684 0.0500
281800 0.163394 0.006782 0.0500
281900 0.158212 0.006644 0.0500
282000 0.152551 0.006487 0.0500
282100 0.151498 0.006448 0.0500
282200 0.152192 0.006454 0.0500
282300 0.151748 0.006431 0.0500
282400 0.149882 0.006371 0.0500
282500 0.153183 0.006445 0.0500
282600 0.166037 0.006748 0.0500
282700 0.168785 0.006798 0.0500
282800 0.157701 0.006524 0.0500
282900 0.128436 0.005747 0.0500
283000 0.106778 0.005252 0.0500
283100 0.128353 0.005728 0.0500
283200 0.161518 0.006582 0.0500
283300 0.156951 0.006458 0.0500
283400 0.122227 0.005551 0.0500
283500 0.104437 0.005178 0.0500
283600 0.114888 0.005369 0.0500
283700 0.133029 0.005798 0.0500
283800 0.137107 0.005896 0.0500
283900 0.125710 0.005593 0.0500
284000 0.117597 0.005395 0.0500
284100 0.122588 0.005501 0.0500
284200 0.134564 0.005794 0.0500
284300 0.151304 0.006229 0.0500
284400 0.159895 0.006438 0.0500
284500 0.168822 0.006644 0.0500
284600 0.169885 0.006657 0.0500
284700 0.167875 0.006597 0.0500
284800 0.171779 0.006676 0.0500
284900 0.179869 0.006850 0.0500
285000 0.185935 0.006978 0.0500
285100 0.186008 0.006966 0.0500
285200 0.188538 0.007013 0.0500
285300 0.195179 0.007164 0.0500
285400 0.206920 0.007485 0.0500
285500 0.210089 0.007573 0.0500
285600 0.194010 0.007091 0.0500
285700 0.175065 0.006642 0.0500
285800 0.166993 0.006451 0.0500
285900 0.176568 0.006651 0.0500
286000 0.185950 0.006848 0.0500
286100 0.178602 0.006670 0.0500
286200 0.162185 0.006297 0.0500
286300 0.147446 0.005945 0.0500
286400 0.136619 0.005680 0.0500
286500 0.134015 0.005610 0.0500
286600 0.140360 0.005750 0.0500
286700 0.143988 0.005826 0.0500
286800 0.142001 0.005770 0.0500
286900 0.135750 0.005615 0.0500
287000 0.126821 0.005407 0.0500
287100 0.136273 0.005610 0.0500
287200 0.149212 0.005905 0.0500
287300 0.149924 0.005912 0.0500
287400 0.144454 0.005773 0.0500
287500 0.138980 0.005636 0.0500
287600 0.150042 0.005886 0.0500
287700 0.168696 0.006308 0.0500
287800 0.172817 0.006391 0.0500
287900 0.163528 0.006168 0.0500
288000 0.148717 0.005817 0.0500
288100 0.154565 0.005942 0.0500
288200 0.175483 0.006411 0.0500
288300 0.188206 0.006704 0.0500
288400 0.182387 0.006549 0.0500
288500 0.170613 0.006266 0.0500
288600 0.164864 0.006126 0.0500
288700 0.160173 0.006011 0.0500
288800 0.162965 0.006063 0.0500
288900 0.167022 0.006143 0.0500
289000 0.160347 0.005984 0.0500
289100 0.160586 0.005979 0.0500
289200 0.169500 0.006168 0.0500
289300 0.173814 0.006254 0.0500
289400 0.174287 0.006254 0.0500
289500 0.168532 0.006114 0.0500
289600 0.165948 0.006047 0.0500
289700 0.176026 0.006262 0.0500
289800 0.187522 0.006527 0.0500
289900 0.191530 0.006621 0.0500
290000 0.189392 0.006552 0.0500
290100 0.184102 0.006406 0.0500
290200 0.184748 0.006411 0.0500
290300 0.193081 0.006615 0.0500
290400 0.197726 0.006737 0.0500
290500 0.193117 0.006592 0.0500
290600 0.188193 0.006450 0.0500
290700 0.197444 0.006691 0.0500
290800 0.213904 0.007257 0.0500
290900 0.229437 0.007991 0.0500
291000 0.225927 0.007785 0.0500
291100 0.212588 0.007159 0.0500
291200 0.203091 0.006802 0.0500
291300 0.210284 0.007042 0.0500
291400 0.231808 0.008047 0.0500
291500 0.246392 0.008961 0.0500
291600 0.243897 0.008767 0.0500
291700 0.234882 0.008170 0.0500
291800 0.231833 0.007974 0.0500
291900 0.244454 0.008745 0.0500
292000 0.254705 0.009461 0.0500
292100 0.247966 0.008944 0.0500
292200 0.242762 0.008566 0.0500
292300 0.253784 0.009322 0.0500
292400 0.265513 0.010208 0.0500
292500 0.258482 0.009626 0.0500
292600 0.245406 0.008655 0.0500
292700 0.238478 0.008191 0.0500
292800 0.238802 0.008192 0.0500
292900 0.246264 0.008653 0.0500
293000 0.246369 0.008639 0.0500
293100 0.237990 0.008085 0.0500
293200 0.226596 0.007453 0.0500
293300 0.216928 0.007018 0.0500
293400 0.208542 0.006710 0.0500
293500 0.206691 0.006640 0.0500
293600 0.211376 0.006778 0.0500
293700 0.218609 0.007032 0.0500
293800 0.213766 0.006835 0.0500
293900 0.195783 0.006304 0.0500
294000 0.181012 0.006001 0.0500
294100 0.192180 0.006204 0.0500
294200 0.215682 0.006861 0.0500
294300 0.225645 0.007269 0.0500
294400 0.209736 0.006628 0.0500
294500 0.187107 0.006062 0.0500
294600 0.174015 0.005832 0.0500
294700 0.179796 0.005915 0.0500
294800 0.190547 0.006099 0.0500
294900 0.186386 0.006009 0.0500
295000 0.180357 0.005894 0.0500
295100 0.182101 0.005914 0.0500
295200 0.187049 0.005991 0.0500
295300 0.174878 0.005779 0.0500
295400 0.156366 0.005499 0.0500
295500 0.142919 0.005294 0.0500
295600 0.146302 0.005336 0.0500
295700 0.161502 0.005549 0.0500
295800 0.175746 0.005752 0.0500
295900 0.172480 0.005692 0.0500
296000 0.158104 0.005475 0.0500
296100 0.146565 0.005301 0.0500
296200 0.149715 0.005339 0.0500
296300 0.163416 0.005526 0.0500
296400 0.167216 0.005573 0.0500
296500 0.158544 0.005440 0.0500
296600 0.150715 0.005321 0.0500
296700 0.148902 0.005288 0.0500
296800 0.153564 0.005345 0.0500
296900 0.161752 0.005453 0.0500
297000 0.161392 0.005440 0.0500
297100 0.154000 0.005327 0.0500
297200 0.141986 0.005154 0.0500
297300 0.132258 0.005018 0.0500
297400 0.133385 0.005026 0.0500
297500 0.136186 0.005055 0.0500
297600 0.125248 0.004912 0.0500
297700 0.112719 0.004780 0.0500
297800 0.105182 0.004719 0.0500
297900 0.098497 0.004681 0.0500
298000 0.092277 0.004660 0.0500
298100 0.086807 0.004652 0.0500
298200 0.079235 0.004660 0.0500
298300 0.078495 0.004657 0.0500
298400 0.080852 0.004644 0.0500
298500 0.072981 0.004667 0.0500
298600 0.060734 0.004733 0.0500
298700 0.061273 0.004723 0.0500
298800 0.066771 0.004682 0.0500
298900 0.060837 0.004713 0.0500
299000 0.054611 0.004750 0.0500
299100 0.060967 0.004700 0.0500
299200 0.074413 0.004619 0.0500
299300 0.086611 0.004585 0.0500
299400 0.081401 0.004585 0.0500
299500 0.058211 0.004696 0.0500
299600 0.039215 0.004815 0.0500
299700 0.041098 0.004798 0.0500
299800 0.065009 0.004634 0.0500
299900 0.077876 0.004568 0.0500
