# step cv h sig
0 -1.455586 0.239006 0.0500
100 -1.466816 0.223930 0.0500
200 -1.500521 0.217455 0.0500
300 -1.492151 0.202419 0.0500
400 -1.458924 0.192405 0.0500
500 -1.453659 0.183919 0.0500
600 -1.480630 0.172881 0.0500
700 -1.511380 0.179323 0.0500
800 -1.498044 0.162930 0.0500
900 -1.471301 0.151957 0.0500
1000 -1.465761 0.146899 0.0500
1100 -1.477311 0.139426 0.0500
1200 -1.469309 0.134854 0.0500
1300 -1.447660 0.140324 0.0500
1400 -1.435301 0.145629 0.0500
1500 -1.448027 0.129456 0.0500
1600 -1.457087 0.120147 0.0500
1700 -1.445552 0.122446 0.0500
1800 -1.408718 0.158339 0.0500
1900 -1.383691 0.184868 0.0500
2000 -1.395817 0.160543 0.0500
2100 -1.401993 0.146212 0.0500
2200 -1.378435 0.168048 0.0500
2300 -1.363592 0.177078 0.0500
2400 -1.376208 0.155242 0.0500
2500 -1.380703 0.144196 0.0500
2600 -1.357887 0.161588 0.0500
2700 -1.322810 0.191605 0.0500
2800 -1.312595 0.191338 0.0500
2900 -1.332745 0.163628 0.0500
3000 -1.351202 0.141992 0.0500
3100 -1.344564 0.141242 0.0500
3200 -1.314741 0.161371 0.0500
3300 -1.306513 0.162210 0.0500
3400 -1.319957 0.143094 0.0500
3500 -1.317615 0.139356 0.0500
3600 -1.282767 0.168649 0.0500
3700 -1.266906 0.178538 0.0500
3800 -1.298383 0.139114 0.0500
3900 -1.324862 0.117367 0.0500
4000 -1.310976 0.120915 0.0500
4100 -1.288898 0.134257 0.0500
4200 -1.299400 0.120530 0.0500
4300 -1.313041 0.108297 0.0500
4400 -1.284859 0.125636 0.0500
4500 -1.244519 0.170425 0.0500
4600 -1.256409 0.147526 0.0500
4700 -1.310058 0.098921 0.0500
4800 -1.335207 0.092229 0.0500
4900 -1.317508 0.091849 0.0500
5000 -1.289074 0.103196 0.0500
5100 -1.287257 0.101608 0.0500
5200 -1.316417 0.085505 0.0500
5300 -1.336672 0.082848 0.0500
5400 -1.321159 0.080985 0.0500
5500 -1.307936 0.082203 0.0500
5600 -1.328850 0.077121 0.0500
5700 -1.362210 0.082478 0.0500
5800 -1.353492 0.077945 0.0500
5900 -1.324885 0.072858 0.0500
6000 -1.323502 0.071508 0.0500
6100 -1.359241 0.075525 0.0500
6200 -1.389728 0.084722 0.0500
6300 -1.370847 0.076339 0.0500
6400 -1.359610 0.071123 0.0500
6500 -1.378115 0.075817 0.0500
6600 -1.398760 0.080912 0.0500
6700 -1.388969 0.076191 0.0500
6800 -1.378216 0.071236 0.0500
6900 -1.395238 0.075040 0.0500
7000 -1.430102 0.081948 0.0500
7100 -1.436961 0.081541 0.0500
7200 -1.432768 0.078832 0.0500
7300 -1.436531 0.077881 0.0500
7400 -1.449813 0.079528 0.0500
7500 -1.452468 0.078607 0.0500
7600 -1.441346 0.073985 0.0500
7700 -1.441144 0.072429 0.0500
7800 -1.456658 0.075342 0.0500
7900 -1.466143 0.077933 0.0500
8000 -1.452749 0.070936 0.0500
8100 -1.443149 0.067283 0.0500
8200 -1.462505 0.071831 0.0500
8300 -1.486843 0.086660 0.0500
8400 -1.483510 0.081703 0.0500
8500 -1.464340 0.068221 0.0500
8600 -1.457168 0.064407 0.0500
8700 -1.466924 0.066868 0.0500
8800 -1.481804 0.074549 0.0500
8900 -1.476719 0.069514 0.0500
9000 -1.451476 0.058702 0.0500
9100 -1.443075 0.056813 0.0500
9200 -1.446152 0.056159 0.0500
9300 -1.456069 0.056876 0.0500
9400 -1.452092 0.055191 0.0500
9500 -1.442929 0.053385 0.0500
9600 -1.435699 0.052522 0.0500
9700 -1.440325 0.051744 0.0500
9800 -1.446776 0.051371 0.0500
9900 -1.444199 0.050435 0.0500
10000 -1.424825 0.050416 0.0500
10100 -1.414760 0.051037 0.0500
10200 -1.422872 0.049236 0.0500
10300 -1.421407 0.048736 0.0500
10400 -1.412106 0.049367 0.0500
10500 -1.404608 0.049863 0.0500
10600 -1.408096 0.048629 0.0500
10700 -1.413674 0.047155 0.0500
10800 -1.404036 0.047975 0.0500
10900 -1.391754 0.049249 0.0500
11000 -1.380195 0.050221 0.0500
11100 -1.382145 0.049262 0.0500
11200 -1.390980 0.047381 0.0500
11300 -1.388287 0.047129 0.0500
11400 -1.379636 0.047667 0.0500
11500 -1.373153 0.047875 0.0500
11600 -1.358376 0.049230 0.0500
11700 -1.343741 0.051090 0.0500
11800 -1.347444 0.049643 0.0500
11900 -1.366267 0.046271 0.0500
12000 -1.369915 0.045271 0.0500
12100 -1.342474 0.048830 0.0500
12200 -1.331949 0.050897 0.0500
12300 -1.361431 0.044568 0.0500
12400 -1.374099 0.042821 0.0500
12500 -1.339288 0.047224 0.0500
12600 -1.308393 0.059322 0.0500
12700 -1.310289 0.057208 0.0500
12800 -1.333262 0.046826 0.0500
12900 -1.342945 0.044045 0.0500
13000 -1.333094 0.045707 0.0500
13100 -1.324010 0.048014 0.0500
13200 -1.323559 0.047541 0.0500
13300 -1.322216 0.047420 0.0500
13400 -1.323244 0.046411 0.0500
13500 -1.326826 0.044596 0.0500
13600 -1.334017 0.042100 0.0500
13700 -1.337269 0.040921 0.0500
13800 -1.336042 0.040699 0.0500
13900 -1.326189 0.042769 0.0500
14000 -1.314121 0.047048 0.0500
14100 -1.302536 0.053203 0.0500
14200 -1.305215 0.050659 0.0500
14300 -1.313156 0.045587 0.0500
14400 -1.316801 0.043393 0.0500
14500 -1.300858 0.051592 0.0500
14600 -1.292906 0.056994 0.0500
14700 -1.298339 0.051825 0.0500
14800 -1.302604 0.048212 0.0500
14900 -1.296854 0.051473 0.0500
15000 -1.278522 0.068006 0.0500
15100 -1.258091 0.095245 0.0500
15200 -1.247410 0.110759 0.0500
15300 -1.256833 0.091916 0.0500
15400 -1.261755 0.082382 0.0500
15500 -1.245306 0.105947 0.0500
15600 -1.220874 0.145885 0.0500
15700 -1.216695 0.147228 0.0500
15800 -1.212966 0.147379 0.0500
15900 -1.211418 0.143840 0.0500
16000 -1.205427 0.147085 0.0500
16100 -1.201782 0.146327 0.0500
16200 -1.204448 0.136844 0.0500
16300 -1.216316 0.116456 0.0500
16400 -1.217763 0.110966 0.0500
16500 -1.213645 0.112476 0.0500
16600 -1.206625 0.117387 0.0500
16700 -1.212745 0.106520 0.0500
16800 -1.231523 0.084490 0.0500
16900 -1.233017 0.081178 0.0500
17000 -1.225331 0.086324 0.0500
17100 -1.224722 0.084829 0.0500
17200 -1.242717 0.068178 0.0500
17300 -1.259391 0.055998 0.0500
17400 -1.267015 0.050905 0.0500
17500 -1.265892 0.050773 0.0500
17600 -1.267738 0.049111 0.0500
17700 -1.283245 0.041645 0.0500
17800 -1.300283 0.035941 0.0500
17900 -1.325107 0.031984 0.0500
18000 -1.348443 0.031896 0.0500
18100 -1.358725 0.032434 0.0500
18200 -1.362879 0.032544 0.0500
18300 -1.358696 0.031848 0.0500
18400 -1.354607 0.031217 0.0500
18500 -1.359546 0.031370 0.0500
18600 -1.380385 0.033308 0.0500
18700 -1.400866 0.035058 0.0500
18800 -1.399514 0.034595 0.0500
18900 -1.405854 0.034819 0.0500
19000 -1.422991 0.036085 0.0500
19100 -1.432120 0.036892 0.0500
19200 -1.428197 0.035971 0.0500
19300 -1.427971 0.035583 0.0500
19400 -1.434519 0.036164 0.0500
19500 -1.444823 0.037876 0.0500
19600 -1.454422 0.040341 0.0500
19700 -1.455664 0.040339 0.0500
19800 -1.464267 0.043592 0.0500
19900 -1.473379 0.048328 0.0500
20000 -1.480546 0.052951 0.0500
20100 -1.479709 0.051507 0.0500
20200 -1.479290 0.050449 0.0500
20300 -1.490501 0.059710 0.0500
20400 -1.511017 0.085316 0.0500
20500 -1.519999 0.098141 0.0500
20600 -1.512847 0.083858 0.0500
20700 -1.507513 0.074273 0.0500
20800 -1.515051 0.083556 0.0500
20900 -1.521098 0.091128 0.0500
21000 -1.524673 0.094709 0.0500
21100 -1.525254 0.093191 0.0500
21200 -1.535359 0.108064 0.0500
21300 -1.549514 0.130757 0.0500
21400 -1.535634 0.101689 0.0500
21500 -1.529260 0.088858 0.0500
21600 -1.538265 0.100671 0.0500
21700 -1.551662 0.120389 0.0500
21800 -1.553385 0.119340 0.0500
21900 -1.561991 0.129931 0.0500
22000 -1.572705 0.143108 0.0500
22100 -1.571855 0.136137 0.0500
22200 -1.578879 0.141904 0.0500
22300 -1.584964 0.145441 0.0500
22400 -1.588023 0.144018 0.0500
22500 -1.584187 0.133085 0.0500
22600 -1.572977 0.113868 0.0500
22700 -1.574222 0.111808 0.0500
22800 -1.581147 0.116745 0.0500
22900 -1.577602 0.108802 0.0500
23000 -1.564981 0.092120 0.0500
23100 -1.573408 0.098367 0.0500
23200 -1.591568 0.116641 0.0500
23300 -1.592036 0.113476 0.0500
23400 -1.582190 0.098852 0.0500
23500 -1.591326 0.106162 0.0500
23600 -1.606385 0.121899 0.0500
23700 -1.615875 0.130975 0.0500
23800 -1.613956 0.123612 0.0500
23900 -1.615490 0.121461 0.0500
24000 -1.608315 0.108482 0.0500
24100 -1.598905 0.095213 0.0500
24200 -1.602266 0.096030 0.0500
24300 -1.605348 0.096631 0.0500
24400 -1.601349 0.090126 0.0500
24500 -1.597368 0.084371 0.0500
24600 -1.600290 0.084896 0.0500
24700 -1.600228 0.082853 0.0500
24800 -1.596976 0.078330 0.0500
24900 -1.594053 0.074500 0.0500
25000 -1.589283 0.069892 0.0500
25100 -1.581329 0.064359 0.0500
25200 -1.574110 0.060249 0.0500
25300 -1.562680 0.055728 0.0500
25400 -1.551737 0.052308 0.0500
25500 -1.541724 0.049473 0.0500
25600 -1.536091 0.047630 0.0500
25700 -1.532147 0.046170 0.0500
25800 -1.534671 0.046106 0.0500
25900 -1.524347 0.043331 0.0500
26000 -1.516825 0.041137 0.0500
26100 -1.511854 0.039541 0.0500
26200 -1.505043 0.037573 0.0500
26300 -1.495806 0.035189 0.0500
26400 -1.490809 0.033848 0.0500
26500 -1.483211 0.032177 0.0500
26600 -1.483180 0.031884 0.0500
26700 -1.484498 0.031817 0.0500
26800 -1.473491 0.029978 0.0500
26900 -1.463231 0.028791 0.0500
27000 -1.455770 0.028194 0.0500
27100 -1.439654 0.027985 0.0500
27200 -1.424444 0.028454 0.0500
27300 -1.408137 0.029114 0.0500
27400 -1.402345 0.029116 0.0500
27500 -1.408581 0.028625 0.0500
27600 -1.415745 0.028044 0.0500
27700 -1.405149 0.028327 0.0500
27800 -1.385115 0.028549 0.0500
27900 -1.378789 0.028302 0.0500
28000 -1.382347 0.028099 0.0500
28100 -1.378265 0.027856 0.0500
28200 -1.370374 0.027551 0.0500
28300 -1.365981 0.027283 0.0500
28400 -1.367150 0.027090 0.0500
28500 -1.369641 0.026919 0.0500
28600 -1.355807 0.026607 0.0500
28700 -1.340433 0.026760 0.0500
28800 -1.340702 0.026548 0.0500
28900 -1.352260 0.026050 0.0500
29000 -1.356103 0.025849 0.0500
29100 -1.349820 0.025703 0.0500
29200 -1.339657 0.025856 0.0500
29300 -1.338524 0.025732 0.0500
29400 -1.349760 0.025163 0.0500
29500 -1.363224 0.025048 0.0500
29600 -1.362078 0.024853 0.0500
29700 -1.340707 0.024940 0.0500
29800 -1.322996 0.026442 0.0500
29900 -1.323065 0.026237 0.0500
30000 -1.337648 0.024591 0.0500
30100 -1.335917 0.024535 0.0500
30200 -1.322504 0.025784 0.0500
30300 -1.307755 0.028457 0.0500
30400 -1.323601 0.025252 0.0500
30500 -1.340014 0.023651 0.0500
30600 -1.341520 0.023435 0.0500
30700 -1.325294 0.024546 0.0500
30800 -1.307645 0.027596 0.0500
30900 -1.305285 0.027980 0.0500
31000 -1.312006 0.026190 0.0500
31100 -1.316086 0.025213 0.0500
31200 -1.305823 0.027235 0.0500
31300 -1.300599 0.028447 0.0500
31400 -1.315653 0.024737 0.0500
31500 -1.335096 0.022414 0.0500
31600 -1.334363 0.022314 0.0500
31700 -1.306233 0.026253 0.0500
31800 -1.287018 0.032254 0.0500
31900 -1.298286 0.028000 0.0500
32000 -1.324742 0.022518 0.0500
32100 -1.324043 0.022451 0.0500
32200 -1.299211 0.027204 0.0500
32300 -1.285454 0.031823 0.0500
32400 -1.287618 0.030680 0.0500
32500 -1.308972 0.024158 0.0500
32600 -1.311340 0.023532 0.0500
32700 -1.290231 0.029081 0.0500
32800 -1.272030 0.036876 0.0500
32900 -1.268689 0.038294 0.0500
33000 -1.280393 0.032134 0.0500
33100 -1.303892 0.024170 0.0500
33200 -1.316062 0.021818 0.0500
33300 -1.308033 0.023000 0.0500
33400 -1.281297 0.030947 0.0500
33500 -1.261649 0.040796 0.0500
33600 -1.280077 0.030867 0.0500
33700 -1.294799 0.025424 0.0500
33800 -1.276278 0.032052 0.0500
33900 -1.260857 0.039921 0.0500
34000 -1.266730 0.036124 0.0500
34100 -1.277387 0.030640 0.0500
34200 -1.269588 0.033986 0.0500
34300 -1.246571 0.047992 0.0500
34400 -1.246242 0.047598 0.0500
34500 -1.264525 0.035418 0.0500
34600 -1.266253 0.034178 0.0500
34700 -1.263452 0.035301 0.0500
34800 -1.254725 0.039970 0.0500
34900 -1.251741 0.041421 0.0500
35000 -1.242846 0.047185 0.0500
35100 -1.237640 0.050657 0.0500
35200 -1.235089 0.052061 0.0500
35300 -1.221050 0.064613 0.0500
35400 -1.219143 0.065484 0.0500
35500 -1.226539 0.056936 0.0500
35600 -1.230705 0.052358 0.0500
35700 -1.213671 0.068348 0.0500
35800 -1.198216 0.086739 0.0500
35900 -1.195319 0.088790 0.0500
36000 -1.207131 0.071289 0.0500
36100 -1.210081 0.066568 0.0500
36200 -1.200168 0.076994 0.0500
36300 -1.198130 0.077951 0.0500
36400 -1.204892 0.068187 0.0500
36500 -1.220529 0.052074 0.0500
36600 -1.216525 0.054638 0.0500
36700 -1.195955 0.075548 0.0500
36800 -1.180501 0.096087 0.0500
36900 -1.190132 0.079537 0.0500
37000 -1.199314 0.066686 0.0500
37100 -1.181291 0.088750 0.0500
37200 -1.160163 0.122058 0.0500
37300 -1.170634 0.100042 0.0500
37400 -1.189941 0.070805 0.0500
37500 -1.179164 0.082955 0.0500
37600 -1.152628 0.123879 0.0500
37700 -1.158167 0.110104 0.0500
37800 -1.191045 0.063370 0.0500
37900 -1.204462 0.051042 0.0500
38000 -1.187493 0.064923 0.0500
38100 -1.162480 0.095835 0.0500
38200 -1.171797 0.080144 0.0500
38300 -1.203405 0.048354 0.0500
38400 -1.206917 0.045527 0.0500
38500 -1.194164 0.053717 0.0500
38600 -1.197812 0.050173 0.0500
38700 -1.215009 0.039553 0.0500
38800 -1.242724 0.029688 0.0500
38900 -1.256023 0.026364 0.0500
39000 -1.242778 0.029220 0.0500
39100 -1.234394 0.031259 0.0500
39200 -1.249971 0.027045 0.0500
39300 -1.279670 0.021482 0.0500
39400 -1.295788 0.019401 0.0500
39500 -1.300299 0.018894 0.0500
39600 -1.311944 0.018080 0.0500
39700 -1.327335 0.017796 0.0500
39800 -1.342444 0.018325 0.0500
39900 -1.353131 0.019076 0.0500
40000 -1.362521 0.019912 0.0500
40100 -1.371109 0.020741 0.0500
40200 -1.399938 0.023404 0.0500
40300 -1.404021 0.023519 0.0500
40400 -1.396153 0.022822 0.0500
40500 -1.404168 0.023227 0.0500
40600 -1.421152 0.023861 0.0500
40700 -1.440264 0.024421 0.0500
40800 -1.448575 0.024723 0.0500
40900 -1.438054 0.023993 0.0500
41000 -1.444720 0.024156 0.0500
41100 -1.470197 0.026495 0.0500
41200 -1.481518 0.028229 0.0500
41300 -1.470725 0.026175 0.0500
41400 -1.461041 0.024772 0.0500
41500 -1.467255 0.025329 0.0500
41600 -1.485085 0.028153 0.0500
41700 -1.490099 0.029006 0.0500
41800 -1.474921 0.025869 0.0500
41900 -1.470992 0.025099 0.0500
42000 -1.494868 0.029485 0.0500
42100 -1.510898 0.033370 0.0500
42200 -1.495892 0.029224 0.0500
42300 -1.482649 0.026217 0.0500
42400 -1.498067 0.029297 0.0500
42500 -1.524311 0.036060 0.0500
42600 -1.516744 0.033605 0.0500
42700 -1.500028 0.029010 0.0500
42800 -1.511867 0.031734 0.0500
42900 -1.532217 0.037027 0.0500
43000 -1.513460 0.031566 0.0500
43100 -1.484187 0.024973 0.0500
43200 -1.484588 0.024865 0.0500
43300 -1.504806 0.028777 0.0500
43400 -1.506016 0.028833 0.0500
43500 -1.481947 0.023931 0.0500
43600 -1.465187 0.021965 0.0500
43700 -1.464832 0.021805 0.0500
43800 -1.456304 0.021222 0.0500
43900 -1.434020 0.020975 0.0500
44000 -1.420675 0.021101 0.0500
44100 -1.430831 0.020787 0.0500
44200 -1.440574 0.020544 0.0500
44300 -1.429739 0.020571 0.0500
44400 -1.412532 0.020749 0.0500
44500 -1.416284 0.020584 0.0500
44600 -1.425710 0.020302 0.0500
44700 -1.415225 0.020367 0.0500
44800 -1.400088 0.020273 0.0500
44900 -1.392113 0.019983 0.0500
45000 -1.404092 0.020085 0.0500
45100 -1.404214 0.019973 0.0500
45200 -1.394836 0.019729 0.0500
45300 -1.390476 0.019498 0.0500
45400 -1.393244 0.019474 0.0500
45500 -1.405219 0.019553 0.0500
45600 -1.399764 0.019396 0.0500
45700 -1.377270 0.018543 0.0500
45800 -1.371523 0.018149 0.0500
45900 -1.388258 0.018826 0.0500
46000 -1.393021 0.018875 0.0500
46100 -1.381394 0.018359 0.0500
46200 -1.372877 0.017860 0.0500
46300 -1.392024 0.018568 0.0500
46400 -1.401796 0.018686 0.0500
46500 -1.385823 0.018172 0.0500
46600 -1.370785 0.017422 0.0500
46700 -1.391910 0.018200 0.0500
46800 -1.407460 0.018407 0.0500
46900 -1.391442 0.018006 0.0500
47000 -1.375095 0.017301 0.0500
47100 -1.385547 0.017639 0.0500
47200 -1.402409 0.018000 0.0500
47300 -1.392599 0.017692 0.0500
47400 -1.376330 0.017032 0.0500
47500 -1.383421 0.017227 0.0500
47600 -1.406105 0.017731 0.0500
47700 -1.389971 0.017283 0.0500
47800 -1.363990 0.016247 0.0500
47900 -1.369147 0.016368 0.0500
48000 -1.385056 0.016898 0.0500
48100 -1.385823 0.016845 0.0500
48200 -1.371594 0.016241 0.0500
48300 -1.372016 0.016183 0.0500
48400 -1.396185 0.016941 0.0500
48500 -1.405123 0.017073 0.0500
48600 -1.380680 0.016293 0.0500
48700 -1.365409 0.015683 0.0500
48800 -1.386287 0.016345 0.0500
48900 -1.402111 0.016728 0.0500
49000 -1.384188 0.016129 0.0500
49100 -1.374573 0.015728 0.0500
49200 -1.400244 0.016470 0.0500
49300 -1.421632 0.016873 0.0500
49400 -1.405639 0.016452 0.0500
49500 -1.382458 0.015740 0.0500
49600 -1.390763 0.015924 0.0500
49700 -1.411391 0.016373 0.0500
49800 -1.404106 0.016133 0.0500
49900 -1.390401 0.015708 0.0500
50000 -1.411759 0.016169 0.0500
50100 -1.444789 0.017225 0.0500
50200 -1.450863 0.017545 0.0500
50300 -1.433110 0.016523 0.0500
50400 -1.429198 0.016319 0.0500
50500 -1.444073 0.016868 0.0500
50600 -1.461531 0.018202 0.0500
50700 -1.464132 0.018403 0.0500
50800 -1.467365 0.018707 0.0500
50900 -1.477682 0.020151 0.0500
51000 -1.486901 0.021777 0.0500
51100 -1.483056 0.020882 0.0500
51200 -1.477824 0.019827 0.0500
51300 -1.471996 0.018818 0.0500
51400 -1.477299 0.019528 0.0500
51500 -1.485447 0.020889 0.0500
51600 -1.490633 0.021842 0.0500
51700 -1.483796 0.020326 0.0500
51800 -1.486318 0.020695 0.0500
51900 -1.492468 0.021864 0.0500
52000 -1.494217 0.022123 0.0500
52100 -1.494921 0.022148 0.0500
52200 -1.503057 0.023998 0.0500
52300 -1.495662 0.022034 0.0500
52400 -1.486100 0.019913 0.0500
52500 -1.485095 0.019618 0.0500
52600 -1.491405 0.020738 0.0500
52700 -1.488706 0.020075 0.0500
52800 -1.485404 0.019346 0.0500
52900 -1.484307 0.019048 0.0500
53000 -1.491502 0.020306 0.0500
53100 -1.492587 0.020414 0.0500
53200 -1.492466 0.020273 0.0500
53300 -1.497999 0.021364 0.0500
53400 -1.500260 0.021764 0.0500
53500 -1.493604 0.020153 0.0500
53600 -1.498173 0.021029 0.0500
53700 -1.508458 0.023447 0.0500
53800 -1.506325 0.022735 0.0500
53900 -1.495891 0.020148 0.0500
54000 -1.488455 0.018597 0.0500
54100 -1.483477 0.017682 0.0500
54200 -1.481249 0.017267 0.0500
54300 -1.483484 0.017512 0.0500
54400 -1.481327 0.017111 0.0500
54500 -1.481019 0.016986 0.0500
54600 -1.482860 0.017168 0.0500
54700 -1.489443 0.018148 0.0500
54800 -1.482140 0.016897 0.0500
54900 -1.463507 0.014927 0.0500
55000 -1.443342 0.014200 0.0500
55100 -1.439029 0.014132 0.0500
55200 -1.431385 0.014131 0.0500
55300 -1.411304 0.014424 0.0500
55400 -1.408042 0.014422 0.0500
55500 -1.417543 0.014195 0.0500
55600 -1.417224 0.014144 0.0500
55700 -1.397669 0.014390 0.0500
55800 -1.372378 0.014358 0.0500
55900 -1.386376 0.014337 0.0500
56000 -1.401419 0.014188 0.0500
56100 -1.386850 0.014225 0.0500
56200 -1.363576 0.014119 0.0500
56300 -1.366853 0.014070 0.0500
56400 -1.384027 0.014067 0.0500
56500 -1.368829 0.013969 0.0500
56600 -1.340394 0.014150 0.0500
56700 -1.335941 0.014235 0.0500
56800 -1.351693 0.013841 0.0500
56900 -1.369659 0.013777 0.0500
57000 -1.363636 0.013702 0.0500
57100 -1.349932 0.013706 0.0500
57200 -1.349553 0.013658 0.0500
57300 -1.367705 0.013565 0.0500
57400 -1.373986 0.013550 0.0500
57500 -1.360389 0.013445 0.0500
57600 -1.358308 0.013398 0.0500
57700 -1.376433 0.013420 0.0500
57800 -1.390346 0.013455 0.0500
57900 -1.385481 0.013381 0.0500
58000 -1.374807 0.013262 0.0500
58100 -1.380656 0.013252 0.0500
58200 -1.400805 0.013284 0.0500
58300 -1.408610 0.013225 0.0500
58400 -1.394006 0.013178 0.0500
58500 -1.388940 0.013112 0.0500
58600 -1.406751 0.013088 0.0500
58700 -1.407020 0.013040 0.0500
58800 -1.390001 0.012978 0.0500
58900 -1.386935 0.012920 0.0500
59000 -1.401870 0.012907 0.0500
59100 -1.415031 0.012851 0.0500
59200 -1.415516 0.012804 0.0500
59300 -1.405106 0.012770 0.0500
59400 -1.411695 0.012718 0.0500
59500 -1.421950 0.012671 0.0500
59600 -1.426339 0.012640 0.0500
59700 -1.425846 0.012593 0.0500
59800 -1.422274 0.012538 0.0500
59900 -1.436155 0.012603 0.0500
60000 -1.453918 0.013140 0.0500
60100 -1.448882 0.012857 0.0500
60200 -1.423238 0.012377 0.0500
60300 -1.412715 0.012350 0.0500
60400 -1.422085 0.012292 0.0500
60500 -1.425421 0.012255 0.0500
60600 -1.406214 0.012253 0.0500
60700 -1.395543 0.012259 0.0500
60800 -1.411158 0.012150 0.0500
60900 -1.423602 0.012094 0.0500
61000 -1.404844 0.012098 0.0500
61100 -1.385537 0.012151 0.0500
61200 -1.384537 0.012115 0.0500
61300 -1.395707 0.012022 0.0500
61400 -1.396229 0.011979 0.0500
61500 -1.385150 0.011992 0.0500
61600 -1.376246 0.012006 0.0500
61700 -1.381765 0.011930 0.0500
61800 -1.384733 0.011875 0.0500
61900 -1.372479 0.011919 0.0500
62000 -1.362040 0.012013 0.0500
62100 -1.370406 0.011860 0.0500
62200 -1.381817 0.011738 0.0500
62300 -1.369294 0.011795 0.0500
62400 -1.345406 0.012316 0.0500
62500 -1.338747 0.012576 0.0500
62600 -1.348333 0.012124 0.0500
62700 -1.347619 0.012108 0.0500
62800 -1.329595 0.013004 0.0500
62900 -1.301894 0.015839 0.0500
63000 -1.297979 0.016329 0.0500
63100 -1.309816 0.014688 0.0500
63200 -1.313329 0.014233 0.0500
63300 -1.296681 0.016321 0.0500
63400 -1.280090 0.019042 0.0500
63500 -1.283818 0.018264 0.0500
63600 -1.291129 0.016938 0.0500
63700 -1.294574 0.016323 0.0500
63800 -1.303229 0.015041 0.0500
63900 -1.310459 0.014122 0.0500
64000 -1.306291 0.014541 0.0500
64100 -1.303824 0.014784 0.0500
64200 -1.316196 0.013378 0.0500
64300 -1.329170 0.012342 0.0500
64400 -1.315714 0.013329 0.0500
64500 -1.301451 0.014876 0.0500
64600 -1.307680 0.014053 0.0500
64700 -1.324605 0.012460 0.0500
64800 -1.337737 0.011705 0.0500
64900 -1.330032 0.012037 0.0500
65000 -1.311945 0.013413 0.0500
65100 -1.315458 0.013024 0.0500
65200 -1.342865 0.011378 0.0500
65300 -1.366485 0.011056 0.0500
65400 -1.352507 0.011104 0.0500
65500 -1.334496 0.011588 0.0500
65600 -1.357531 0.010984 0.0500
65700 -1.396683 0.011165 0.0500
65800 -1.397303 0.011136 0.0500
65900 -1.364513 0.010871 0.0500
66000 -1.358210 0.010862 0.0500
66100 -1.390399 0.010977 0.0500
66200 -1.409410 0.011149 0.0500
66300 -1.390573 0.010913 0.0500
66400 -1.383141 0.010810 0.0500
66500 -1.413414 0.011103 0.0500
66600 -1.436829 0.011539 0.0500
66700 -1.421956 0.011158 0.0500
66800 -1.392615 0.010786 0.0500
66900 -1.398346 0.010808 0.0500
67000 -1.425305 0.011126 0.0500
67100 -1.417565 0.010963 0.0500
67200 -1.399128 0.010723 0.0500
67300 -1.403398 0.010732 0.0500
67400 -1.422997 0.010956 0.0500
67500 -1.417328 0.010831 0.0500
67600 -1.398481 0.010594 0.0500
67700 -1.400635 0.010582 0.0500
67800 -1.423223 0.010836 0.0500
67900 -1.428111 0.010904 0.0500
68000 -1.410644 0.010590 0.0500
68100 -1.405871 0.010510 0.0500
68200 -1.428944 0.010832 0.0500
68300 -1.440073 0.011150 0.0500
68400 -1.418578 0.010570 0.0500
68500 -1.396765 0.010328 0.0500
68600 -1.413203 0.010440 0.0500
68700 -1.428940 0.010680 0.0500
68800 -1.416397 0.010419 0.0500
68900 -1.390142 0.010188 0.0500
69000 -1.388349 0.010153 0.0500
69100 -1.405026 0.010216 0.0500
69200 -1.408897 0.010222 0.0500
69300 -1.394654 0.010093 0.0500
69400 -1.379294 0.010037 0.0500
69500 -1.390110 0.010020 0.0500
69600 -1.406720 0.010093 0.0500
69700 -1.392932 0.009975 0.0500
69800 -1.376785 0.009937 0.0500
69900 -1.378195 0.009905 0.0500
70000 -1.389622 0.009883 0.0500
70100 -1.405279 0.009951 0.0500
70200 -1.414186 0.010027 0.0500
70300 -1.405068 0.009894 0.0500
70400 -1.398165 0.009815 0.0500
70500 -1.400720 0.009805 0.0500
70600 -1.408360 0.009846 0.0500
70700 -1.413823 0.009888 0.0500
70800 -1.415736 0.009889 0.0500
70900 -1.425216 0.010048 0.0500
71000 -1.429426 0.010133 0.0500
71100 -1.423663 0.009956 0.0500
71200 -1.416968 0.009800 0.0500
71300 -1.417601 0.009783 0.0500
71400 -1.428521 0.009997 0.0500
71500 -1.431101 0.010045 0.0500
71600 -1.426482 0.009886 0.0500
71700 -1.416272 0.009657 0.0500
71800 -1.410753 0.009561 0.0500
71900 -1.424036 0.009749 0.0500
72000 -1.442820 0.010394 0.0500
72100 -1.445783 0.010527 0.0500
72200 -1.443338 0.010361 0.0500
72300 -1.435697 0.009987 0.0500
72400 -1.433422 0.009877 0.0500
72500 -1.440811 0.010149 0.0500
72600 -1.433223 0.009816 0.0500
72700 -1.409340 0.009340 0.0500
72800 -1.394343 0.009275 0.0500
72900 -1.403811 0.009262 0.0500
73000 -1.422105 0.009435 0.0500
73100 -1.408232 0.009238 0.0500
73200 -1.385417 0.009222 0.0500
73300 -1.382302 0.009222 0.0500
73400 -1.395079 0.009136 0.0500
73500 -1.394253 0.009114 0.0500
73600 -1.374633 0.009238 0.0500
73700 -1.359746 0.009511 0.0500
73800 -1.369806 0.009266 0.0500
73900 -1.380582 0.009100 0.0500
74000 -1.383202 0.009055 0.0500
74100 -1.365196 0.009286 0.0500
74200 -1.356395 0.009492 0.0500
74300 -1.377438 0.009042 0.0500
74400 -1.399743 0.008935 0.0500
74500 -1.381310 0.008960 0.0500
74600 -1.352765 0.009530 0.0500
74700 -1.364860 0.009159 0.0500
74800 -1.401336 0.008865 0.0500
74900 -1.406985 0.008883 0.0500
75000 -1.384675 0.008832 0.0500
75100 -1.376870 0.008879 0.0500
75200 -1.389966 0.008767 0.0500
75300 -1.409070 0.008823 0.0500
75400 -1.407704 0.008787 0.0500
75500 -1.389968 0.008705 0.0500
75600 -1.384875 0.008706 0.0500
75700 -1.401385 0.008678 0.0500
75800 -1.406029 0.008690 0.0500
75900 -1.391881 0.008618 0.0500
76000 -1.388125 0.008608 0.0500
76100 -1.395791 0.008577 0.0500
76200 -1.404246 0.008594 0.0500
76300 -1.401716 0.008556 0.0500
76400 -1.392932 0.008515 0.0500
76500 -1.391309 0.008497 0.0500
76600 -1.396650 0.008477 0.0500
76700 -1.392044 0.008456 0.0500
76800 -1.372797 0.008612 0.0500
76900 -1.368414 0.008676 0.0500
77000 -1.382052 0.008450 0.0500
77100 -1.383318 0.008419 0.0500
77200 -1.374896 0.008497 0.0500
77300 -1.369696 0.008569 0.0500
77400 -1.376059 0.008439 0.0500
77500 -1.380442 0.008367 0.0500
77600 -1.383997 0.008317 0.0500
77700 -1.381530 0.008317 0.0500
77800 -1.381246 0.008301 0.0500
77900 -1.385084 0.008252 0.0500
78000 -1.393801 0.008211 0.0500
78100 -1.389772 0.008195 0.0500
78200 -1.378674 0.008253 0.0500
78300 -1.369850 0.008376 0.0500
78400 -1.368145 0.008392 0.0500
78500 -1.361492 0.008546 0.0500
78600 -1.365514 0.008415 0.0500
78700 -1.375425 0.008201 0.0500
78800 -1.378305 0.008145 0.0500
78900 -1.365958 0.008347 0.0500
79000 -1.362646 0.008415 0.0500
79100 -1.367345 0.008275 0.0500
79200 -1.369942 0.008201 0.0500
79300 -1.363070 0.008345 0.0500
79400 -1.347315 0.008935 0.0500
79500 -1.354177 0.008604 0.0500
79600 -1.374005 0.008056 0.0500
79700 -1.384249 0.007938 0.0500
79800 -1.358779 0.008382 0.0500
79900 -1.338503 0.009352 0.0500
80000 -1.333705 0.009668 0.0500
80100 -1.338736 0.009287 0.0500
80200 -1.343669 0.008964 0.0500
80300 -1.340441 0.009132 0.0500
80400 -1.337738 0.009282 0.0500
80500 -1.329225 0.009902 0.0500
80600 -1.323461 0.010400 0.0500
80700 -1.314090 0.011392 0.0500
80800 -1.303055 0.012847 0.0500
80900 -1.288970 0.015165 0.0500
81000 -1.276231 0.017653 0.0500
81100 -1.271967 0.018497 0.0500
81200 -1.266570 0.019631 0.0500
81300 -1.264911 0.019911 0.0500
81400 -1.269289 0.018796 0.0500
81500 -1.268274 0.018925 0.0500
81600 -1.255377 0.021916 0.0500
81700 -1.253609 0.022235 0.0500
81800 -1.270584 0.018099 0.0500
81900 -1.270582 0.018008 0.0500
82000 -1.252324 0.022219 0.0500
82100 -1.250665 0.022515 0.0500
82200 -1.267680 0.018328 0.0500
82300 -1.275111 0.016701 0.0500
82400 -1.247552 0.023004 0.0500
82500 -1.220783 0.031985 0.0500
82600 -1.219828 0.032119 0.0500
82700 -1.251930 0.021390 0.0500
82800 -1.265614 0.018163 0.0500
82900 -1.241386 0.023951 0.0500
83000 -1.231491 0.026872 0.0500
83100 -1.257131 0.019668 0.0500
83200 -1.281442 0.014852 0.0500
83300 -1.266713 0.017471 0.0500
83400 -1.242981 0.022879 0.0500
83500 -1.246288 0.021858 0.0500
83600 -1.277715 0.015197 0.0500
83700 -1.277124 0.015233 0.0500
83800 -1.253412 0.019844 0.0500
83900 -1.262103 0.017864 0.0500
84000 -1.291154 0.012901 0.0500
84100 -1.294707 0.012385 0.0500
84200 -1.285494 0.013611 0.0500
84300 -1.281047 0.014234 0.0500
84400 -1.292967 0.012473 0.0500
84500 -1.301697 0.011377 0.0500
84600 -1.306996 0.010781 0.0500
84700 -1.304132 0.011043 0.0500
84800 -1.305695 0.010847 0.0500
84900 -1.309833 0.010410 0.0500
85000 -1.301397 0.011239 0.0500
85100 -1.299063 0.011467 0.0500
85200 -1.307365 0.010549 0.0500
85300 -1.317094 0.009668 0.0500
85400 -1.316057 0.009723 0.0500
85500 -1.319111 0.009463 0.0500
85600 -1.328596 0.008822 0.0500
85700 -1.338408 0.008321 0.0500
85800 -1.344912 0.008063 0.0500
85900 -1.357464 0.007733 0.0500
86000 -1.362166 0.007644 0.0500
86100 -1.354027 0.007767 0.0500
86200 -1.348389 0.007889 0.0500
86300 -1.355069 0.007712 0.0500
86400 -1.360218 0.007606 0.0500
86500 -1.349372 0.007812 0.0500
86600 -1.330626 0.008535 0.0500
86700 -1.320834 0.009122 0.0500
86800 -1.326951 0.008701 0.0500
86900 -1.340079 0.008042 0.0500
87000 -1.335966 0.008194 0.0500
87100 -1.326865 0.008647 0.0500
87200 -1.320805 0.009018 0.0500
87300 -1.321373 0.008956 0.0500
87400 -1.313469 0.009540 0.0500
87500 -1.302512 0.010567 0.0500
87600 -1.288577 0.012259 0.0500
87700 -1.287044 0.012434 0.0500
87800 -1.283430 0.012922 0.0500
87900 -1.274524 0.014319 0.0500
88000 -1.266659 0.015701 0.0500
88100 -1.253829 0.018358 0.0500
88200 -1.245538 0.020327 0.0500
88300 -1.250620 0.018922 0.0500
88400 -1.262576 0.016191 0.0500
88500 -1.260317 0.016576 0.0500
88600 -1.236662 0.022466 0.0500
88700 -1.203969 0.037209 0.0500
88800 -1.198374 0.040719 0.0500
88900 -1.223247 0.026584 0.0500
89000 -1.226570 0.025118 0.0500
89100 -1.207068 0.034034 0.0500
89200 -1.195209 0.041779 0.0500
89300 -1.207996 0.032804 0.0500
89400 -1.228020 0.023781 0.0500
89500 -1.236046 0.021164 0.0500
89600 -1.216424 0.027958 0.0500
89700 -1.190687 0.043929 0.0500
89800 -1.182606 0.050994 0.0500
89900 -1.193733 0.040335 0.0500
90000 -1.220707 0.025168 0.0500
90100 -1.228724 0.022299 0.0500
90200 -1.215976 0.026697 0.0500
90300 -1.212849 0.027852 0.0500
90400 -1.228182 0.022000 0.0500
90500 -1.241023 0.018566 0.0500
90600 -1.227784 0.021875 0.0500
90700 -1.215655 0.025994 0.0500
90800 -1.223942 0.022780 0.0500
90900 -1.248782 0.016595 0.0500
91000 -1.246566 0.016932 0.0500
91100 -1.222934 0.022777 0.0500
91200 -1.202606 0.031658 0.0500
91300 -1.209134 0.027931 0.0500
91400 -1.225824 0.021385 0.0500
91500 -1.229451 0.020234 0.0500
91600 -1.212392 0.025942 0.0500
91700 -1.197981 0.033417 0.0500
91800 -1.201470 0.030968 0.0500
91900 -1.208390 0.027087 0.0500
92000 -1.201584 0.030406 0.0500
92100 -1.189756 0.038158 0.0500
92200 -1.190102 0.037481 0.0500
92300 -1.195288 0.033362 0.0500
92400 -1.191421 0.035754 0.0500
92500 -1.192963 0.034296 0.0500
92600 -1.202762 0.028087 0.0500
92700 -1.211471 0.023965 0.0500
92800 -1.207100 0.025620 0.0500
92900 -1.189742 0.035575 0.0500
93000 -1.188689 0.036017 0.0500
93100 -1.200223 0.028264 0.0500
93200 -1.223278 0.019384 0.0500
93300 -1.242717 0.015488 0.0500
93400 -1.249266 0.014510 0.0500
93500 -1.253298 0.013948 0.0500
93600 -1.257483 0.013408 0.0500
93700 -1.270289 0.012039 0.0500
93800 -1.273535 0.011694 0.0500
93900 -1.261978 0.012787 0.0500
94000 -1.262239 0.012715 0.0500
94100 -1.288816 0.010286 0.0500
94200 -1.304144 0.009176 0.0500
94300 -1.284207 0.010598 0.0500
94400 -1.276770 0.011196 0.0500
94500 -1.304957 0.009052 0.0500
94600 -1.340012 0.007551 0.0500
94700 -1.352659 0.007315 0.0500
94800 -1.346953 0.007381 0.0500
94900 -1.348265 0.007344 0.0500
95000 -1.357050 0.007228 0.0500
95100 -1.357666 0.007208 0.0500
95200 -1.354757 0.007219 0.0500
95300 -1.363727 0.007150 0.0500
95400 -1.376457 0.007165 0.0500
95500 -1.388119 0.007272 0.0500
95600 -1.391664 0.007311 0.0500
95700 -1.394388 0.007342 0.0500
95800 -1.401473 0.007469 0.0500
95900 -1.409252 0.007649 0.0500
96000 -1.407202 0.007577 0.0500
96100 -1.408565 0.007597 0.0500
96200 -1.417116 0.007844 0.0500
96300 -1.425834 0.008165 0.0500
96400 -1.420949 0.007947 0.0500
96500 -1.416030 0.007755 0.0500
96600 -1.421059 0.007917 0.0500
96700 -1.438385 0.008745 0.0500
96800 -1.450445 0.009605 0.0500
96900 -1.449144 0.009469 0.0500
97000 -1.452008 0.009690 0.0500
97100 -1.471403 0.011932 0.0500
97200 -1.480196 0.013343 0.0500
97300 -1.471777 0.011904 0.0500
97400 -1.465861 0.011050 0.0500
97500 -1.473711 0.012122 0.0500
97600 -1.484716 0.014025 0.0500
97700 -1.479439 0.012980 0.0500
97800 -1.471751 0.011698 0.0500
97900 -1.471463 0.011618 0.0500
98000 -1.478760 0.012732 0.0500
98100 -1.477451 0.012466 0.0500
98200 -1.464575 0.010601 0.0500
98300 -1.456567 0.009719 0.0500
98400 -1.454793 0.009530 0.0500
98500 -1.448466 0.008989 0.0500
98600 -1.445732 0.008772 0.0500
98700 -1.441857 0.008503 0.0500
98800 -1.444825 0.008670 0.0500
98900 -1.446740 0.008778 0.0500
99000 -1.455669 0.009470 0.0500
99100 -1.466830 0.010641 0.0500
99200 -1.480993 0.012749 0.0500
99300 -1.475894 0.011846 0.0500
99400 -1.462051 0.009987 0.0500
99500 -1.465075 0.010299 0.0500
99600 -1.486545 0.013649 0.0500
99700 -1.497383 0.016055 0.0500
99800 -1.488518 0.013942 0.0500
99900 -1.488690 0.013924 0.0500
100000 -1.504208 0.017676 0.0500
100100 -1.508755 0.018911 0.0500
100200 -1.498288 0.015928 0.0500
100300 -1.504469 0.017492 0.0500
100400 -1.525655 0.024263 0.0500
100500 -1.545548 0.031937 0.0500
100600 -1.540295 0.029488 0.0500
100700 -1.542294 0.030053 0.0500
100800 -1.554164 0.034840 0.0500
100900 -1.566714 0.040490 0.0500
101000 -1.560031 0.036772 0.0500
101100 -1.543213 0.029301 0.0500
101200 -1.549619 0.031606 0.0500
101300 -1.560680 0.036103 0.0500
101400 -1.552957 0.032381 0.0500
101500 -1.551426 0.031465 0.0500
101600 -1.570026 0.039656 0.0500
101700 -1.587544 0.050071 0.0500
101800 -1.572974 0.040247 0.0500
101900 -1.553751 0.031119 0.0500
102000 -1.568056 0.036992 0.0500
102100 -1.584177 0.045708 0.0500
102200 -1.574048 0.039149 0.0500
102300 -1.551403 0.029071 0.0500
102400 -1.557275 0.030991 0.0500
102500 -1.573030 0.037604 0.0500
102600 -1.569131 0.035332 0.0500
102700 -1.535902 0.023253 0.0500
102800 -1.520088 0.018907 0.0500
102900 -1.534575 0.022612 0.0500
103000 -1.543946 0.025204 0.0500
103100 -1.528700 0.020737 0.0500
103200 -1.519965 0.018441 0.0500
103300 -1.528378 0.020430 0.0500
103400 -1.533482 0.021656 0.0500
103500 -1.519564 0.018043 0.0500
103600 -1.508045 0.015456 0.0500
103700 -1.509997 0.015786 0.0500
103800 -1.509536 0.015623 0.0500
103900 -1.499033 0.013577 0.0500
104000 -1.485525 0.011454 0.0500
104100 -1.493282 0.012540 0.0500
104200 -1.496973 0.013089 0.0500
104300 -1.480322 0.010686 0.0500
104400 -1.466628 0.009285 0.0500
104500 -1.481904 0.010817 0.0500
104600 -1.493717 0.012417 0.0500
104700 -1.484168 0.011029 0.0500
104800 -1.469767 0.009448 0.0500
104900 -1.476437 0.010071 0.0500
105000 -1.491342 0.011917 0.0500
105100 -1.486257 0.011170 0.0500
105200 -1.475135 0.009846 0.0500
105300 -1.480080 0.010349 0.0500
105400 -1.500155 0.013179 0.0500
105500 -1.504731 0.013948 0.0500
105600 -1.486652 0.011045 0.0500
105700 -1.471366 0.009345 0.0500
105800 -1.470364 0.009233 0.0500
105900 -1.467893 0.009003 0.0500
106000 -1.453605 0.008050 0.0500
106100 -1.432867 0.007275 0.0500
106200 -1.435723 0.007333 0.0500
106300 -1.449011 0.007782 0.0500
106400 -1.441135 0.007464 0.0500
106500 -1.419043 0.006963 0.0500
106600 -1.413009 0.006879 0.0500
106700 -1.422096 0.006980 0.0500
106800 -1.423965 0.006997 0.0500
106900 -1.415694 0.006868 0.0500
107000 -1.417280 0.006874 0.0500
107100 -1.422580 0.006934 0.0500
107200 -1.421024 0.006897 0.0500
107300 -1.417938 0.006842 0.0500
107400 -1.405704 0.006715 0.0500
107500 -1.395692 0.006659 0.0500
107600 -1.404798 0.006685 0.0500
107700 -1.411460 0.006723 0.0500
107800 -1.403003 0.006650 0.0500
107900 -1.385045 0.006607 0.0500
108000 -1.372335 0.006652 0.0500
108100 -1.375765 0.006617 0.0500
108200 -1.381557 0.006579 0.0500
108300 -1.362331 0.006717 0.0500
108400 -1.340151 0.007171 0.0500
108500 -1.336074 0.007286 0.0500
108600 -1.343688 0.007042 0.0500
108700 -1.342874 0.007050 0.0500
108800 -1.328467 0.007527 0.0500
108900 -1.313729 0.008230 0.0500
109000 -1.311003 0.008368 0.0500
109100 -1.315585 0.008089 0.0500
109200 -1.321596 0.007765 0.0500
109300 -1.313873 0.008148 0.0500
109400 -1.300043 0.009003 0.0500
109500 -1.300532 0.008946 0.0500
109600 -1.307034 0.008493 0.0500
109700 -1.299042 0.009007 0.0500
109800 -1.274645 0.010999 0.0500
109900 -1.255365 0.012996 0.0500
110000 -1.266286 0.011744 0.0500
110100 -1.293155 0.009339 0.0500
110200 -1.293956 0.009255 0.0500
110300 -1.259275 0.012404 0.0500
110400 -1.230327 0.016741 0.0500
110500 -1.235187 0.015708 0.0500
110600 -1.256605 0.012565 0.0500
110700 -1.254595 0.012755 0.0500
110800 -1.244755 0.013989 0.0500
110900 -1.240211 0.014622 0.0500
111000 -1.254110 0.012668 0.0500
111100 -1.268727 0.011097 0.0500
111200 -1.265344 0.011386 0.0500
111300 -1.254515 0.012499 0.0500
111400 -1.256571 0.012222 0.0500
111500 -1.267623 0.011057 0.0500
111600 -1.268489 0.010942 0.0500
111700 -1.264559 0.011280 0.0500
111800 -1.275438 0.010267 0.0500
111900 -1.292828 0.008936 0.0500
112000 -1.297286 0.008627 0.0500
112100 -1.301259 0.008367 0.0500
112200 -1.310461 0.007852 0.0500
112300 -1.329704 0.007066 0.0500
112400 -1.333467 0.006942 0.0500
112500 -1.317167 0.007498 0.0500
112600 -1.318928 0.007409 0.0500
112700 -1.344992 0.006643 0.0500
112800 -1.369331 0.006390 0.0500
112900 -1.369488 0.006378 0.0500
113000 -1.360893 0.006412 0.0500
113100 -1.366958 0.006365 0.0500
113200 -1.395239 0.006396 0.0500
113300 -1.407668 0.006493 0.0500
113400 -1.405336 0.006457 0.0500
113500 -1.405388 0.006446 0.0500
113600 -1.400925 0.006393 0.0500
113700 -1.408867 0.006460 0.0500
113800 -1.436537 0.006998 0.0500
113900 -1.452708 0.007653 0.0500
114000 -1.455032 0.007765 0.0500
114100 -1.463980 0.008335 0.0500
114200 -1.475527 0.009329 0.0500
114300 -1.475617 0.009314 0.0500
114400 -1.466817 0.008492 0.0500
114500 -1.462360 0.008137 0.0500
114600 -1.476668 0.009356 0.0500
114700 -1.486326 0.010465 0.0500
114800 -1.479523 0.009611 0.0500
114900 -1.481418 0.009801 0.0500
115000 -1.509707 0.014271 0.0500
115100 -1.526029 0.017930 0.0500
115200 -1.519568 0.016281 0.0500
115300 -1.515855 0.015372 0.0500
115400 -1.531707 0.019155 0.0500
115500 -1.545916 0.023202 0.0500
115600 -1.536874 0.020345 0.0500
115700 -1.523757 0.016843 0.0500
115800 -1.535797 0.019839 0.0500
115900 -1.549080 0.023724 0.0500
116000 -1.537969 0.020202 0.0500
116100 -1.520081 0.015663 0.0500
116200 -1.527233 0.017231 0.0500
116300 -1.543380 0.021468 0.0500
116400 -1.532638 0.018381 0.0500
116500 -1.505577 0.012588 0.0500
116600 -1.514182 0.014107 0.0500
116700 -1.529332 0.017346 0.0500
116800 -1.520598 0.015286 0.0500
116900 -1.507821 0.012770 0.0500
117000 -1.513892 0.013823 0.0500
117100 -1.523803 0.015800 0.0500
117200 -1.512868 0.013519 0.0500
117300 -1.492249 0.010292 0.0500
117400 -1.485297 0.009463 0.0500
117500 -1.494495 0.010521 0.0500
117600 -1.508237 0.012546 0.0500
117700 -1.496401 0.010706 0.0500
117800 -1.479432 0.008785 0.0500
117900 -1.478901 0.008717 0.0500
118000 -1.483339 0.009110 0.0500
118100 -1.483649 0.009117 0.0500
118200 -1.483740 0.009103 0.0500
118300 -1.470942 0.008006 0.0500
118400 -1.461854 0.007437 0.0500
118500 -1.454740 0.007093 0.0500
118600 -1.450486 0.006918 0.0500
118700 -1.450497 0.006905 0.0500
118800 -1.450847 0.006904 0.0500
118900 -1.445620 0.006725 0.0500
119000 -1.446733 0.006745 0.0500
119100 -1.462483 0.007372 0.0500
119200 -1.462653 0.007366 0.0500
119300 -1.438422 0.006499 0.0500
119400 -1.423961 0.006273 0.0500
119500 -1.435518 0.006421 0.0500
119600 -1.452166 0.006851 0.0500
119700 -1.448929 0.006727 0.0500
119800 -1.430975 0.006313 0.0500
119900 -1.427556 0.006258 0.0500
120000 -1.450103 0.006731 0.0500
120100 -1.464655 0.007368 0.0500
120200 -1.450111 0.006705 0.0500
120300 -1.435755 0.006334 0.0500
120400 -1.451749 0.006738 0.0500
120500 -1.472023 0.007788 0.0500
120600 -1.461671 0.007139 0.0500
120700 -1.446360 0.006528 0.0500
120800 -1.447790 0.006557 0.0500
120900 -1.459067 0.006972 0.0500
121000 -1.457785 0.006901 0.0500
121100 -1.445930 0.006467 0.0500
121200 -1.436328 0.006244 0.0500
121300 -1.437195 0.006249 0.0500
121400 -1.452509 0.006642 0.0500
121500 -1.465736 0.007248 0.0500
121600 -1.461359 0.006995 0.0500
121700 -1.446785 0.006421 0.0500
121800 -1.430935 0.006102 0.0500
121900 -1.434499 0.006140 0.0500
122000 -1.449282 0.006463 0.0500
122100 -1.442138 0.006260 0.0500
122200 -1.432090 0.006075 0.0500
122300 -1.435795 0.006118 0.0500
122400 -1.440677 0.006197 0.0500
122500 -1.429091 0.006009 0.0500
122600 -1.411859 0.005909 0.0500
122700 -1.429789 0.005997 0.0500
122800 -1.446898 0.006309 0.0500
122900 -1.428161 0.005961 0.0500
123000 -1.388874 0.005930 0.0500
123100 -1.378068 0.005990 0.0500
123200 -1.404863 0.005857 0.0500
123300 -1.421638 0.005878 0.0500
123400 -1.386798 0.005905 0.0500
123500 -1.351888 0.006285 0.0500
123600 -1.368862 0.006031 0.0500
123700 -1.401294 0.005821 0.0500
123800 -1.398446 0.005819 0.0500
123900 -1.369764 0.005995 0.0500
124000 -1.356497 0.006161 0.0500
124100 -1.364850 0.006032 0.0500
124200 -1.371525 0.005948 0.0500
124300 -1.372213 0.005931 0.0500
124400 -1.364090 0.006011 0.0500
124500 -1.367015 0.005966 0.0500
124600 -1.382895 0.005819 0.0500
124700 -1.390770 0.005769 0.0500
124800 -1.393595 0.005749 0.0500
124900 -1.395751 0.005733 0.0500
125000 -1.404531 0.005711 0.0500
125100 -1.416987 0.005729 0.0500
125200 -1.419199 0.005732 0.0500
125300 -1.402895 0.005685 0.0500
125400 -1.393409 0.005697 0.0500
125500 -1.406085 0.005667 0.0500
125600 -1.420693 0.005707 0.0500
125700 -1.416658 0.005675 0.0500
125800 -1.407849 0.005642 0.0500
125900 -1.415468 0.005652 0.0500
126000 -1.439328 0.005927 0.0500
126100 -1.443591 0.006019 0.0500
126200 -1.423997 0.005680 0.0500
126300 -1.423029 0.005663 0.0500
126400 -1.448720 0.006144 0.0500
126500 -1.462706 0.006742 0.0500
126600 -1.453792 0.006307 0.0500
126700 -1.449087 0.006124 0.0500
126800 -1.460591 0.006594 0.0500
126900 -1.470641 0.007192 0.0500
127000 -1.476632 0.007641 0.0500
127100 -1.480643 0.007982 0.0500
127200 -1.481789 0.008074 0.0500
127300 -1.482587 0.008133 0.0500
127400 -1.489919 0.008909 0.0500
127500 -1.492309 0.009177 0.0500
127600 -1.479068 0.007746 0.0500
127700 -1.468220 0.006906 0.0500
127800 -1.475155 0.007387 0.0500
127900 -1.483795 0.008145 0.0500
128000 -1.487656 0.008534 0.0500
128100 -1.488592 0.008619 0.0500
128200 -1.495374 0.009431 0.0500
128300 -1.502671 0.010455 0.0500
128400 -1.508865 0.011445 0.0500
128500 -1.509294 0.011483 0.0500
128600 -1.503842 0.010540 0.0500
128700 -1.500609 0.010019 0.0500
128800 -1.511187 0.011718 0.0500
128900 -1.524604 0.014412 0.0500
129000 -1.528642 0.015301 0.0500
129100 -1.517020 0.012686 0.0500
129200 -1.517498 0.012736 0.0500
129300 -1.533447 0.016329 0.0500
129400 -1.541751 0.018548 0.0500
129500 -1.533970 0.016306 0.0500
129600 -1.527940 0.014754 0.0500
129700 -1.529663 0.015099 0.0500
129800 -1.532036 0.015612 0.0500
129900 -1.536625 0.016719 0.0500
130000 -1.540084 0.017585 0.0500
130100 -1.540991 0.017754 0.0500
130200 -1.535198 0.016109 0.0500
130300 -1.544541 0.018618 0.0500
130400 -1.558822 0.023403 0.0500
130500 -1.561732 0.024419 0.0500
130600 -1.558799 0.023084 0.0500
130700 -1.564465 0.025246 0.0500
130800 -1.576078 0.030791 0.0500
130900 -1.572460 0.028594 0.0500
131000 -1.563238 0.024154 0.0500
131100 -1.570263 0.027097 0.0500
131200 -1.580310 0.032305 0.0500
131300 -1.586277 0.035895 0.0500
131400 -1.594120 0.041556 0.0500
131500 -1.604611 0.051088 0.0500
131600 -1.602838 0.048515 0.0500
131700 -1.603260 0.048289 0.0500
131800 -1.620566 0.068978 0.0500
131900 -1.633860 0.089300 0.0500
132000 -1.629138 0.079080 0.0500
132100 -1.632160 0.082309 0.0500
132200 -1.643515 0.100617 0.0500
132300 -1.637358 0.086850 0.0500
132400 -1.622218 0.062307 0.0500
132500 -1.627732 0.068604 0.0500
132600 -1.644427 0.093916 0.0500
132700 -1.635150 0.076281 0.0500
132800 -1.616694 0.051397 0.0500
132900 -1.631059 0.067825 0.0500
133000 -1.655414 0.106610 0.0500
133100 -1.654413 0.101649 0.0500
133200 -1.653683 0.097511 0.0500
133300 -1.670964 0.126557 0.0500
133400 -1.680794 0.140428 0.0500
133500 -1.664784 0.106830 0.0500
133600 -1.652507 0.084431 0.0500
133700 -1.670746 0.111254 0.0500
133800 -1.681966 0.126782 0.0500
133900 -1.648028 0.072046 0.0500
134000 -1.632923 0.054372 0.0500
134100 -1.654409 0.077596 0.0500
134200 -1.663295 0.088002 0.0500
134300 -1.633423 0.051876 0.0500
134400 -1.617198 0.039152 0.0500
134500 -1.643249 0.059882 0.0500
134600 -1.658148 0.076053 0.0500
134700 -1.638841 0.053524 0.0500
134800 -1.627077 0.043347 0.0500
134900 -1.649005 0.062072 0.0500
135000 -1.671990 0.090365 0.0500
135100 -1.660714 0.072878 0.0500
135200 -1.643236 0.053030 0.0500
135300 -1.655739 0.064650 0.0500
135400 -1.661627 0.070257 0.0500
135500 -1.639371 0.047308 0.0500
135600 -1.621570 0.035495 0.0500
135700 -1.638852 0.045863 0.0500
135800 -1.660131 0.065079 0.0500
135900 -1.650322 0.053912 0.0500
136000 -1.629676 0.038041 0.0500
136100 -1.640488 0.044595 0.0500
136200 -1.666990 0.069726 0.0500
136300 -1.664671 0.065606 0.0500
136400 -1.633069 0.037973 0.0500
136500 -1.625101 0.033487 0.0500
136600 -1.633743 0.037607 0.0500
136700 -1.625545 0.033036 0.0500
136800 -1.596620 0.023340 0.0500
136900 -1.585351 0.020913 0.0500
137000 -1.609845 0.026526 0.0500
137100 -1.626239 0.032504 0.0500
137200 -1.610374 0.026264 0.0500
137300 -1.579283 0.019390 0.0500
137400 -1.580323 0.019449 0.0500
137500 -1.593783 0.021736 0.0500
137600 -1.581501 0.019416 0.0500
137700 -1.545576 0.014410 0.0500
137800 -1.539667 0.013582 0.0500
137900 -1.551771 0.015100 0.0500
138000 -1.545209 0.014191 0.0500
138100 -1.525583 0.011624 0.0500
138200 -1.520693 0.010981 0.0500
138300 -1.538228 0.013157 0.0500
138400 -1.528713 0.011901 0.0500
138500 -1.497921 0.008404 0.0500
138600 -1.480214 0.006994 0.0500
138700 -1.481833 0.007086 0.0500
138800 -1.479503 0.006922 0.0500
138900 -1.454392 0.005814 0.0500
139000 -1.429261 0.005438 0.0500
139100 -1.435079 0.005469 0.0500
139200 -1.449087 0.005662 0.0500
139300 -1.435537 0.005456 0.0500
139400 -1.410069 0.005405 0.0500
139500 -1.404002 0.005425 0.0500
139600 -1.416334 0.005372 0.0500
139700 -1.411635 0.005376 0.0500
139800 -1.398374 0.005436 0.0500
139900 -1.396172 0.005444 0.0500
140000 -1.396642 0.005432 0.0500
140100 -1.387484 0.005500 0.0500
140200 -1.377756 0.005594 0.0500
140300 -1.380459 0.005555 0.0500
140400 -1.385735 0.005491 0.0500
140500 -1.380587 0.005536 0.0500
140600 -1.366186 0.005719 0.0500
140700 -1.358455 0.005844 0.0500
140800 -1.355795 0.005887 0.0500
140900 -1.343878 0.006161 0.0500
141000 -1.329872 0.006606 0.0500
141100 -1.310260 0.007504 0.0500
141200 -1.295200 0.008425 0.0500
141300 -1.314457 0.007249 0.0500
141400 -1.329895 0.006555 0.0500
141500 -1.315433 0.007173 0.0500
141600 -1.284171 0.009178 0.0500
141700 -1.279979 0.009494 0.0500
141800 -1.311333 0.007339 0.0500
141900 -1.316851 0.007045 0.0500
142000 -1.274724 0.009889 0.0500
142100 -1.250034 0.012481 0.0500
142200 -1.273832 0.009910 0.0500
142300 -1.310223 0.007325 0.0500
142400 -1.303611 0.007680 0.0500
142500 -1.275330 0.009718 0.0500
142600 -1.279668 0.009326 0.0500
142700 -1.310281 0.007260 0.0500
142800 -1.306328 0.007458 0.0500
142900 -1.275800 0.009594 0.0500
143000 -1.264508 0.010617 0.0500
143100 -1.292763 0.008243 0.0500
143200 -1.320941 0.006696 0.0500
143300 -1.312232 0.007075 0.0500
143400 -1.292056 0.008244 0.0500
143500 -1.300854 0.007662 0.0500
143600 -1.335249 0.006152 0.0500
143700 -1.354247 0.005716 0.0500
143800 -1.340441 0.005993 0.0500
143900 -1.328727 0.006325 0.0500
144000 -1.330285 0.006262 0.0500
144100 -1.336161 0.006075 0.0500
144200 -1.342984 0.005891 0.0500
144300 -1.342860 0.005884 0.0500
144400 -1.339124 0.005966 0.0500
144500 -1.347250 0.005770 0.0500
144600 -1.351160 0.005687 0.0500
144700 -1.345870 0.005780 0.0500
144800 -1.329207 0.006218 0.0500
144900 -1.323479 0.006412 0.0500
145000 -1.332656 0.006087 0.0500
145100 -1.346954 0.005721 0.0500
145200 -1.355904 0.005557 0.0500
145300 -1.346125 0.005720 0.0500
145400 -1.331015 0.006100 0.0500
145500 -1.331319 0.006080 0.0500
145600 -1.341603 0.005790 0.0500
145700 -1.333598 0.005991 0.0500
145800 -1.310257 0.006913 0.0500
145900 -1.307520 0.007043 0.0500
146000 -1.329709 0.006080 0.0500
146100 -1.346735 0.005636 0.0500
146200 -1.331537 0.006003 0.0500
146300 -1.309718 0.006884 0.0500
146400 -1.310554 0.006828 0.0500
146500 -1.332205 0.005952 0.0500
146600 -1.342079 0.005687 0.0500
146700 -1.333275 0.005901 0.0500
146800 -1.324784 0.006168 0.0500
146900 -1.330048 0.005979 0.0500
147000 -1.342095 0.005651 0.0500
147100 -1.341540 0.005654 0.0500
147200 -1.326315 0.006074 0.0500
147300 -1.328360 0.005995 0.0500
147400 -1.337594 0.005719 0.0500
147500 -1.345664 0.005534 0.0500
147600 -1.341598 0.005608 0.0500
147700 -1.324321 0.006098 0.0500
147800 -1.318733 0.006308 0.0500
147900 -1.323184 0.006119 0.0500
148000 -1.325311 0.006031 0.0500
148100 -1.321447 0.006165 0.0500
148200 -1.309470 0.006699 0.0500
148300 -1.310718 0.006623 0.0500
148400 -1.330335 0.005825 0.0500
148500 -1.332577 0.005750 0.0500
148600 -1.317583 0.006271 0.0500
148700 -1.304626 0.006906 0.0500
148800 -1.306871 0.006768 0.0500
148900 -1.316091 0.006301 0.0500
149000 -1.320158 0.006120 0.0500
149100 -1.312982 0.006422 0.0500
149200 -1.306830 0.006723 0.0500
149300 -1.315431 0.006286 0.0500
149400 -1.325469 0.005882 0.0500
149500 -1.312257 0.006411 0.0500
149600 -1.300860 0.007019 0.0500
149700 -1.304266 0.006805 0.0500
149800 -1.325457 0.005842 0.0500
149900 -1.328210 0.005744 0.0500
150000 -1.311600 0.006387 0.0500
150100 -1.299721 0.007030 0.0500
150200 -1.309225 0.006481 0.0500
150300 -1.319003 0.006028 0.0500
150400 -1.320135 0.005974 0.0500
150500 -1.313295 0.006252 0.0500
150600 -1.314265 0.006197 0.0500
150700 -1.331496 0.005575 0.0500
150800 -1.344626 0.005289 0.0500
150900 -1.337859 0.005406 0.0500
151000 -1.327153 0.005675 0.0500
151100 -1.341365 0.005321 0.0500
151200 -1.362548 0.005074 0.0500
151300 -1.364887 0.005055 0.0500
151400 -1.351516 0.005150 0.0500
151500 -1.342228 0.005276 0.0500
151600 -1.351479 0.005136 0.0500
151700 -1.356286 0.005082 0.0500
151800 -1.358773 0.005055 0.0500
151900 -1.360793 0.005035 0.0500
152000 -1.351049 0.005112 0.0500
152100 -1.358266 0.005038 0.0500
152200 -1.377121 0.004967 0.0500
152300 -1.377217 0.004960 0.0500
152400 -1.361785 0.004995 0.0500
152500 -1.356155 0.005027 0.0500
152600 -1.373083 0.004943 0.0500
152700 -1.386392 0.004941 0.0500
152800 -1.368645 0.004939 0.0500
152900 -1.353658 0.005025 0.0500
153000 -1.369884 0.004922 0.0500
153100 -1.386423 0.004916 0.0500
153200 -1.374884 0.004901 0.0500
153300 -1.349664 0.005045 0.0500
153400 -1.348839 0.005049 0.0500
153500 -1.359280 0.004937 0.0500
153600 -1.360702 0.004921 0.0500
153700 -1.353448 0.004974 0.0500
153800 -1.343405 0.005104 0.0500
153900 -1.341803 0.005125 0.0500
154000 -1.337581 0.005204 0.0500
154100 -1.333065 0.005305 0.0500
154200 -1.345226 0.005045 0.0500
154300 -1.368481 0.004844 0.0500
154400 -1.369189 0.004836 0.0500
154500 -1.360750 0.004862 0.0500
154600 -1.356707 0.004884 0.0500
154700 -1.357705 0.004869 0.0500
154800 -1.352798 0.004906 0.0500
154900 -1.341605 0.005061 0.0500
155000 -1.333847 0.005226 0.0500
155100 -1.340190 0.005074 0.0500
155200 -1.350830 0.004901 0.0500
155300 -1.352847 0.004872 0.0500
155400 -1.346353 0.004947 0.0500
155500 -1.350830 0.004881 0.0500
155600 -1.355474 0.004828 0.0500
155700 -1.346417 0.004926 0.0500
155800 -1.332571 0.005204 0.0500
155900 -1.329400 0.005287 0.0500
156000 -1.333743 0.005158 0.0500
156100 -1.344779 0.004923 0.0500
156200 -1.341112 0.004980 0.0500
156300 -1.322360 0.005495 0.0500
156400 -1.318613 0.005635 0.0500
156500 -1.338744 0.005006 0.0500
156600 -1.364291 0.004718 0.0500
156700 -1.364167 0.004712 0.0500
156800 -1.331644 0.005159 0.0500
156900 -1.315047 0.005758 0.0500
157000 -1.342359 0.004904 0.0500
157100 -1.371953 0.004681 0.0500
157200 -1.359925 0.004701 0.0500
157300 -1.320723 0.005491 0.0500
157400 -1.298530 0.006654 0.0500
157500 -1.309915 0.005966 0.0500
157600 -1.331021 0.005120 0.0500
157700 -1.322270 0.005397 0.0500
157800 -1.299650 0.006540 0.0500
157900 -1.310191 0.005915 0.0500
158000 -1.346398 0.004779 0.0500
158100 -1.358410 0.004662 0.0500
158200 -1.325374 0.005250 0.0500
158300 -1.298232 0.006593 0.0500
158400 -1.304439 0.006192 0.0500
158500 -1.335657 0.004940 0.0500
158600 -1.340555 0.004834 0.0500
158700 -1.325549 0.005206 0.0500
158800 -1.314444 0.005636 0.0500
158900 -1.329168 0.005079 0.0500
159000 -1.347904 0.004699 0.0500
159100 -1.357625 0.004612 0.0500
159200 -1.348846 0.004676 0.0500
159300 -1.343313 0.004743 0.0500
159400 -1.364606 0.004573 0.0500
159500 -1.379575 0.004597 0.0500
159600 -1.359977 0.004573 0.0500
159700 -1.340042 0.004776 0.0500
159800 -1.361829 0.004556 0.0500
159900 -1.397036 0.004690 0.0500
160000 -1.398143 0.004693 0.0500
160100 -1.371464 0.004537 0.0500
160200 -1.377782 0.004551 0.0500
160300 -1.420413 0.004896 0.0500
160400 -1.429917 0.005018 0.0500
160500 -1.396804 0.004654 0.0500
160600 -1.385226 0.004568 0.0500
160700 -1.420675 0.004876 0.0500
160800 -1.434034 0.005061 0.0500
160900 -1.398646 0.004646 0.0500
161000 -1.378824 0.004516 0.0500
161100 -1.403998 0.004680 0.0500
161200 -1.435980 0.005075 0.0500
161300 -1.424999 0.004895 0.0500
161400 -1.398108 0.004614 0.0500
161500 -1.404742 0.004663 0.0500
161600 -1.426531 0.004898 0.0500
161700 -1.430729 0.004954 0.0500
161800 -1.408472 0.004679 0.0500
161900 -1.391509 0.004539 0.0500
162000 -1.415869 0.004742 0.0500
162100 -1.440180 0.005104 0.0500
162200 -1.428610 0.004891 0.0500
162300 -1.405132 0.004621 0.0500
162400 -1.406810 0.004629 0.0500
162500 -1.426151 0.004837 0.0500
162600 -1.431599 0.004913 0.0500
162700 -1.414336 0.004683 0.0500
162800 -1.394341 0.004511 0.0500
162900 -1.405991 0.004593 0.0500
163000 -1.432592 0.004906 0.0500
163100 -1.430259 0.004862 0.0500
163200 -1.403703 0.004558 0.0500
163300 -1.393229 0.004478 0.0500
163400 -1.411938 0.004619 0.0500
163500 -1.421436 0.004716 0.0500
163600 -1.415286 0.004640 0.0500
163700 -1.402878 0.004523 0.0500
163800 -1.416894 0.004646 0.0500
163900 -1.442687 0.005058 0.0500
164000 -1.450805 0.005269 0.0500
164100 -1.429315 0.004788 0.0500
164200 -1.416758 0.004621 0.0500
164300 -1.441567 0.005005 0.0500
164400 -1.461420 0.005625 0.0500
164500 -1.440212 0.004961 0.0500
164600 -1.411238 0.004546 0.0500
164700 -1.413724 0.004563 0.0500
164800 -1.434346 0.004828 0.0500
164900 -1.425609 0.004686 0.0500
165000 -1.398033 0.004426 0.0500
165100 -1.398411 0.004423 0.0500
165200 -1.429445 0.004725 0.0500
165300 -1.433640 0.004787 0.0500
165400 -1.419629 0.004584 0.0500
165500 -1.421508 0.004600 0.0500
165600 -1.441743 0.004932 0.0500
165700 -1.444989 0.005003 0.0500
165800 -1.425220 0.004628 0.0500
165900 -1.432982 0.004739 0.0500
166000 -1.446732 0.005029 0.0500
166100 -1.452455 0.005191 0.0500
166200 -1.450876 0.005134 0.0500
166300 -1.454194 0.005234 0.0500
166400 -1.463350 0.005586 0.0500
166500 -1.450675 0.005105 0.0500
166600 -1.432294 0.004683 0.0500
166700 -1.439386 0.004807 0.0500
166800 -1.451310 0.005105 0.0500
166900 -1.448818 0.005024 0.0500
167000 -1.437846 0.004756 0.0500
167100 -1.435648 0.004709 0.0500
167200 -1.448773 0.005002 0.0500
167300 -1.448743 0.004994 0.0500
167400 -1.432288 0.004634 0.0500
167500 -1.416106 0.004436 0.0500
167600 -1.431238 0.004606 0.0500
167700 -1.461239 0.005407 0.0500
167800 -1.463467 0.005496 0.0500
167900 -1.447820 0.004930 0.0500
168000 -1.434197 0.004629 0.0500
168100 -1.443976 0.004819 0.0500
168200 -1.466335 0.005601 0.0500
168300 -1.460875 0.005347 0.0500
168400 -1.427538 0.004509 0.0500
168500 -1.418068 0.004403 0.0500
168600 -1.449794 0.004941 0.0500
168700 -1.486212 0.006836 0.0500
168800 -1.478576 0.006263 0.0500
168900 -1.446795 0.004838 0.0500
169000 -1.442516 0.004729 0.0500
169100 -1.457607 0.005163 0.0500
169200 -1.462007 0.005330 0.0500
169300 -1.449264 0.004878 0.0500
169400 -1.448775 0.004857 0.0500
169500 -1.464171 0.005403 0.0500
169600 -1.482031 0.006439 0.0500
169700 -1.480560 0.006323 0.0500
169800 -1.469745 0.005649 0.0500
169900 -1.476065 0.006005 0.0500
170000 -1.493553 0.007340 0.0500
170100 -1.502230 0.008182 0.0500
170200 -1.499613 0.007893 0.0500
170300 -1.497951 0.007709 0.0500
170400 -1.507350 0.008686 0.0500
170500 -1.510233 0.008995 0.0500
170600 -1.493896 0.007274 0.0500
170700 -1.487769 0.006736 0.0500
170800 -1.500103 0.007839 0.0500
170900 -1.517879 0.009842 0.0500
171000 -1.517357 0.009750 0.0500
171100 -1.508746 0.008703 0.0500
171200 -1.510068 0.008832 0.0500
171300 -1.517425 0.009685 0.0500
171400 -1.510526 0.008839 0.0500
171500 -1.493256 0.007071 0.0500
171600 -1.487698 0.006600 0.0500
171700 -1.500890 0.007755 0.0500
171800 -1.515335 0.009330 0.0500
171900 -1.507281 0.008384 0.0500
172000 -1.493146 0.006987 0.0500
172100 -1.503970 0.007997 0.0500
172200 -1.517839 0.009550 0.0500
172300 -1.521058 0.009922 0.0500
172400 -1.507012 0.008257 0.0500
172500 -1.496313 0.007185 0.0500
172600 -1.509520 0.008494 0.0500
172700 -1.526561 0.010533 0.0500
172800 -1.514502 0.009014 0.0500
172900 -1.501911 0.007641 0.0500
173000 -1.516963 0.009262 0.0500
173100 -1.527369 0.010534 0.0500
173200 -1.511574 0.008592 0.0500
173300 -1.500094 0.007396 0.0500
173400 -1.507252 0.008089 0.0500
173500 -1.517261 0.009187 0.0500
173600 -1.516713 0.009099 0.0500
173700 -1.508596 0.008171 0.0500
173800 -1.510233 0.008327 0.0500
173900 -1.522348 0.009710 0.0500
174000 -1.522849 0.009746 0.0500
174100 -1.514547 0.008738 0.0500
174200 -1.519524 0.009294 0.0500
174300 -1.536423 0.011420 0.0500
174400 -1.540836 0.011980 0.0500
174500 -1.528712 0.010341 0.0500
174600 -1.519745 0.009213 0.0500
174700 -1.528458 0.010252 0.0500
174800 -1.528311 0.010205 0.0500
174900 -1.517053 0.008829 0.0500
175000 -1.512815 0.008342 0.0500
175100 -1.525502 0.009781 0.0500
175200 -1.522003 0.009333 0.0500
175300 -1.502940 0.007307 0.0500
175400 -1.496861 0.006770 0.0500
175500 -1.495135 0.006620 0.0500
175600 -1.498457 0.006876 0.0500
175700 -1.495075 0.006591 0.0500
175800 -1.496942 0.006726 0.0500
175900 -1.501848 0.007127 0.0500
176000 -1.513467 0.008243 0.0500
176100 -1.516836 0.008588 0.0500
176200 -1.511678 0.008017 0.0500
176300 -1.507785 0.007611 0.0500
176400 -1.517733 0.008630 0.0500
176500 -1.518652 0.008712 0.0500
176600 -1.502668 0.007089 0.0500
176700 -1.494336 0.006401 0.0500
176800 -1.509715 0.007719 0.0500
176900 -1.519512 0.008738 0.0500
177000 -1.501798 0.006956 0.0500
177100 -1.488213 0.005932 0.0500
177200 -1.497679 0.006594 0.0500
177300 -1.515053 0.008188 0.0500
177400 -1.525514 0.009352 0.0500
177500 -1.511895 0.007823 0.0500
177600 -1.503076 0.006982 0.0500
177700 -1.530083 0.009849 0.0500
177800 -1.546536 0.012004 0.0500
177900 -1.521403 0.008761 0.0500
178000 -1.506074 0.007182 0.0500
178100 -1.532767 0.010086 0.0500
178200 -1.547181 0.011978 0.0500
178300 -1.529727 0.009648 0.0500
178400 -1.512108 0.007678 0.0500
178500 -1.518161 0.008280 0.0500
178600 -1.522817 0.008771 0.0500
178700 -1.502430 0.006760 0.0500
178800 -1.488205 0.005746 0.0500
178900 -1.483394 0.005469 0.0500
179000 -1.481277 0.005354 0.0500
179100 -1.481656 0.005364 0.0500
179200 -1.482351 0.005391 0.0500
179300 -1.472414 0.004949 0.0500
179400 -1.449468 0.004371 0.0500
179500 -1.441963 0.004275 0.0500
179600 -1.455332 0.004459 0.0500
179700 -1.467772 0.004767 0.0500
179800 -1.461220 0.004577 0.0500
179900 -1.452031 0.004384 0.0500
180000 -1.452038 0.004378 0.0500
180100 -1.453854 0.004404 0.0500
180200 -1.447298 0.004299 0.0500
180300 -1.435545 0.004184 0.0500
180400 -1.426147 0.004139 0.0500
180500 -1.421173 0.004124 0.0500
180600 -1.419831 0.004117 0.0500
180700 -1.418143 0.004111 0.0500
180800 -1.405928 0.004108 0.0500
180900 -1.396492 0.004114 0.0500
181000 -1.394613 0.004113 0.0500
181100 -1.387233 0.004124 0.0500
181200 -1.371601 0.004180 0.0500
181300 -1.369377 0.004189 0.0500
181400 -1.372615 0.004165 0.0500
181500 -1.380305 0.004126 0.0500
181600 -1.388045 0.004099 0.0500
181700 -1.386078 0.004099 0.0500
181800 -1.380103 0.004113 0.0500
181900 -1.385836 0.004090 0.0500
182000 -1.382075 0.004097 0.0500
182100 -1.367189 0.004167 0.0500
182200 -1.366344 0.004168 0.0500
182300 -1.387819 0.004067 0.0500
182400 -1.399603 0.004045 0.0500
182500 -1.377676 0.004090 0.0500
182600 -1.361860 0.004189 0.0500
182700 -1.378900 0.004076 0.0500
182800 -1.397234 0.004030 0.0500
182900 -1.377478 0.004073 0.0500
183000 -1.349211 0.004336 0.0500
183100 -1.359667 0.004189 0.0500
183200 -1.381709 0.004044 0.0500
183300 -1.379408 0.004047 0.0500
183400 -1.346657 0.004363 0.0500
183500 -1.327379 0.004869 0.0500
183600 -1.351797 0.004266 0.0500
183700 -1.384563 0.004016 0.0500
183800 -1.370365 0.004069 0.0500
183900 -1.342443 0.004424 0.0500
184000 -1.354882 0.004204 0.0500
184100 -1.376974 0.004023 0.0500
184200 -1.377214 0.004018 0.0500
184300 -1.356346 0.004172 0.0500
184400 -1.350675 0.004247 0.0500
184500 -1.362280 0.004099 0.0500
184600 -1.367770 0.004050 0.0500
184700 -1.340700 0.004426 0.0500
184800 -1.311559 0.005512 0.0500
184900 -1.314667 0.005343 0.0500
185000 -1.335087 0.004552 0.0500
185100 -1.351921 0.004194 0.0500
185200 -1.331542 0.004646 0.0500
185300 -1.308491 0.005647 0.0500
185400 -1.305189 0.005834 0.0500
185500 -1.316935 0.005191 0.0500
185600 -1.319057 0.005087 0.0500
185700 -1.310357 0.005509 0.0500
185800 -1.293471 0.006604 0.0500
185900 -1.297728 0.006280 0.0500
186000 -1.312035 0.005393 0.0500
186100 -1.315075 0.005232 0.0500
186200 -1.300185 0.006082 0.0500
186300 -1.288593 0.006938 0.0500
186400 -1.289537 0.006847 0.0500
186500 -1.282086 0.007474 0.0500
186600 -1.276497 0.007987 0.0500
186700 -1.276306 0.007988 0.0500
186800 -1.284855 0.007181 0.0500
186900 -1.277785 0.007811 0.0500
187000 -1.281043 0.007489 0.0500
187100 -1.288754 0.006812 0.0500
187200 -1.290370 0.006670 0.0500
187300 -1.281159 0.007435 0.0500
187400 -1.264623 0.009119 0.0500
187500 -1.261129 0.009510 0.0500
187600 -1.276645 0.007804 0.0500
187700 -1.293074 0.006398 0.0500
187800 -1.296190 0.006165 0.0500
187900 -1.288647 0.006712 0.0500
188000 -1.289933 0.006599 0.0500
188100 -1.309205 0.005348 0.0500
188200 -1.312856 0.005159 0.0500
188300 -1.291372 0.006460 0.0500
188400 -1.275335 0.007828 0.0500
188500 -1.288592 0.006648 0.0500
188600 -1.302340 0.005687 0.0500
188700 -1.286935 0.006757 0.0500
188800 -1.278420 0.007480 0.0500
188900 -1.285098 0.006880 0.0500
189000 -1.294807 0.006130 0.0500
189100 -1.287552 0.006657 0.0500
189200 -1.271856 0.008061 0.0500
189300 -1.269774 0.008259 0.0500
189400 -1.287808 0.006596 0.0500
189500 -1.295065 0.006055 0.0500
189600 -1.286117 0.006706 0.0500
189700 -1.287039 0.006620 0.0500
189800 -1.297029 0.005893 0.0500
189900 -1.294894 0.006024 0.0500
190000 -1.280011 0.007173 0.0500
190100 -1.267923 0.008341 0.0500
190200 -1.274916 0.007611 0.0500
190300 -1.275357 0.007553 0.0500
190400 -1.257079 0.009562 0.0500
190500 -1.238904 0.012343 0.0500
190600 -1.242551 0.011651 0.0500
190700 -1.257547 0.009417 0.0500
190800 -1.251510 0.010196 0.0500
190900 -1.229308 0.014195 0.0500
191000 -1.216804 0.017641 0.0500
191100 -1.230849 0.013720 0.0500
191200 -1.242942 0.011350 0.0500
191300 -1.227678 0.014361 0.0500
191400 -1.201016 0.024050 0.0500
191500 -1.198150 0.025477 0.0500
191600 -1.213947 0.018113 0.0500
191700 -1.223189 0.015189 0.0500
191800 -1.222559 0.015294 0.0500
191900 -1.208461 0.019956 0.0500
192000 -1.197420 0.025268 0.0500
192100 -1.198080 0.024714 0.0500
192200 -1.206625 0.020340 0.0500
192300 -1.228591 0.013441 0.0500
192400 -1.244499 0.010562 0.0500
192500 -1.233542 0.012347 0.0500
192600 -1.221287 0.015071 0.0500
192700 -1.230182 0.012916 0.0500
192800 -1.257966 0.008748 0.0500
192900 -1.265440 0.007968 0.0500
193000 -1.247632 0.009944 0.0500
193100 -1.240417 0.010954 0.0500
193200 -1.265574 0.007896 0.0500
193300 -1.308940 0.004999 0.0500
193400 -1.320876 0.004557 0.0500
193500 -1.303810 0.005217 0.0500
193600 -1.289348 0.006009 0.0500
193700 -1.305430 0.005125 0.0500
193800 -1.335305 0.004181 0.0500
193900 -1.334247 0.004196 0.0500
194000 -1.307868 0.005000 0.0500
194100 -1.303281 0.005201 0.0500
194200 -1.336899 0.004133 0.0500
194300 -1.369226 0.003866 0.0500
194400 -1.373127 0.003859 0.0500
194500 -1.351944 0.003934 0.0500
194600 -1.331630 0.004218 0.0500
194700 -1.335605 0.004135 0.0500
194800 -1.359129 0.003876 0.0500
194900 -1.372000 0.003840 0.0500
195000 -1.363380 0.003851 0.0500
195100 -1.356993 0.003875 0.0500
195200 -1.357831 0.003866 0.0500
195300 -1.365538 0.003833 0.0500
195400 -1.367188 0.003826 0.0500
195500 -1.357821 0.003854 0.0500
195600 -1.341988 0.003997 0.0500
195700 -1.344275 0.003962 0.0500
195800 -1.366502 0.003811 0.0500
195900 -1.385786 0.003815 0.0500
196000 -1.384263 0.003808 0.0500
196100 -1.364145 0.003805 0.0500
196200 -1.368488 0.003792 0.0500
196300 -1.388394 0.003806 0.0500
196400 -1.392864 0.003813 0.0500
196500 -1.386903 0.003794 0.0500
196600 -1.390531 0.003799 0.0500
196700 -1.402681 0.003833 0.0500
196800 -1.402506 0.003828 0.0500
196900 -1.398681 0.003811 0.0500
197000 -1.394960 0.003795 0.0500
197100 -1.399944 0.003807 0.0500
197200 -1.398292 0.003798 0.0500
197300 -1.401296 0.003804 0.0500
197400 -1.405901 0.003816 0.0500
197500 -1.407320 0.003817 0.0500
197600 -1.404944 0.003804 0.0500
197700 -1.411406 0.003826 0.0500
197800 -1.414844 0.003837 0.0500
197900 -1.405999 0.003796 0.0500
198000 -1.397179 0.003763 0.0500
198100 -1.401292 0.003772 0.0500
198200 -1.419472 0.003845 0.0500
198300 -1.418129 0.003834 0.0500
198400 -1.404268 0.003770 0.0500
198500 -1.406494 0.003774 0.0500
198600 -1.419785 0.003831 0.0500
198700 -1.423614 0.003850 0.0500
198800 -1.403469 0.003752 0.0500
198900 -1.387449 0.003707 0.0500
199000 -1.390401 0.003708 0.0500
199100 -1.390445 0.003704 0.0500
199200 -1.378860 0.003687 0.0500
199300 -1.370646 0.003689 0.0500
199400 -1.374700 0.003680 0.0500
199500 -1.384911 0.003680 0.0500
199600 -1.381794 0.003673 0.0500
199700 -1.379658 0.003668 0.0500
199800 -1.385208 0.003669 0.0500
199900 -1.403497 0.003713 0.0500
200000 -1.416720 0.003768 0.0500
200100 -1.421228 0.003791 0.0500
200200 -1.417781 0.003766 0.0500
200300 -1.409463 0.003721 0.0500
200400 -1.405276 0.003701 0.0500
200500 -1.406483 0.003701 0.0500
200600 -1.410518 0.003714 0.0500
200700 -1.416066 0.003738 0.0500
200800 -1.429391 0.003824 0.0500
200900 -1.443109 0.003977 0.0500
201000 -1.444857 0.003999 0.0500
201100 -1.442572 0.003960 0.0500
201200 -1.450129 0.004082 0.0500
201300 -1.447893 0.004036 0.0500
201400 -1.443827 0.003966 0.0500
201500 -1.444795 0.003976 0.0500
201600 -1.444040 0.003960 0.0500
201700 -1.443147 0.003942 0.0500
201800 -1.440667 0.003904 0.0500
201900 -1.422494 0.003730 0.0500
202000 -1.407131 0.003654 0.0500
202100 -1.424174 0.003734 0.0500
202200 -1.448951 0.004018 0.0500
202300 -1.441265 0.003892 0.0500
202400 -1.414515 0.003669 0.0500
202500 -1.417379 0.003679 0.0500
202600 -1.436927 0.003827 0.0500
202700 -1.437926 0.003834 0.0500
202800 -1.421778 0.003692 0.0500
202900 -1.406036 0.003620 0.0500
203000 -1.421735 0.003684 0.0500
203100 -1.452221 0.004049 0.0500
203200 -1.449409 0.003989 0.0500
203300 -1.412082 0.003628 0.0500
203400 -1.401529 0.003593 0.0500
203500 -1.427669 0.003706 0.0500
203600 -1.430061 0.003722 0.0500
203700 -1.398048 0.003576 0.0500
203800 -1.378175 0.003569 0.0500
203900 -1.406430 0.003588 0.0500
204000 -1.432706 0.003733 0.0500
204100 -1.418670 0.003629 0.0500
204200 -1.394752 0.003555 0.0500
204300 -1.400449 0.003560 0.0500
204400 -1.419901 0.003625 0.0500
204500 -1.422329 0.003636 0.0500
204600 -1.401038 0.003551 0.0500
204700 -1.397895 0.003542 0.0500
204800 -1.421668 0.003622 0.0500
204900 -1.443643 0.003839 0.0500
205000 -1.423548 0.003626 0.0500
205100 -1.385920 0.003524 0.0500
205200 -1.384777 0.003521 0.0500
205300 -1.402948 0.003532 0.0500
205400 -1.402794 0.003528 0.0500
205500 -1.388412 0.003509 0.0500
205600 -1.385031 0.003507 0.0500
205700 -1.396764 0.003508 0.0500
205800 -1.402853 0.003515 0.0500
205900 -1.397430 0.003502 0.0500
206000 -1.392211 0.003493 0.0500
206100 -1.394749 0.003492 0.0500
206200 -1.393569 0.003488 0.0500
206300 -1.398146 0.003489 0.0500
206400 -1.395804 0.003483 0.0500
206500 -1.398972 0.003484 0.0500
206600 -1.417320 0.003540 0.0500
206700 -1.421742 0.003562 0.0500
206800 -1.409096 0.003499 0.0500
206900 -1.395300 0.003466 0.0500
207000 -1.407932 0.003488 0.0500
207100 -1.435590 0.003671 0.0500
207200 -1.430800 0.003617 0.0500
207300 -1.407268 0.003477 0.0500
207400 -1.406705 0.003472 0.0500
207500 -1.425395 0.003561 0.0500
207600 -1.406960 0.003466 0.0500
207700 -1.379787 0.003452 0.0500
207800 -1.377099 0.003456 0.0500
207900 -1.403028 0.003447 0.0500
208000 -1.413460 0.003477 0.0500
208100 -1.392083 0.003427 0.0500
208200 -1.384013 0.003429 0.0500
208300 -1.412270 0.003463 0.0500
208400 -1.439709 0.003687 0.0500
208500 -1.433078 0.003601 0.0500
208600 -1.420784 0.003496 0.0500
208700 -1.429157 0.003556 0.0500
208800 -1.458122 0.004043 0.0500
208900 -1.470523 0.004453 0.0500
209000 -1.445018 0.003747 0.0500
209100 -1.413549 0.003444 0.0500
209200 -1.422375 0.003487 0.0500
209300 -1.448636 0.003803 0.0500
209400 -1.457025 0.003990 0.0500
209500 -1.438291 0.003628 0.0500
209600 -1.428378 0.003518 0.0500
209700 -1.454267 0.003910 0.0500
209800 -1.471762 0.004469 0.0500
209900 -1.472072 0.004476 0.0500
210000 -1.454456 0.003901 0.0500
210100 -1.443228 0.003676 0.0500
210200 -1.449776 0.003790 0.0500
210300 -1.476348 0.004648 0.0500
210400 -1.490802 0.005469 0.0500
210500 -1.469514 0.004343 0.0500
210600 -1.457995 0.003964 0.0500
210700 -1.483440 0.004992 0.0500
210800 -1.512947 0.007331 0.0500
210900 -1.491071 0.005450 0.0500
211000 -1.461855 0.004054 0.0500
211100 -1.461699 0.004045 0.0500
211200 -1.494144 0.005647 0.0500
211300 -1.506802 0.006684 0.0500
211400 -1.482514 0.004892 0.0500
211500 -1.477854 0.004646 0.0500
211600 -1.514917 0.007461 0.0500
211700 -1.525858 0.008687 0.0500
211800 -1.486306 0.005078 0.0500
211900 -1.470778 0.004313 0.0500
212000 -1.508800 0.006800 0.0500
212100 -1.536688 0.010019 0.0500
212200 -1.507388 0.006638 0.0500
212300 -1.483434 0.004876 0.0500
212400 -1.509429 0.006810 0.0500
212500 -1.533348 0.009511 0.0500
212600 -1.502023 0.006122 0.0500
212700 -1.465186 0.004074 0.0500
212800 -1.474101 0.004395 0.0500
212900 -1.506876 0.006520 0.0500
213000 -1.510271 0.006825 0.0500
213100 -1.477932 0.004544 0.0500
213200 -1.458929 0.003873 0.0500
213300 -1.454593 0.003767 0.0500
213400 -1.458800 0.003861 0.0500
213500 -1.455840 0.003787 0.0500
213600 -1.448476 0.003639 0.0500
213700 -1.448066 0.003628 0.0500
213800 -1.459412 0.003861 0.0500
213900 -1.472609 0.004281 0.0500
214000 -1.463094 0.003952 0.0500
214100 -1.432453 0.003430 0.0500
214200 -1.418859 0.003354 0.0500
214300 -1.447688 0.003601 0.0500
214400 -1.473565 0.004301 0.0500
214500 -1.471565 0.004217 0.0500
214600 -1.460529 0.003858 0.0500
214700 -1.459309 0.003823 0.0500
214800 -1.454606 0.003710 0.0500
214900 -1.433325 0.003411 0.0500
215000 -1.403741 0.003314 0.0500
215100 -1.402208 0.003312 0.0500
215200 -1.432258 0.003395 0.0500
215300 -1.443983 0.003513 0.0500
215400 -1.430666 0.003377 0.0500
215500 -1.410061 0.003302 0.0500
215600 -1.414941 0.003306 0.0500
215700 -1.429591 0.003361 0.0500
215800 -1.432177 0.003376 0.0500
215900 -1.414374 0.003296 0.0500
216000 -1.406551 0.003286 0.0500
216100 -1.408152 0.003283 0.0500
216200 -1.425559 0.003323 0.0500
216300 -1.431350 0.003355 0.0500
216400 -1.413469 0.003280 0.0500
216500 -1.398874 0.003276 0.0500
216600 -1.405376 0.003268 0.0500
216700 -1.406801 0.003265 0.0500
216800 -1.404784 0.003263 0.0500
216900 -1.403363 0.003260 0.0500
217000 -1.410649 0.003259 0.0500
217100 -1.411934 0.003257 0.0500
217200 -1.406388 0.003251 0.0500
217300 -1.405714 0.003248 0.0500
217400 -1.395395 0.003256 0.0500
217500 -1.382160 0.003294 0.0500
217600 -1.378175 0.003310 0.0500
217700 -1.389885 0.003260 0.0500
217800 -1.395612 0.003243 0.0500
217900 -1.380045 0.003292 0.0500
218000 -1.359453 0.003445 0.0500
218100 -1.363625 0.003400 0.0500
218200 -1.365352 0.003381 0.0500
218300 -1.358509 0.003446 0.0500
218400 -1.357453 0.003455 0.0500
218500 -1.361716 0.003405 0.0500
218600 -1.356517 0.003459 0.0500
218700 -1.350571 0.003536 0.0500
218800 -1.349620 0.003547 0.0500
218900 -1.350850 0.003525 0.0500
219000 -1.342497 0.003662 0.0500
219100 -1.340118 0.003706 0.0500
219200 -1.343113 0.003643 0.0500
219300 -1.343655 0.003629 0.0500
219400 -1.334420 0.003823 0.0500
219500 -1.329832 0.003939 0.0500
219600 -1.316234 0.004388 0.0500
219700 -1.300705 0.005108 0.0500
219800 -1.294366 0.005466 0.0500
219900 -1.285126 0.006069 0.0500
220000 -1.274788 0.006856 0.0500
220100 -1.266498 0.007581 0.0500
220200 -1.270257 0.007219 0.0500
220300 -1.278207 0.006539 0.0500
220400 -1.282620 0.006192 0.0500
220500 -1.267394 0.007440 0.0500
220600 -1.251172 0.009163 0.0500
220700 -1.259364 0.008201 0.0500
220800 -1.273029 0.006893 0.0500
220900 -1.273459 0.006844 0.0500
221000 -1.267119 0.007387 0.0500
221100 -1.256470 0.008449 0.0500
221200 -1.253968 0.008713 0.0500
221300 -1.257609 0.008284 0.0500
221400 -1.257207 0.008308 0.0500
221500 -1.250390 0.009081 0.0500
221600 -1.245633 0.009681 0.0500
221700 -1.238701 0.010692 0.0500
221800 -1.243653 0.009904 0.0500
221900 -1.257807 0.008138 0.0500
222000 -1.252120 0.008754 0.0500
222100 -1.229670 0.012235 0.0500
222200 -1.213157 0.016603 0.0500
222300 -1.221137 0.014128 0.0500
222400 -1.234787 0.011121 0.0500
222500 -1.226525 0.012725 0.0500
222600 -1.202845 0.020491 0.0500
222700 -1.192132 0.026380 0.0500
222800 -1.201096 0.021065 0.0500
222900 -1.212258 0.016366 0.0500
223000 -1.214215 0.015651 0.0500
223100 -1.198828 0.021905 0.0500
223200 -1.186361 0.029763 0.0500
223300 -1.186899 0.029106 0.0500
223400 -1.187444 0.028464 0.0500
223500 -1.191482 0.025464 0.0500
223600 -1.184643 0.030170 0.0500
223700 -1.167070 0.048041 0.0500
223800 -1.152787 0.069106 0.0500
223900 -1.155551 0.063148 0.0500
224000 -1.156169 0.061059 0.0500
224100 -1.146060 0.077381 0.0500
224200 -1.145128 0.077442 0.0500
224300 -1.151942 0.064083 0.0500
224400 -1.153622 0.060326 0.0500
224500 -1.141111 0.080526 0.0500
224600 -1.127124 0.106506 0.0500
224700 -1.132891 0.091832 0.0500
224800 -1.144594 0.068779 0.0500
224900 -1.129876 0.093588 0.0500
225000 -1.118762 0.113018 0.0500
225100 -1.134490 0.080241 0.0500
225200 -1.147973 0.057869 0.0500
225300 -1.141866 0.065590 0.0500
225400 -1.133400 0.077658 0.0500
225500 -1.134854 0.073646 0.0500
225600 -1.153269 0.047415 0.0500
225700 -1.163075 0.037081 0.0500
225800 -1.162000 0.037646 0.0500
225900 -1.165249 0.034492 0.0500
226000 -1.177703 0.025605 0.0500
226100 -1.182334 0.022942 0.0500
226200 -1.172318 0.028567 0.0500
226300 -1.163587 0.034803 0.0500
226400 -1.174969 0.026412 0.0500
226500 -1.193440 0.017688 0.0500
226600 -1.213543 0.012425 0.0500
226700 -1.228173 0.010138 0.0500
226800 -1.231590 0.009699 0.0500
226900 -1.228657 0.010022 0.0500
227000 -1.228965 0.009956 0.0500
227100 -1.234547 0.009292 0.0500
227200 -1.246077 0.008175 0.0500
227300 -1.252846 0.007613 0.0500
227400 -1.251212 0.007723 0.0500
227500 -1.252233 0.007627 0.0500
227600 -1.258109 0.007178 0.0500
227700 -1.264693 0.006716 0.0500
227800 -1.271167 0.006293 0.0500
227900 -1.281578 0.005679 0.0500
228000 -1.275680 0.006003 0.0500
228100 -1.268401 0.006433 0.0500
228200 -1.283692 0.005537 0.0500
228300 -1.289901 0.005211 0.0500
228400 -1.277244 0.005875 0.0500
228500 -1.268893 0.006363 0.0500
228600 -1.282454 0.005568 0.0500
228700 -1.304065 0.004556 0.0500
228800 -1.319056 0.004040 0.0500
228900 -1.314191 0.004184 0.0500
229000 -1.309699 0.004330 0.0500
229100 -1.315875 0.004121 0.0500
229200 -1.312298 0.004231 0.0500
229300 -1.306136 0.004445 0.0500
229400 -1.307515 0.004388 0.0500
229500 -1.315255 0.004121 0.0500
229600 -1.329021 0.003751 0.0500
229700 -1.329244 0.003742 0.0500
229800 -1.326664 0.003797 0.0500
229900 -1.338745 0.003552 0.0500
230000 -1.351430 0.003377 0.0500
230100 -1.349527 0.003395 0.0500
230200 -1.345837 0.003437 0.0500
230300 -1.350038 0.003382 0.0500
230400 -1.353774 0.003340 0.0500
230500 -1.346765 0.003415 0.0500
230600 -1.334586 0.003602 0.0500
230700 -1.333558 0.003618 0.0500
230800 -1.342390 0.003465 0.0500
230900 -1.342051 0.003466 0.0500
231000 -1.335146 0.003577 0.0500
231100 -1.325068 0.003790 0.0500
231200 -1.324828 0.003792 0.0500
231300 -1.334407 0.003580 0.0500
231400 -1.337970 0.003513 0.0500
231500 -1.327328 0.003721 0.0500
231600 -1.324052 0.003796 0.0500
231700 -1.335137 0.003552 0.0500
231800 -1.344700 0.003399 0.0500
231900 -1.338670 0.003484 0.0500
232000 -1.336130 0.003524 0.0500
232100 -1.348206 0.003346 0.0500
232200 -1.372383 0.003172 0.0500
232300 -1.378514 0.003152 0.0500
232400 -1.358878 0.003238 0.0500
232500 -1.347755 0.003340 0.0500
232600 -1.361313 0.003215 0.0500
232700 -1.371127 0.003163 0.0500
232800 -1.352333 0.003282 0.0500
232900 -1.325570 0.003720 0.0500
233000 -1.324729 0.003736 0.0500
233100 -1.348487 0.003313 0.0500
233200 -1.357496 0.003225 0.0500
233300 -1.355759 0.003236 0.0500
233400 -1.350523 0.003282 0.0500
233500 -1.361908 0.003186 0.0500
233600 -1.376647 0.003124 0.0500
233700 -1.372033 0.003134 0.0500
233800 -1.367843 0.003147 0.0500
233900 -1.367696 0.003145 0.0500
234000 -1.367309 0.003144 0.0500
234100 -1.364985 0.003152 0.0500
234200 -1.368884 0.003131 0.0500
234300 -1.383018 0.003095 0.0500
234400 -1.394114 0.003093 0.0500
234500 -1.390567 0.003088 0.0500
234600 -1.393785 0.003088 0.0500
234700 -1.417807 0.003153 0.0500
234800 -1.424288 0.003189 0.0500
234900 -1.392820 0.003079 0.0500
235000 -1.369941 0.003109 0.0500
235100 -1.390625 0.003073 0.0500
235200 -1.424550 0.003182 0.0500
235300 -1.416292 0.003130 0.0500
235400 -1.396718 0.003071 0.0500
235500 -1.410516 0.003101 0.0500
235600 -1.445546 0.003408 0.0500
235700 -1.450542 0.003496 0.0500
235800 -1.431926 0.003226 0.0500
235900 -1.425410 0.003169 0.0500
236000 -1.446636 0.003414 0.0500
236100 -1.460349 0.003717 0.0500
236200 -1.446718 0.003409 0.0500
236300 -1.424648 0.003153 0.0500
236400 -1.432636 0.003216 0.0500
236500 -1.456780 0.003610 0.0500
236600 -1.471456 0.004073 0.0500
236700 -1.455559 0.003573 0.0500
236800 -1.436201 0.003242 0.0500
236900 -1.445133 0.003361 0.0500
237000 -1.469018 0.003965 0.0500
237100 -1.468469 0.003941 0.0500
237200 -1.447871 0.003397 0.0500
237300 -1.444711 0.003341 0.0500
237400 -1.470944 0.004022 0.0500
237500 -1.477992 0.004321 0.0500
237600 -1.458268 0.003608 0.0500
237700 -1.438298 0.003240 0.0500
237800 -1.450635 0.003429 0.0500
237900 -1.483311 0.004577 0.0500
238000 -1.500674 0.005749 0.0500
238100 -1.486230 0.004729 0.0500
238200 -1.473394 0.004085 0.0500
238300 -1.481407 0.004452 0.0500
238400 -1.500901 0.005739 0.0500
238500 -1.509560 0.006501 0.0500
238600 -1.500524 0.005689 0.0500
238700 -1.500907 0.005711 0.0500
238800 -1.520926 0.007666 0.0500
238900 -1.530325 0.008788 0.0500
239000 -1.511321 0.006611 0.0500
239100 -1.497783 0.005425 0.0500
239200 -1.519821 0.007482 0.0500
239300 -1.541523 0.010230 0.0500
239400 -1.531110 0.008799 0.0500
239500 -1.523861 0.007890 0.0500
239600 -1.551343 0.011589 0.0500
239700 -1.576204 0.015696 0.0500
239800 -1.569882 0.014492 0.0500
239900 -1.568731 0.014236 0.0500
240000 -1.587536 0.017756 0.0500
240100 -1.609725 0.023537 0.0500
240200 -1.602814 0.021286 0.0500
240300 -1.584992 0.016939 0.0500
240400 -1.586382 0.017142 0.0500
240500 -1.601196 0.020527 0.0500
240600 -1.605748 0.021690 0.0500
240700 -1.589682 0.017553 0.0500
240800 -1.579477 0.015480 0.0500
240900 -1.584288 0.016307 0.0500
241000 -1.584690 0.016310 0.0500
241100 -1.570962 0.013843 0.0500
241200 -1.564227 0.012756 0.0500
241300 -1.570715 0.013702 0.0500
241400 -1.572030 0.013858 0.0500
241500 -1.566550 0.012959 0.0500
241600 -1.558597 0.011766 0.0500
241700 -1.554674 0.011192 0.0500
241800 -1.560130 0.011904 0.0500
241900 -1.566432 0.012771 0.0500
242000 -1.563259 0.012264 0.0500
242100 -1.549946 0.010430 0.0500
242200 -1.543586 0.009611 0.0500
242300 -1.559219 0.011594 0.0500
242400 -1.577014 0.014233 0.0500
242500 -1.563252 0.012071 0.0500
242600 -1.535046 0.008514 0.0500
242700 -1.544519 0.009584 0.0500
242800 -1.567312 0.012559 0.0500
242900 -1.544171 0.009487 0.0500
243000 -1.507838 0.005861 0.0500
243100 -1.520100 0.006900 0.0500
243200 -1.546283 0.009685 0.0500
243300 -1.525654 0.007401 0.0500
243400 -1.500903 0.005314 0.0500
243500 -1.515779 0.006459 0.0500
243600 -1.541427 0.009048 0.0500
243700 -1.512506 0.006157 0.0500
243800 -1.482518 0.004254 0.0500
243900 -1.501514 0.005314 0.0500
244000 -1.532972 0.008064 0.0500
244100 -1.514969 0.006324 0.0500
244200 -1.486371 0.004410 0.0500
244300 -1.497815 0.005040 0.0500
244400 -1.519579 0.006702 0.0500
244500 -1.505671 0.005555 0.0500
244600 -1.481241 0.004153 0.0500
244700 -1.486351 0.004379 0.0500
244800 -1.510939 0.005935 0.0500
244900 -1.505550 0.005517 0.0500
245000 -1.480603 0.004106 0.0500
245100 -1.480910 0.004114 0.0500
245200 -1.506450 0.005562 0.0500
245300 -1.507910 0.005662 0.0500
245400 -1.480027 0.004062 0.0500
245500 -1.467317 0.003629 0.0500
245600 -1.479870 0.004047 0.0500
245700 -1.493676 0.004705 0.0500
245800 -1.481954 0.004123 0.0500
245900 -1.463337 0.003511 0.0500
246000 -1.472493 0.003764 0.0500
246100 -1.503800 0.005320 0.0500
246200 -1.514964 0.006169 0.0500
246300 -1.493548 0.004663 0.0500
246400 -1.479123 0.003980 0.0500
246500 -1.489350 0.004430 0.0500
246600 -1.502354 0.005187 0.0500
246700 -1.504193 0.005305 0.0500
246800 -1.499380 0.004978 0.0500
246900 -1.504432 0.005306 0.0500
247000 -1.526260 0.007129 0.0500
247100 -1.543588 0.008981 0.0500
247200 -1.530681 0.007540 0.0500
247300 -1.510351 0.005700 0.0500
247400 -1.526605 0.007106 0.0500
247500 -1.563534 0.011491 0.0500
247600 -1.554559 0.010234 0.0500
247700 -1.537542 0.008181 0.0500
247800 -1.559538 0.010843 0.0500
247900 -1.589534 0.015837 0.0500
248000 -1.585239 0.014895 0.0500
248100 -1.569285 0.012114 0.0500
248200 -1.578335 0.013526 0.0500
248300 -1.595662 0.016965 0.0500
248400 -1.593784 0.016449 0.0500
248500 -1.580401 0.013711 0.0500
248600 -1.587666 0.015014 0.0500
248700 -1.603890 0.018798 0.0500
248800 -1.606576 0.019479 0.0500
248900 -1.589238 0.015114 0.0500
249000 -1.586518 0.014518 0.0500
249100 -1.600925 0.017655 0.0500
249200 -1.590601 0.015192 0.0500
249300 -1.556348 0.009901 0.0500
249400 -1.551498 0.009314 0.0500
249500 -1.575576 0.012417 0.0500
249600 -1.563520 0.010695 0.0500
249700 -1.529468 0.007028 0.0500
249800 -1.532193 0.007261 0.0500
249900 -1.554297 0.009516 0.0500
250000 -1.548512 0.008850 0.0500
250100 -1.510950 0.005504 0.0500
250200 -1.501686 0.004904 0.0500
250300 -1.526552 0.006696 0.0500
250400 -1.532596 0.007217 0.0500
250500 -1.512766 0.005595 0.0500
250600 -1.502766 0.004937 0.0500
250700 -1.517187 0.005901 0.0500
250800 -1.512529 0.005553 0.0500
250900 -1.482714 0.003953 0.0500
251000 -1.462952 0.003387 0.0500
251100 -1.465329 0.003434 0.0500
251200 -1.474331 0.003662 0.0500
251300 -1.468770 0.003508 0.0500
251400 -1.443755 0.003103 0.0500
251500 -1.437512 0.003052 0.0500
251600 -1.444898 0.003108 0.0500
251700 -1.432577 0.003020 0.0500
251800 -1.406497 0.002971 0.0500
251900 -1.397328 0.002975 0.0500
252000 -1.424788 0.002984 0.0500
252100 -1.437896 0.003041 0.0500
252200 -1.417155 0.002965 0.0500
252300 -1.389390 0.002980 0.0500
252400 -1.396290 0.002966 0.0500
252500 -1.417083 0.002958 0.0500
252600 -1.407930 0.002951 0.0500
252700 -1.379526 0.003000 0.0500
252800 -1.370963 0.003035 0.0500
252900 -1.396688 0.002953 0.0500
253000 -1.404464 0.002944 0.0500
253100 -1.372413 0.003021 0.0500
253200 -1.346332 0.003248 0.0500
253300 -1.351208 0.003184 0.0500
253400 -1.366403 0.003047 0.0500
253500 -1.358365 0.003106 0.0500
253600 -1.337665 0.003375 0.0500
253700 -1.328548 0.003560 0.0500
253800 -1.338681 0.003350 0.0500
253900 -1.344582 0.003253 0.0500
254000 -1.328576 0.003550 0.0500
254100 -1.307297 0.004197 0.0500
254200 -1.310890 0.004060 0.0500
254300 -1.329419 0.003519 0.0500
254400 -1.330740 0.003486 0.0500
254500 -1.318317 0.003805 0.0500
254600 -1.319281 0.003772 0.0500
254700 -1.336196 0.003366 0.0500
254800 -1.344526 0.003227 0.0500
254900 -1.337986 0.003327 0.0500
255000 -1.340700 0.003279 0.0500
255100 -1.351396 0.003132 0.0500
255200 -1.350211 0.003143 0.0500
255300 -1.337192 0.003330 0.0500
255400 -1.344465 0.003210 0.0500
255500 -1.358372 0.003054 0.0500
255600 -1.363287 0.003015 0.0500
255700 -1.360466 0.003033 0.0500
255800 -1.363723 0.003007 0.0500
255900 -1.383607 0.002924 0.0500
256000 -1.391354 0.002909 0.0500
256100 -1.378882 0.002931 0.0500
256200 -1.373572 0.002947 0.0500
256300 -1.384454 0.002913 0.0500
256400 -1.396648 0.002896 0.0500
256500 -1.395489 0.002894 0.0500
256600 -1.380669 0.002915 0.0500
256700 -1.381450 0.002910 0.0500
256800 -1.398811 0.002886 0.0500
256900 -1.394421 0.002886 0.0500
257000 -1.384106 0.002897 0.0500
257100 -1.394972 0.002881 0.0500
257200 -1.409207 0.002881 0.0500
257300 -1.399269 0.002874 0.0500
257400 -1.394420 0.002874 0.0500
257500 -1.397237 0.002870 0.0500
257600 -1.397991 0.002868 0.0500
257700 -1.399226 0.002865 0.0500
257800 -1.395083 0.002865 0.0500
257900 -1.381667 0.002883 0.0500
258000 -1.373473 0.002908 0.0500
258100 -1.368330 0.002931 0.0500
258200 -1.375625 0.002895 0.0500
258300 -1.383677 0.002869 0.0500
258400 -1.370832 0.002911 0.0500
258500 -1.353440 0.003039 0.0500
258600 -1.350075 0.003074 0.0500
258700 -1.361160 0.002964 0.0500
258800 -1.369969 0.002906 0.0500
258900 -1.366189 0.002924 0.0500
259000 -1.372629 0.002889 0.0500
259100 -1.384392 0.002850 0.0500
259200 -1.385842 0.002845 0.0500
259300 -1.375400 0.002871 0.0500
259400 -1.371416 0.002885 0.0500
259500 -1.383046 0.002844 0.0500
259600 -1.397527 0.002827 0.0500
259700 -1.400738 0.002826 0.0500
259800 -1.393923 0.002823 0.0500
259900 -1.402803 0.002822 0.0500
260000 -1.424735 0.002872 0.0500
260100 -1.430744 0.002900 0.0500
260200 -1.418721 0.002845 0.0500
260300 -1.411011 0.002824 0.0500
260400 -1.421570 0.002850 0.0500
260500 -1.432527 0.002902 0.0500
260600 -1.427304 0.002870 0.0500
260700 -1.412278 0.002818 0.0500
260800 -1.409877 0.002811 0.0500
260900 -1.415142 0.002819 0.0500
261000 -1.424701 0.002849 0.0500
261100 -1.432125 0.002886 0.0500
261200 -1.434956 0.002903 0.0500
261300 -1.437718 0.002922 0.0500
261400 -1.436799 0.002912 0.0500
261500 -1.434124 0.002890 0.0500
261600 -1.431190 0.002869 0.0500
261700 -1.437309 0.002909 0.0500
261800 -1.445103 0.002982 0.0500
261900 -1.443503 0.002962 0.0500
262000 -1.434127 0.002879 0.0500
262100 -1.440576 0.002928 0.0500
262200 -1.447671 0.003003 0.0500
262300 -1.445154 0.002970 0.0500
262400 -1.446819 0.002987 0.0500
262500 -1.447256 0.002990 0.0500
262600 -1.448967 0.003009 0.0500
262700 -1.453193 0.003067 0.0500
262800 -1.446529 0.002974 0.0500
262900 -1.437727 0.002884 0.0500
263000 -1.438851 0.002891 0.0500
263100 -1.446570 0.002967 0.0500
263200 -1.450985 0.003022 0.0500
263300 -1.456186 0.003101 0.0500
263400 -1.458980 0.003149 0.0500
263500 -1.466075 0.003298 0.0500
263600 -1.478300 0.003652 0.0500
263700 -1.496441 0.004440 0.0500
263800 -1.499580 0.004607 0.0500
263900 -1.493625 0.004283 0.0500
264000 -1.488511 0.004036 0.0500
264100 -1.499550 0.004589 0.0500
264200 -1.506147 0.004981 0.0500
264300 -1.502057 0.004722 0.0500
264400 -1.486231 0.003918 0.0500
264500 -1.484430 0.003841 0.0500
264600 -1.511315 0.005302 0.0500
264700 -1.538315 0.007569 0.0500
264800 -1.521997 0.006089 0.0500
264900 -1.506224 0.004938 0.0500
265000 -1.531162 0.006857 0.0500
265100 -1.558371 0.009702 0.0500
265200 -1.543147 0.007982 0.0500
265300 -1.532807 0.006963 0.0500
265400 -1.550192 0.008696 0.0500
265500 -1.555579 0.009284 0.0500
265600 -1.541751 0.007769 0.0500
265700 -1.535707 0.007169 0.0500
265800 -1.550611 0.008663 0.0500
265900 -1.552892 0.008895 0.0500
266000 -1.545068 0.008034 0.0500
266100 -1.547238 0.008241 0.0500
266200 -1.554308 0.008993 0.0500
266300 -1.558947 0.009511 0.0500
266400 -1.558230 0.009400 0.0500
266500 -1.558582 0.009417 0.0500
266600 -1.556519 0.009151 0.0500
266700 -1.558456 0.009353 0.0500
266800 -1.565140 0.010153 0.0500
266900 -1.569998 0.010775 0.0500
267000 -1.557680 0.009185 0.0500
267100 -1.539488 0.007283 0.0500
267200 -1.552261 0.008541 0.0500
267300 -1.571309 0.010858 0.0500
267400 -1.560839 0.009466 0.0500
267500 -1.539208 0.007191 0.0500
267600 -1.546814 0.007899 0.0500
267700 -1.571575 0.010795 0.0500
267800 -1.570617 0.010629 0.0500
267900 -1.549519 0.008110 0.0500
268000 -1.544586 0.007606 0.0500
268100 -1.561531 0.009391 0.0500
268200 -1.568327 0.010219 0.0500
268300 -1.547235 0.007806 0.0500
268400 -1.533106 0.006527 0.0500
268500 -1.546793 0.007733 0.0500
268600 -1.554556 0.008504 0.0500
268700 -1.534572 0.006607 0.0500
268800 -1.522702 0.005685 0.0500
268900 -1.544130 0.007422 0.0500
269000 -1.553616 0.008342 0.0500
269100 -1.528012 0.006041 0.0500
269200 -1.509734 0.004818 0.0500
269300 -1.527161 0.005960 0.0500
269400 -1.540100 0.006996 0.0500
269500 -1.526227 0.005870 0.0500
269600 -1.510843 0.004853 0.0500
269700 -1.514659 0.005074 0.0500
269800 -1.526434 0.005860 0.0500
269900 -1.517249 0.005221 0.0500
270000 -1.498115 0.004169 0.0500
270100 -1.494419 0.004003 0.0500
270200 -1.514192 0.005012 0.0500
270300 -1.525604 0.005763 0.0500
270400 -1.508153 0.004649 0.0500
270500 -1.490833 0.003840 0.0500
270600 -1.502979 0.004369 0.0500
270700 -1.517328 0.005175 0.0500
270800 -1.512271 0.004859 0.0500
270900 -1.504220 0.004414 0.0500
271000 -1.504632 0.004429 0.0500
271100 -1.513889 0.004936 0.0500
271200 -1.519478 0.005279 0.0500
271300 -1.520044 0.005308 0.0500
271400 -1.517681 0.005148 0.0500
271500 -1.514507 0.004945 0.0500
271600 -1.515039 0.004970 0.0500
271700 -1.514117 0.004908 0.0500
271800 -1.524838 0.005597 0.0500
271900 -1.533028 0.006199 0.0500
272000 -1.511781 0.004750 0.0500
272100 -1.494083 0.003890 0.0500
272200 -1.505567 0.004405 0.0500
272300 -1.522283 0.005384 0.0500
272400 -1.516701 0.005017 0.0500
272500 -1.507424 0.004483 0.0500
272600 -1.513916 0.004836 0.0500
272700 -1.530327 0.005929 0.0500
272800 -1.529215 0.005836 0.0500
272900 -1.515176 0.004889 0.0500
273000 -1.514582 0.004847 0.0500
273100 -1.528688 0.005773 0.0500
273200 -1.525311 0.005522 0.0500
273300 -1.506391 0.004380 0.0500
273400 -1.506685 0.004390 0.0500
273500 -1.532351 0.006017 0.0500
273600 -1.525620 0.005513 0.0500
273700 -1.490681 0.003689 0.0500
273800 -1.481573 0.003398 0.0500
273900 -1.512375 0.004665 0.0500
274000 -1.526109 0.005524 0.0500
274100 -1.489612 0.003635 0.0500
274200 -1.454557 0.002885 0.0500
274300 -1.462921 0.002990 0.0500
274400 -1.491487 0.003693 0.0500
274500 -1.494998 0.003820 0.0500
274600 -1.472865 0.003161 0.0500
274700 -1.471411 0.003128 0.0500
274800 -1.493139 0.003739 0.0500
274900 -1.505566 0.004269 0.0500
275000 -1.496639 0.003866 0.0500
275100 -1.486391 0.003497 0.0500
275200 -1.492659 0.003705 0.0500
275300 -1.504945 0.004221 0.0500
275400 -1.502164 0.004086 0.0500
275500 -1.487014 0.003501 0.0500
275600 -1.482819 0.003373 0.0500
275700 -1.499493 0.003956 0.0500
275800 -1.503788 0.004144 0.0500
275900 -1.492619 0.003677 0.0500
276000 -1.483303 0.003373 0.0500
276100 -1.485574 0.003436 0.0500
276200 -1.499872 0.003952 0.0500
276300 -1.505302 0.004195 0.0500
276400 -1.505528 0.004201 0.0500
276500 -1.510279 0.004437 0.0500
276600 -1.512204 0.004535 0.0500
276700 -1.502236 0.004033 0.0500
276800 -1.498151 0.003853 0.0500
276900 -1.509275 0.004364 0.0500
277000 -1.510709 0.004434 0.0500
277100 -1.497984 0.003833 0.0500
277200 -1.488507 0.003486 0.0500
277300 -1.482324 0.003301 0.0500
277400 -1.479509 0.003226 0.0500
277500 -1.469398 0.003011 0.0500
277600 -1.446439 0.002750 0.0500
277700 -1.441918 0.002725 0.0500
277800 -1.444788 0.002737 0.0500
277900 -1.445938 0.002741 0.0500
278000 -1.416950 0.002682 0.0500
278100 -1.393472 0.002724 0.0500
278200 -1.397092 0.002712 0.0500
278300 -1.412939 0.002680 0.0500
278400 -1.407078 0.002686 0.0500
278500 -1.384174 0.002748 0.0500
278600 -1.381881 0.002755 0.0500
278700 -1.404159 0.002686 0.0500
278800 -1.410287 0.002674 0.0500
278900 -1.380383 0.002756 0.0500
279000 -1.359439 0.002898 0.0500
279100 -1.373827 0.002786 0.0500
279200 -1.386450 0.002725 0.0500
279300 -1.367193 0.002826 0.0500
279400 -1.348384 0.003020 0.0500
279500 -1.357831 0.002903 0.0500
279600 -1.384297 0.002725 0.0500
279700 -1.380892 0.002738 0.0500
279800 -1.365389 0.002829 0.0500
279900 -1.365065 0.002829 0.0500
280000 -1.384286 0.002717 0.0500
280100 -1.385161 0.002712 0.0500
280200 -1.362451 0.002845 0.0500
280300 -1.357997 0.002885 0.0500
280400 -1.386490 0.002701 0.0500
280500 -1.424533 0.002646 0.0500
280600 -1.427418 0.002647 0.0500
280700 -1.406187 0.002649 0.0500
280800 -1.413139 0.002639 0.0500
280900 -1.440882 0.002680 0.0500
281000 -1.437795 0.002665 0.0500
281100 -1.416971 0.002632 0.0500
281200 -1.413551 0.002632 0.0500
281300 -1.435165 0.002651 0.0500
281400 -1.448934 0.002720 0.0500
281500 -1.435330 0.002647 0.0500
281600 -1.421194 0.002623 0.0500
281700 -1.427862 0.002627 0.0500
281800 -1.451098 0.002730 0.0500
281900 -1.456295 0.002777 0.0500
282000 -1.441183 0.002661 0.0500
282100 -1.434649 0.002634 0.0500
282200 -1.437895 0.002643 0.0500
282300 -1.439968 0.002649 0.0500
282400 -1.439124 0.002644 0.0500
282500 -1.430925 0.002617 0.0500
282600 -1.426787 0.002609 0.0500
282700 -1.427202 0.002607 0.0500
282800 -1.430457 0.002610 0.0500
282900 -1.432629 0.002613 0.0500
283000 -1.428930 0.002604 0.0500
283100 -1.419349 0.002596 0.0500
283200 -1.410167 0.002601 0.0500
283300 -1.409954 0.002599 0.0500
283400 -1.420959 0.002590 0.0500
283500 -1.425811 0.002591 0.0500
283600 -1.402078 0.002608 0.0500
283700 -1.390670 0.002639 0.0500
283800 -1.407651 0.002594 0.0500
283900 -1.426463 0.002585 0.0500
284000 -1.413057 0.002583 0.0500
284100 -1.389598 0.002636 0.0500
284200 -1.395197 0.002615 0.0500
284300 -1.414909 0.002576 0.0500
284400 -1.412608 0.002576 0.0500
284500 -1.376963 0.002689 0.0500
284600 -1.362024 0.002801 0.0500
284700 -1.388699 0.002629 0.0500
284800 -1.420642 0.002567 0.0500
284900 -1.413788 0.002567 0.0500
285000 -1.384015 0.002644 0.0500
285100 -1.386845 0.002629 0.0500
285200 -1.414032 0.002562 0.0500
285300 -1.427275 0.002564 0.0500
285400 -1.409854 0.002562 0.0500
285500 -1.389852 0.002611 0.0500
285600 -1.415360 0.002554 0.0500
285700 -1.456570 0.002728 0.0500
285800 -1.466341 0.002862 0.0500
285900 -1.444436 0.002617 0.0500
286000 -1.441243 0.002597 0.0500
286100 -1.462993 0.002804 0.0500
286200 -1.469025 0.002901 0.0500
286300 -1.455773 0.002706 0.0500
286400 -1.450290 0.002651 0.0500
286500 -1.466501 0.002850 0.0500
286600 -1.480972 0.003161 0.0500
286700 -1.481484 0.003172 0.0500
286800 -1.472738 0.002960 0.0500
286900 -1.472931 0.002962 0.0500
287000 -1.478367 0.003083 0.0500
287100 -1.476705 0.003041 0.0500
287200 -1.466954 0.002842 0.0500
287300 -1.453847 0.002666 0.0500
287400 -1.443189 0.002582 0.0500
287500 -1.447753 0.002610 0.0500
287600 -1.453522 0.002657 0.0500
287700 -1.444947 0.002587 0.0500
287800 -1.428532 0.002526 0.0500
287900 -1.429618 0.002526 0.0500
288000 -1.435779 0.002539 0.0500
288100 -1.419588 0.002517 0.0500
288200 -1.392880 0.002574 0.0500
288300 -1.385280 0.002605 0.0500
288400 -1.393768 0.002567 0.0500
288500 -1.397554 0.002552 0.0500
288600 -1.383579 0.002608 0.0500
288700 -1.360849 0.002778 0.0500
288800 -1.358403 0.002803 0.0500
288900 -1.365678 0.002727 0.0500
289000 -1.347602 0.002943 0.0500
289100 -1.314116 0.003773 0.0500
289200 -1.299585 0.004362 0.0500
289300 -1.309980 0.003917 0.0500
289400 -1.310064 0.003910 0.0500
289500 -1.286556 0.005005 0.0500
289600 -1.278414 0.005467 0.0500
289700 -1.294542 0.004575 0.0500
289800 -1.299685 0.004325 0.0500
289900 -1.284096 0.005115 0.0500
290000 -1.263258 0.006426 0.0500
290100 -1.265523 0.006257 0.0500
290200 -1.279462 0.005358 0.0500
290300 -1.279888 0.005325 0.0500
290400 -1.274526 0.005641 0.0500
290500 -1.263534 0.006356 0.0500
290600 -1.261469 0.006491 0.0500
290700 -1.261074 0.006507 0.0500
290800 -1.250003 0.007345 0.0500
290900 -1.240888 0.008143 0.0500
291000 -1.236032 0.008615 0.0500
291100 -1.241722 0.008025 0.0500
291200 -1.258114 0.006654 0.0500
291300 -1.260168 0.006494 0.0500
291400 -1.253481 0.006978 0.0500
291500 -1.252536 0.007038 0.0500
291600 -1.272118 0.005669 0.0500
291700 -1.289731 0.004681 0.0500
291800 -1.293803 0.004478 0.0500
291900 -1.273180 0.005582 0.0500
292000 -1.261054 0.006361 0.0500
292100 -1.270730 0.005714 0.0500
292200 -1.285843 0.004845 0.0500
292300 -1.284045 0.004932 0.0500
292400 -1.272692 0.005569 0.0500
292500 -1.270222 0.005712 0.0500
292600 -1.280592 0.005096 0.0500
292700 -1.290761 0.004566 0.0500
292800 -1.279788 0.005127 0.0500
292900 -1.259913 0.006362 0.0500
293000 -1.254207 0.006767 0.0500
293100 -1.270110 0.005667 0.0500
293200 -1.278334 0.005175 0.0500
293300 -1.269505 0.005688 0.0500
293400 -1.263012 0.006098 0.0500
293500 -1.263248 0.006071 0.0500
293600 -1.266146 0.005871 0.0500
293700 -1.269091 0.005676 0.0500
293800 -1.267969 0.005737 0.0500
293900 -1.265879 0.005860 0.0500
294000 -1.273640 0.005376 0.0500
294100 -1.289721 0.004524 0.0500
294200 -1.294845 0.004286 0.0500
294300 -1.289203 0.004537 0.0500
294400 -1.273961 0.005331 0.0500
294500 -1.270299 0.005539 0.0500
294600 -1.282815 0.004832 0.0500
294700 -1.289063 0.004519 0.0500
294800 -1.282558 0.004833 0.0500
294900 -1.268708 0.005606 0.0500
295000 -1.268413 0.005616 0.0500
295100 -1.282617 0.004809 0.0500
295200 -1.292981 0.004311 0.0500
295300 -1.288794 0.004495 0.0500
295400 -1.287856 0.004533 0.0500
295500 -1.297305 0.004113 0.0500
295600 -1.301895 0.003928 0.0500
295700 -1.307487 0.003725 0.0500
295800 -1.312811 0.003551 0.0500
295900 -1.325930 0.003204 0.0500
296000 -1.332092 0.003073 0.0500
296100 -1.328840 0.003135 0.0500
296200 -1.330563 0.003098 0.0500
296300 -1.340089 0.002929 0.0500
296400 -1.343800 0.002873 0.0500
296500 -1.339555 0.002932 0.0500
296600 -1.335419 0.002998 0.0500
296700 -1.339804 0.002924 0.0500
296800 -1.338465 0.002942 0.0500
296900 -1.336340 0.002974 0.0500
297000 -1.332939 0.003032 0.0500
297100 -1.328670 0.003113 0.0500
297200 -1.327591 0.003133 0.0500
297300 -1.329335 0.003094 0.0500
297400 -1.334611 0.002992 0.0500
297500 -1.323594 0.003215 0.0500
297600 -1.314299 0.003457 0.0500
297700 -1.314279 0.003454 0.0500
297800 -1.323839 0.003200 0.0500
297900 -1.328311 0.003099 0.0500
298000 -1.334049 0.002986 0.0500
298100 -1.342019 0.002857 0.0500
298200 -1.348693 0.002771 0.0500
298300 -1.356811 0.002688 0.0500
298400 -1.361444 0.002649 0.0500
298500 -1.353724 0.002712 0.0500
298600 -1.338020 0.002906 0.0500
298700 -1.341837 0.002847 0.0500
298800 -1.358657 0.002662 0.0500
298900 -1.363577 0.002624 0.0500
299000 -1.342796 0.002827 0.0500
299100 -1.321757 0.003221 0.0500
299200 -1.327167 0.003094 0.0500
299300 -1.340958 0.002846 0.0500
299400 -1.328055 0.003070 0.0500
299500 -1.307664 0.003619 0.0500
299600 -1.312438 0.003462 0.0500
299700 -1.330927 0.003004 0.0500
299800 -1.337840 0.002881 0.0500
299900 -1.328882 0.003040 0.0500
