# step cv h sig
0 -1.462384 0.239006 0.0500
100 -1.463800 0.223564 0.0500
200 -1.460873 0.210042 0.0500
300 -1.460087 0.198086 0.0500
400 -1.452279 0.188216 0.0500
500 -1.439705 0.182167 0.0500
600 -1.438065 0.173776 0.0500
700 -1.452886 0.162188 0.0500
800 -1.472766 0.159093 0.0500
900 -1.462474 0.149090 0.0500
1000 -1.430432 0.152145 0.0500
1100 -1.412758 0.160939 0.0500
1200 -1.415360 0.151394 0.0500
1300 -1.409237 0.150895 0.0500
1400 -1.397592 0.156848 0.0500
1500 -1.386535 0.162665 0.0500
1600 -1.390432 0.151107 0.0500
1700 -1.390803 0.144469 0.0500
1800 -1.370842 0.160989 0.0500
1900 -1.347116 0.181786 0.0500
2000 -1.339255 0.181347 0.0500
2100 -1.341023 0.170574 0.0500
2200 -1.332202 0.171306 0.0500
2300 -1.329761 0.165605 0.0500
2400 -1.326819 0.160803 0.0500
2500 -1.317171 0.162584 0.0500
2600 -1.299495 0.172507 0.0500
2700 -1.278789 0.185244 0.0500
2800 -1.272934 0.181551 0.0500
2900 -1.281346 0.164970 0.0500
3000 -1.300065 0.143272 0.0500
3100 -1.300031 0.137668 0.0500
3200 -1.299330 0.132910 0.0500
3300 -1.295135 0.130746 0.0500
3400 -1.290285 0.129382 0.0500
3500 -1.276197 0.136350 0.0500
3600 -1.258512 0.149636 0.0500
3700 -1.246567 0.157543 0.0500
3800 -1.271473 0.125349 0.0500
3900 -1.307787 0.103710 0.0500
4000 -1.313003 0.100033 0.0500
4100 -1.294772 0.101647 0.0500
4200 -1.291394 0.100204 0.0500
4300 -1.320346 0.092304 0.0500
4400 -1.337604 0.092252 0.0500
4500 -1.316011 0.087806 0.0500
4600 -1.287200 0.093931 0.0500
4700 -1.290693 0.089688 0.0500
4800 -1.314529 0.081970 0.0500
4900 -1.323039 0.080543 0.0500
5000 -1.305530 0.079245 0.0500
5100 -1.296198 0.080032 0.0500
5200 -1.310188 0.075252 0.0500
5300 -1.325958 0.074583 0.0500
5400 -1.326124 0.073074 0.0500
5500 -1.322511 0.071064 0.0500
5600 -1.318664 0.069333 0.0500
5700 -1.321197 0.068192 0.0500
5800 -1.320536 0.066846 0.0500
5900 -1.326598 0.066404 0.0500
6000 -1.345301 0.070800 0.0500
6100 -1.353498 0.072913 0.0500
6200 -1.342066 0.066841 0.0500
6300 -1.347854 0.067768 0.0500
6400 -1.363676 0.073553 0.0500
6500 -1.376692 0.078249 0.0500
6600 -1.373861 0.075248 0.0500
6700 -1.373480 0.073509 0.0500
6800 -1.381265 0.075468 0.0500
6900 -1.395205 0.079742 0.0500
7000 -1.403586 0.081256 0.0500
7100 -1.400225 0.078163 0.0500
7200 -1.408145 0.079419 0.0500
7300 -1.438759 0.091238 0.0500
7400 -1.451820 0.097298 0.0500
7500 -1.442629 0.088765 0.0500
7600 -1.444591 0.087722 0.0500
7700 -1.456620 0.093734 0.0500
7800 -1.461259 0.095052 0.0500
7900 -1.467315 0.097965 0.0500
8000 -1.465918 0.094040 0.0500
8100 -1.474144 0.099558 0.0500
8200 -1.494993 0.123051 0.0500
8300 -1.509720 0.141359 0.0500
8400 -1.500774 0.122500 0.0500
8500 -1.494834 0.110443 0.0500
8600 -1.499727 0.113395 0.0500
8700 -1.510439 0.124706 0.0500
8800 -1.517543 0.130852 0.0500
8900 -1.515470 0.123163 0.0500
9000 -1.526632 0.135172 0.0500
9100 -1.555831 0.173776 0.0500
9200 -1.549628 0.156920 0.0500
9300 -1.532375 0.127343 0.0500
9400 -1.540834 0.133641 0.0500
9500 -1.560596 0.154421 0.0500
9600 -1.553495 0.138977 0.0500
9700 -1.547187 0.126278 0.0500
9800 -1.551798 0.127114 0.0500
9900 -1.565429 0.138681 0.0500
10000 -1.563529 0.131173 0.0500
10100 -1.540334 0.103434 0.0500
10200 -1.532404 0.094224 0.0500
10300 -1.551640 0.108039 0.0500
10400 -1.557467 0.110570 0.0500
10500 -1.548819 0.099155 0.0500
10600 -1.551248 0.098534 0.0500
10700 -1.562188 0.106233 0.0500
10800 -1.561496 0.102428 0.0500
10900 -1.542910 0.084560 0.0500
11000 -1.528886 0.075056 0.0500
11100 -1.535820 0.076834 0.0500
11200 -1.539175 0.077013 0.0500
11300 -1.517757 0.066587 0.0500
11400 -1.488838 0.060225 0.0500
11500 -1.479818 0.058593 0.0500
11600 -1.488696 0.058259 0.0500
11700 -1.470974 0.056536 0.0500
11800 -1.431567 0.058895 0.0500
11900 -1.422816 0.059089 0.0500
12000 -1.452797 0.054842 0.0500
12100 -1.464665 0.053577 0.0500
12200 -1.420900 0.057051 0.0500
12300 -1.389827 0.058922 0.0500
12400 -1.418142 0.055741 0.0500
12500 -1.441669 0.052211 0.0500
12600 -1.410656 0.055096 0.0500
12700 -1.370883 0.055573 0.0500
12800 -1.385962 0.055172 0.0500
12900 -1.420014 0.051969 0.0500
13000 -1.397770 0.053235 0.0500
13100 -1.353895 0.051853 0.0500
13200 -1.348682 0.050854 0.0500
13300 -1.376167 0.051587 0.0500
13400 -1.378188 0.050910 0.0500
13500 -1.345022 0.048860 0.0500
13600 -1.328428 0.048922 0.0500
13700 -1.347392 0.047626 0.0500
13800 -1.366203 0.047991 0.0500
13900 -1.350158 0.046487 0.0500
14000 -1.330423 0.046405 0.0500
14100 -1.331271 0.045724 0.0500
14200 -1.335691 0.044825 0.0500
14300 -1.339185 0.044135 0.0500
14400 -1.327351 0.044485 0.0500
14500 -1.309895 0.048146 0.0500
14600 -1.306837 0.048680 0.0500
14700 -1.325327 0.043109 0.0500
14800 -1.352276 0.042132 0.0500
14900 -1.351287 0.041567 0.0500
15000 -1.320957 0.042495 0.0500
15100 -1.307921 0.045784 0.0500
15200 -1.327485 0.040476 0.0500
15300 -1.353716 0.040134 0.0500
15400 -1.351524 0.039496 0.0500
15500 -1.341693 0.038569 0.0500
15600 -1.354539 0.038919 0.0500
15700 -1.383764 0.042324 0.0500
15800 -1.382166 0.041612 0.0500
15900 -1.350190 0.037417 0.0500
16000 -1.343382 0.036764 0.0500
16100 -1.379828 0.040143 0.0500
16200 -1.411750 0.043429 0.0500
16300 -1.397195 0.041487 0.0500
16400 -1.376141 0.038400 0.0500
16500 -1.393420 0.040170 0.0500
16600 -1.424910 0.042760 0.0500
16700 -1.426371 0.042369 0.0500
16800 -1.411086 0.040640 0.0500
16900 -1.426170 0.041403 0.0500
17000 -1.454565 0.043803 0.0500
17100 -1.447531 0.042418 0.0500
17200 -1.422500 0.039814 0.0500
17300 -1.421898 0.039333 0.0500
17400 -1.445575 0.040888 0.0500
17500 -1.450097 0.040949 0.0500
17600 -1.426341 0.038395 0.0500
17700 -1.417918 0.037516 0.0500
17800 -1.445839 0.039244 0.0500
17900 -1.466187 0.041879 0.0500
18000 -1.445787 0.038394 0.0500
18100 -1.416459 0.036121 0.0500
18200 -1.428277 0.036274 0.0500
18300 -1.457204 0.038830 0.0500
18400 -1.447336 0.037084 0.0500
18500 -1.411319 0.034717 0.0500
18600 -1.410494 0.034365 0.0500
18700 -1.448879 0.036350 0.0500
18800 -1.467051 0.039003 0.0500
18900 -1.443326 0.035019 0.0500
19000 -1.417897 0.033407 0.0500
19100 -1.432177 0.033567 0.0500
19200 -1.451191 0.034989 0.0500
19300 -1.441576 0.033593 0.0500
19400 -1.414054 0.032253 0.0500
19500 -1.410335 0.031967 0.0500
19600 -1.439887 0.032632 0.0500
19700 -1.462196 0.035419 0.0500
19800 -1.441670 0.032197 0.0500
19900 -1.415037 0.030987 0.0500
20000 -1.415463 0.030717 0.0500
20100 -1.440641 0.031342 0.0500
20200 -1.454859 0.032799 0.0500
20300 -1.437574 0.030565 0.0500
20400 -1.419334 0.029760 0.0500
20500 -1.429211 0.029654 0.0500
20600 -1.439478 0.029965 0.0500
20700 -1.429359 0.029173 0.0500
20800 -1.425630 0.028849 0.0500
20900 -1.439631 0.029263 0.0500
21000 -1.455821 0.031028 0.0500
21100 -1.455851 0.030766 0.0500
21200 -1.445945 0.029131 0.0500
21300 -1.445088 0.028804 0.0500
21400 -1.460095 0.030789 0.0500
21500 -1.462326 0.030971 0.0500
21600 -1.440989 0.027755 0.0500
21700 -1.437239 0.027301 0.0500
21800 -1.466293 0.031151 0.0500
21900 -1.489512 0.037972 0.0500
22000 -1.477859 0.033631 0.0500
22100 -1.453033 0.027945 0.0500
22200 -1.442468 0.026648 0.0500
22300 -1.454514 0.027733 0.0500
22400 -1.463346 0.029036 0.0500
22500 -1.446975 0.026418 0.0500
22600 -1.429584 0.025468 0.0500
22700 -1.431803 0.025295 0.0500
22800 -1.437082 0.025236 0.0500
22900 -1.417469 0.025271 0.0500
23000 -1.390892 0.027173 0.0500
23100 -1.395281 0.026572 0.0500
23200 -1.415602 0.024853 0.0500
23300 -1.411385 0.024927 0.0500
23400 -1.394246 0.026128 0.0500
23500 -1.397062 0.025687 0.0500
23600 -1.414818 0.024224 0.0500
23700 -1.407082 0.024535 0.0500
23800 -1.378146 0.026933 0.0500
23900 -1.363168 0.028149 0.0500
24000 -1.375944 0.026733 0.0500
24100 -1.386840 0.025548 0.0500
24200 -1.371560 0.026753 0.0500
24300 -1.349034 0.028907 0.0500
24400 -1.351006 0.028431 0.0500
24500 -1.360222 0.027212 0.0500
24600 -1.355946 0.027441 0.0500
24700 -1.348697 0.028066 0.0500
24800 -1.344151 0.028457 0.0500
24900 -1.347281 0.027806 0.0500
25000 -1.342868 0.028200 0.0500
25100 -1.338308 0.028705 0.0500
25200 -1.336799 0.028741 0.0500
25300 -1.342005 0.027662 0.0500
25400 -1.336152 0.028409 0.0500
25500 -1.325087 0.030656 0.0500
25600 -1.322357 0.031166 0.0500
25700 -1.323743 0.030498 0.0500
25800 -1.326046 0.029627 0.0500
25900 -1.321433 0.030654 0.0500
26000 -1.298708 0.040615 0.0500
26100 -1.274846 0.061279 0.0500
26200 -1.269119 0.067275 0.0500
26300 -1.276524 0.057263 0.0500
26400 -1.282717 0.050210 0.0500
26500 -1.271270 0.061483 0.0500
26600 -1.257176 0.079604 0.0500
26700 -1.249714 0.089813 0.0500
26800 -1.248770 0.089153 0.0500
26900 -1.244154 0.094711 0.0500
27000 -1.239464 0.100342 0.0500
27100 -1.229689 0.115159 0.0500
27200 -1.222555 0.124628 0.0500
27300 -1.230269 0.106727 0.0500
27400 -1.241063 0.086409 0.0500
27500 -1.235145 0.093328 0.0500
27600 -1.218333 0.118713 0.0500
27700 -1.212731 0.124439 0.0500
27800 -1.219850 0.108481 0.0500
27900 -1.220585 0.104094 0.0500
28000 -1.213215 0.112553 0.0500
28100 -1.217009 0.103291 0.0500
28200 -1.225918 0.087922 0.0500
28300 -1.227280 0.084034 0.0500
28400 -1.221785 0.089178 0.0500
28500 -1.226250 0.081330 0.0500
28600 -1.233283 0.071464 0.0500
28700 -1.223057 0.081808 0.0500
28800 -1.208319 0.099651 0.0500
28900 -1.228317 0.071964 0.0500
29000 -1.269979 0.039507 0.0500
29100 -1.276407 0.036179 0.0500
29200 -1.250418 0.050194 0.0500
29300 -1.229912 0.067006 0.0500
29400 -1.243795 0.053466 0.0500
29500 -1.273175 0.035815 0.0500
29600 -1.274468 0.034939 0.0500
29700 -1.257921 0.042474 0.0500
29800 -1.251130 0.046077 0.0500
29900 -1.266791 0.036996 0.0500
30000 -1.280280 0.031463 0.0500
30100 -1.270815 0.034597 0.0500
30200 -1.253175 0.043042 0.0500
30300 -1.251158 0.043762 0.0500
30400 -1.274533 0.032129 0.0500
30500 -1.293578 0.026706 0.0500
30600 -1.292718 0.026681 0.0500
30700 -1.287926 0.027533 0.0500
30800 -1.296538 0.025561 0.0500
30900 -1.297661 0.025186 0.0500
31000 -1.290663 0.026334 0.0500
31100 -1.290776 0.026117 0.0500
31200 -1.303172 0.023840 0.0500
31300 -1.322856 0.022083 0.0500
31400 -1.327732 0.021799 0.0500
31500 -1.333176 0.021589 0.0500
31600 -1.350483 0.021635 0.0500
31700 -1.360961 0.021742 0.0500
31800 -1.353319 0.021437 0.0500
31900 -1.338526 0.021094 0.0500
32000 -1.345649 0.021040 0.0500
32100 -1.363587 0.021311 0.0500
32200 -1.371897 0.021359 0.0500
32300 -1.362395 0.021033 0.0500
32400 -1.356390 0.020773 0.0500
32500 -1.359506 0.020723 0.0500
32600 -1.375193 0.020936 0.0500
32700 -1.378070 0.020860 0.0500
32800 -1.373893 0.020670 0.0500
32900 -1.379129 0.020635 0.0500
33000 -1.394133 0.020675 0.0500
33100 -1.387236 0.020497 0.0500
33200 -1.381568 0.020319 0.0500
33300 -1.388801 0.020280 0.0500
33400 -1.401846 0.020289 0.0500
33500 -1.404221 0.020204 0.0500
33600 -1.395190 0.019998 0.0500
33700 -1.394016 0.019877 0.0500
33800 -1.412996 0.020047 0.0500
33900 -1.436526 0.021340 0.0500
34000 -1.433014 0.020883 0.0500
34100 -1.420323 0.019965 0.0500
34200 -1.427770 0.020252 0.0500
34300 -1.447047 0.022192 0.0500
34400 -1.447367 0.022104 0.0500
34500 -1.429468 0.020020 0.0500
34600 -1.423223 0.019549 0.0500
34700 -1.438648 0.020609 0.0500
34800 -1.453895 0.022744 0.0500
34900 -1.443135 0.020895 0.0500
35000 -1.427859 0.019368 0.0500
35100 -1.420965 0.018939 0.0500
35200 -1.421448 0.018856 0.0500
35300 -1.420955 0.018739 0.0500
35400 -1.406407 0.018403 0.0500
35500 -1.395379 0.018368 0.0500
35600 -1.394591 0.018283 0.0500
35700 -1.387825 0.018272 0.0500
35800 -1.381479 0.018264 0.0500
35900 -1.386397 0.018106 0.0500
36000 -1.383408 0.018054 0.0500
36100 -1.363356 0.018227 0.0500
36200 -1.356906 0.018226 0.0500
36300 -1.366128 0.018008 0.0500
36400 -1.365571 0.017925 0.0500
36500 -1.353420 0.018015 0.0500
36600 -1.336203 0.018428 0.0500
36700 -1.339186 0.018212 0.0500
36800 -1.359256 0.017665 0.0500
36900 -1.366841 0.017495 0.0500
37000 -1.352648 0.017594 0.0500
37100 -1.352575 0.017509 0.0500
37200 -1.366215 0.017252 0.0500
37300 -1.353067 0.017334 0.0500
37400 -1.332359 0.017963 0.0500
37500 -1.333319 0.017821 0.0500
37600 -1.351566 0.017118 0.0500
37700 -1.350950 0.017048 0.0500
37800 -1.332306 0.017630 0.0500
37900 -1.320989 0.018379 0.0500
38000 -1.330087 0.017586 0.0500
38100 -1.341638 0.016965 0.0500
38200 -1.339924 0.016944 0.0500
38300 -1.341923 0.016796 0.0500
38400 -1.359020 0.016427 0.0500
38500 -1.361975 0.016338 0.0500
38600 -1.341521 0.016588 0.0500
38700 -1.321704 0.017698 0.0500
38800 -1.330987 0.016914 0.0500
38900 -1.359843 0.016078 0.0500
39000 -1.365344 0.016004 0.0500
39100 -1.346596 0.016088 0.0500
39200 -1.344702 0.016061 0.0500
39300 -1.384210 0.015966 0.0500
39400 -1.404269 0.016303 0.0500
39500 -1.376958 0.015749 0.0500
39600 -1.356685 0.015641 0.0500
39700 -1.385388 0.015717 0.0500
39800 -1.414847 0.016490 0.0500
39900 -1.405838 0.016036 0.0500
40000 -1.379945 0.015462 0.0500
40100 -1.389422 0.015514 0.0500
40200 -1.417201 0.016354 0.0500
40300 -1.420668 0.016495 0.0500
40400 -1.399400 0.015515 0.0500
40500 -1.406004 0.015637 0.0500
40600 -1.431320 0.017186 0.0500
40700 -1.447138 0.019287 0.0500
40800 -1.431909 0.017077 0.0500
40900 -1.419621 0.015993 0.0500
41000 -1.432574 0.016992 0.0500
41100 -1.446280 0.018788 0.0500
41200 -1.441352 0.017916 0.0500
41300 -1.433368 0.016828 0.0500
41400 -1.444705 0.018253 0.0500
41500 -1.465575 0.022758 0.0500
41600 -1.471789 0.024511 0.0500
41700 -1.449672 0.018788 0.0500
41800 -1.435550 0.016645 0.0500
41900 -1.444298 0.017710 0.0500
42000 -1.461878 0.021169 0.0500
42100 -1.456871 0.019851 0.0500
42200 -1.437502 0.016536 0.0500
42300 -1.452196 0.018692 0.0500
42400 -1.480808 0.026756 0.0500
42500 -1.472012 0.023470 0.0500
42600 -1.441370 0.016670 0.0500
42700 -1.430135 0.015444 0.0500
42800 -1.453797 0.018516 0.0500
42900 -1.476135 0.024411 0.0500
43000 -1.481836 0.026327 0.0500
43100 -1.470290 0.022198 0.0500
43200 -1.472517 0.022740 0.0500
43300 -1.483304 0.026381 0.0500
43400 -1.487824 0.028019 0.0500
43500 -1.458095 0.018591 0.0500
43600 -1.438455 0.015541 0.0500
43700 -1.459170 0.018645 0.0500
43800 -1.491807 0.029211 0.0500
43900 -1.495611 0.030724 0.0500
44000 -1.476479 0.022864 0.0500
44100 -1.476540 0.022738 0.0500
44200 -1.486077 0.025997 0.0500
44300 -1.485594 0.025621 0.0500
44400 -1.476979 0.022415 0.0500
44500 -1.478938 0.022909 0.0500
44600 -1.488696 0.026339 0.0500
44700 -1.500442 0.031421 0.0500
44800 -1.493608 0.027971 0.0500
44900 -1.489893 0.026199 0.0500
45000 -1.496895 0.029010 0.0500
45100 -1.507088 0.033842 0.0500
45200 -1.498606 0.029290 0.0500
45300 -1.495698 0.027752 0.0500
45400 -1.502057 0.030450 0.0500
45500 -1.500910 0.029646 0.0500
45600 -1.503957 0.030866 0.0500
45700 -1.506941 0.032103 0.0500
45800 -1.487327 0.023434 0.0500
45900 -1.495533 0.026379 0.0500
46000 -1.518758 0.038080 0.0500
46100 -1.524525 0.041433 0.0500
46200 -1.509122 0.031835 0.0500
46300 -1.505458 0.029750 0.0500
46400 -1.526276 0.041488 0.0500
46500 -1.538321 0.050209 0.0500
46600 -1.516346 0.034363 0.0500
46700 -1.496797 0.025026 0.0500
46800 -1.517964 0.034720 0.0500
46900 -1.548308 0.057521 0.0500
47000 -1.543720 0.052277 0.0500
47100 -1.518491 0.033782 0.0500
47200 -1.517840 0.033115 0.0500
47300 -1.547587 0.054231 0.0500
47400 -1.558825 0.065209 0.0500
47500 -1.530099 0.038961 0.0500
47600 -1.520541 0.033016 0.0500
47700 -1.543508 0.047967 0.0500
47800 -1.554268 0.057284 0.0500
47900 -1.539010 0.043125 0.0500
48000 -1.526950 0.034906 0.0500
48100 -1.541131 0.043771 0.0500
48200 -1.562099 0.063088 0.0500
48300 -1.555907 0.055297 0.0500
48400 -1.544912 0.044740 0.0500
48500 -1.544572 0.043923 0.0500
48600 -1.550865 0.048491 0.0500
48700 -1.550787 0.047771 0.0500
48800 -1.547284 0.044291 0.0500
48900 -1.538886 0.037895 0.0500
49000 -1.531092 0.033077 0.0500
49100 -1.535377 0.035079 0.0500
49200 -1.553230 0.047333 0.0500
49300 -1.552692 0.046250 0.0500
49400 -1.535038 0.033710 0.0500
49500 -1.535477 0.033628 0.0500
49600 -1.546690 0.040239 0.0500
49700 -1.547070 0.040057 0.0500
49800 -1.536185 0.032963 0.0500
49900 -1.530988 0.030120 0.0500
50000 -1.543101 0.036330 0.0500
50100 -1.569123 0.059044 0.0500
50200 -1.573862 0.064011 0.0500
50300 -1.558719 0.046375 0.0500
50400 -1.559926 0.046863 0.0500
50500 -1.573563 0.060945 0.0500
50600 -1.580243 0.068867 0.0500
50700 -1.573535 0.058748 0.0500
50800 -1.577412 0.062642 0.0500
50900 -1.594099 0.087077 0.0500
51000 -1.601579 0.098591 0.0500
51100 -1.590378 0.076666 0.0500
51200 -1.583041 0.064527 0.0500
51300 -1.595162 0.081270 0.0500
51400 -1.604053 0.094755 0.0500
51500 -1.587722 0.066550 0.0500
51600 -1.573858 0.049464 0.0500
51700 -1.589853 0.067331 0.0500
51800 -1.605765 0.091017 0.0500
51900 -1.602508 0.083237 0.0500
52000 -1.593396 0.067740 0.0500
52100 -1.587108 0.058555 0.0500
52200 -1.583808 0.053935 0.0500
52300 -1.595626 0.067423 0.0500
52400 -1.602253 0.075665 0.0500
52500 -1.596171 0.065510 0.0500
52600 -1.590750 0.057654 0.0500
52700 -1.592623 0.058912 0.0500
52800 -1.597713 0.064251 0.0500
52900 -1.594613 0.059258 0.0500
53000 -1.574993 0.039943 0.0500
53100 -1.562070 0.031917 0.0500
53200 -1.565813 0.033524 0.0500
53300 -1.571020 0.036194 0.0500
53400 -1.566543 0.033265 0.0500
53500 -1.550504 0.026268 0.0500
53600 -1.539248 0.023051 0.0500
53700 -1.536556 0.022323 0.0500
53800 -1.537172 0.022312 0.0500
53900 -1.537575 0.022258 0.0500
54000 -1.535889 0.021776 0.0500
54100 -1.526871 0.020068 0.0500
54200 -1.523209 0.019417 0.0500
54300 -1.534025 0.021055 0.0500
54400 -1.538095 0.021733 0.0500
54500 -1.517746 0.018386 0.0500
54600 -1.488264 0.015401 0.0500
54700 -1.494054 0.015828 0.0500
54800 -1.526250 0.019292 0.0500
54900 -1.536747 0.020991 0.0500
55000 -1.511626 0.017273 0.0500
55100 -1.497699 0.015865 0.0500
55200 -1.506166 0.016568 0.0500
55300 -1.510749 0.016947 0.0500
55400 -1.483606 0.014544 0.0500
55500 -1.452948 0.012856 0.0500
55600 -1.451731 0.012774 0.0500
55700 -1.463087 0.013157 0.0500
55800 -1.445451 0.012540 0.0500
55900 -1.408839 0.012885 0.0500
56000 -1.385726 0.013625 0.0500
56100 -1.389760 0.013436 0.0500
56200 -1.409346 0.012735 0.0500
56300 -1.389455 0.013352 0.0500
56400 -1.362322 0.014211 0.0500
56500 -1.370320 0.013888 0.0500
56600 -1.386991 0.013291 0.0500
56700 -1.372441 0.013717 0.0500
56800 -1.340753 0.014963 0.0500
56900 -1.327197 0.015914 0.0500
57000 -1.332798 0.015372 0.0500
57100 -1.339262 0.014863 0.0500
57200 -1.325972 0.015827 0.0500
57300 -1.310883 0.017610 0.0500
57400 -1.314848 0.016952 0.0500
57500 -1.333728 0.014974 0.0500
57600 -1.333496 0.014928 0.0500
57700 -1.314732 0.016757 0.0500
57800 -1.291653 0.021119 0.0500
57900 -1.288258 0.021910 0.0500
58000 -1.286221 0.022362 0.0500
58100 -1.272036 0.027204 0.0500
58200 -1.258948 0.033301 0.0500
58300 -1.257888 0.033585 0.0500
58400 -1.262780 0.030678 0.0500
58500 -1.260476 0.031591 0.0500
58600 -1.256311 0.033586 0.0500
58700 -1.247323 0.038942 0.0500
58800 -1.251714 0.035636 0.0500
58900 -1.264507 0.028474 0.0500
59000 -1.265396 0.027852 0.0500
59100 -1.261931 0.029218 0.0500
59200 -1.264390 0.027853 0.0500
59300 -1.269459 0.025540 0.0500
59400 -1.263218 0.027963 0.0500
59500 -1.261056 0.028741 0.0500
59600 -1.273079 0.023660 0.0500
59700 -1.286365 0.019706 0.0500
59800 -1.292423 0.018292 0.0500
59900 -1.294404 0.017822 0.0500
60000 -1.286544 0.019361 0.0500
60100 -1.274114 0.022698 0.0500
60200 -1.268754 0.024435 0.0500
60300 -1.266721 0.025051 0.0500
60400 -1.275587 0.021785 0.0500
60500 -1.278326 0.020848 0.0500
60600 -1.265986 0.024877 0.0500
60700 -1.252434 0.031171 0.0500
60800 -1.261061 0.026558 0.0500
60900 -1.279295 0.020029 0.0500
61000 -1.270182 0.022661 0.0500
61100 -1.243953 0.035641 0.0500
61200 -1.240251 0.037964 0.0500
61300 -1.261974 0.025181 0.0500
61400 -1.287630 0.017525 0.0500
61500 -1.301996 0.015253 0.0500
61600 -1.300202 0.015405 0.0500
61700 -1.283336 0.018173 0.0500
61800 -1.282000 0.018378 0.0500
61900 -1.288932 0.016880 0.0500
62000 -1.293652 0.016017 0.0500
62100 -1.287396 0.017008 0.0500
62200 -1.276207 0.019455 0.0500
62300 -1.279739 0.018458 0.0500
62400 -1.294877 0.015532 0.0500
62500 -1.306205 0.014158 0.0500
62600 -1.305429 0.014174 0.0500
62700 -1.281186 0.017826 0.0500
62800 -1.262546 0.023424 0.0500
62900 -1.261614 0.023646 0.0500
63000 -1.273960 0.019316 0.0500
63100 -1.275342 0.018838 0.0500
63200 -1.258349 0.024628 0.0500
63300 -1.243861 0.032379 0.0500
63400 -1.241583 0.033639 0.0500
63500 -1.239525 0.034797 0.0500
63600 -1.235045 0.037931 0.0500
63700 -1.227010 0.044796 0.0500
63800 -1.222456 0.048991 0.0500
63900 -1.226561 0.044078 0.0500
64000 -1.236644 0.034922 0.0500
64100 -1.234887 0.035911 0.0500
64200 -1.218379 0.051366 0.0500
64300 -1.199301 0.077651 0.0500
64400 -1.206487 0.064865 0.0500
64500 -1.213427 0.054507 0.0500
64600 -1.204638 0.065387 0.0500
64700 -1.195215 0.078888 0.0500
64800 -1.201557 0.067247 0.0500
64900 -1.208274 0.056876 0.0500
65000 -1.204544 0.060814 0.0500
65100 -1.197007 0.070560 0.0500
65200 -1.191520 0.077835 0.0500
65300 -1.174625 0.106769 0.0500
65400 -1.167895 0.116859 0.0500
65500 -1.174897 0.099825 0.0500
65600 -1.190884 0.070956 0.0500
65700 -1.191817 0.068241 0.0500
65800 -1.176600 0.090607 0.0500
65900 -1.167888 0.103646 0.0500
66000 -1.176660 0.085759 0.0500
66100 -1.192294 0.061652 0.0500
66200 -1.191860 0.061127 0.0500
66300 -1.185546 0.068152 0.0500
66400 -1.183294 0.069904 0.0500
66500 -1.182837 0.069171 0.0500
66600 -1.187106 0.062364 0.0500
66700 -1.184147 0.064978 0.0500
66800 -1.185913 0.061622 0.0500
66900 -1.189617 0.056293 0.0500
67000 -1.191679 0.053203 0.0500
67100 -1.197013 0.047212 0.0500
67200 -1.206298 0.039015 0.0500
67300 -1.209063 0.036661 0.0500
67400 -1.203128 0.040555 0.0500
67500 -1.193338 0.048521 0.0500
67600 -1.187935 0.053324 0.0500
67700 -1.199071 0.042155 0.0500
67800 -1.204308 0.037706 0.0500
67900 -1.191033 0.048309 0.0500
68000 -1.176027 0.064687 0.0500
68100 -1.175750 0.063890 0.0500
68200 -1.182432 0.054756 0.0500
68300 -1.183684 0.052569 0.0500
68400 -1.174490 0.062518 0.0500
68500 -1.160856 0.081055 0.0500
68600 -1.172232 0.062943 0.0500
68700 -1.191209 0.042307 0.0500
68800 -1.184898 0.047312 0.0500
68900 -1.166069 0.068543 0.0500
69000 -1.164784 0.069034 0.0500
69100 -1.162296 0.071243 0.0500
69200 -1.154955 0.080989 0.0500
69300 -1.150006 0.087283 0.0500
69400 -1.155846 0.075917 0.0500
69500 -1.157875 0.071371 0.0500
69600 -1.158829 0.068636 0.0500
69700 -1.164617 0.059949 0.0500
69800 -1.170462 0.052473 0.0500
69900 -1.162693 0.060392 0.0500
70000 -1.156704 0.067004 0.0500
70100 -1.163885 0.056908 0.0500
70200 -1.176105 0.044092 0.0500
70300 -1.177969 0.042048 0.0500
70400 -1.172890 0.045782 0.0500
70500 -1.168351 0.049412 0.0500
70600 -1.164388 0.052760 0.0500
70700 -1.161700 0.054902 0.0500
70800 -1.167726 0.047886 0.0500
70900 -1.181818 0.036205 0.0500
71000 -1.191761 0.030322 0.0500
71100 -1.211745 0.022831 0.0500
71200 -1.232119 0.018465 0.0500
71300 -1.237304 0.017593 0.0500
71400 -1.238477 0.017344 0.0500
71500 -1.241913 0.016807 0.0500
71600 -1.243132 0.016576 0.0500
71700 -1.254989 0.015206 0.0500
71800 -1.259115 0.014759 0.0500
71900 -1.251852 0.015391 0.0500
72000 -1.259890 0.014568 0.0500
72100 -1.295336 0.012405 0.0500
72200 -1.316001 0.011957 0.0500
72300 -1.303294 0.012098 0.0500
72400 -1.289349 0.012512 0.0500
72500 -1.309715 0.011902 0.0500
72600 -1.345511 0.012065 0.0500
72700 -1.351712 0.012136 0.0500
72800 -1.330416 0.011769 0.0500
72900 -1.333649 0.011764 0.0500
73000 -1.368116 0.012282 0.0500
73100 -1.381900 0.012325 0.0500
73200 -1.362866 0.012132 0.0500
73300 -1.345977 0.011810 0.0500
73400 -1.362304 0.012045 0.0500
73500 -1.390408 0.012160 0.0500
73600 -1.379635 0.012129 0.0500
73700 -1.353766 0.011800 0.0500
73800 -1.381070 0.012057 0.0500
73900 -1.419404 0.011813 0.0500
74000 -1.414964 0.011794 0.0500
74100 -1.385703 0.011955 0.0500
74200 -1.393548 0.011884 0.0500
74300 -1.428205 0.011684 0.0500
74400 -1.431287 0.011669 0.0500
74500 -1.401212 0.011724 0.0500
74600 -1.395114 0.011736 0.0500
74700 -1.423689 0.011526 0.0500
74800 -1.434884 0.011580 0.0500
74900 -1.404634 0.011552 0.0500
75000 -1.381983 0.011674 0.0500
75100 -1.398995 0.011532 0.0500
75200 -1.412666 0.011383 0.0500
75300 -1.390995 0.011525 0.0500
75400 -1.383161 0.011530 0.0500
75500 -1.397584 0.011400 0.0500
75600 -1.405164 0.011300 0.0500
75700 -1.386724 0.011408 0.0500
75800 -1.364873 0.011376 0.0500
75900 -1.367202 0.011350 0.0500
76000 -1.375852 0.011333 0.0500
76100 -1.371989 0.011293 0.0500
76200 -1.364130 0.011230 0.0500
76300 -1.371169 0.011221 0.0500
76400 -1.378847 0.011191 0.0500
76500 -1.360570 0.011109 0.0500
76600 -1.327402 0.011003 0.0500
76700 -1.309360 0.011262 0.0500
76800 -1.327432 0.010937 0.0500
76900 -1.340434 0.010884 0.0500
77000 -1.320871 0.010937 0.0500
77100 -1.288960 0.011953 0.0500
77200 -1.295340 0.011599 0.0500
77300 -1.327792 0.010781 0.0500
77400 -1.322762 0.010789 0.0500
77500 -1.280301 0.012339 0.0500
77600 -1.255773 0.014350 0.0500
77700 -1.282033 0.012142 0.0500
77800 -1.317097 0.010757 0.0500
77900 -1.310446 0.010854 0.0500
78000 -1.286046 0.011801 0.0500
78100 -1.288039 0.011651 0.0500
78200 -1.320334 0.010593 0.0500
78300 -1.340686 0.010545 0.0500
78400 -1.333484 0.010480 0.0500
78500 -1.322286 0.010484 0.0500
78600 -1.336321 0.010429 0.0500
78700 -1.359212 0.010626 0.0500
78800 -1.366276 0.010677 0.0500
78900 -1.357112 0.010538 0.0500
79000 -1.355673 0.010489 0.0500
79100 -1.364175 0.010560 0.0500
79200 -1.375785 0.010648 0.0500
79300 -1.367766 0.010539 0.0500
79400 -1.354029 0.010352 0.0500
79500 -1.365505 0.010454 0.0500
79600 -1.390860 0.010622 0.0500
79700 -1.387457 0.010575 0.0500
79800 -1.370458 0.010419 0.0500
79900 -1.382879 0.010489 0.0500
80000 -1.413832 0.010607 0.0500
80100 -1.414171 0.010578 0.0500
80200 -1.390778 0.010445 0.0500
80300 -1.392348 0.010420 0.0500
80400 -1.414583 0.010495 0.0500
80500 -1.417319 0.010491 0.0500
80600 -1.399726 0.010357 0.0500
80700 -1.397776 0.010322 0.0500
80800 -1.421908 0.010462 0.0500
80900 -1.451530 0.011392 0.0500
81000 -1.451536 0.011356 0.0500
81100 -1.431077 0.010547 0.0500
81200 -1.421233 0.010337 0.0500
81300 -1.444577 0.010931 0.0500
81400 -1.471892 0.012587 0.0500
81500 -1.460846 0.011740 0.0500
81600 -1.440879 0.010687 0.0500
81700 -1.445003 0.010816 0.0500
81800 -1.461084 0.011652 0.0500
81900 -1.456033 0.011301 0.0500
82000 -1.430269 0.010266 0.0500
82100 -1.424969 0.010145 0.0500
82200 -1.448988 0.010837 0.0500
82300 -1.468801 0.012040 0.0500
82400 -1.464855 0.011709 0.0500
82500 -1.443776 0.010515 0.0500
82600 -1.445807 0.010566 0.0500
82700 -1.454183 0.010938 0.0500
82800 -1.458918 0.011180 0.0500
82900 -1.445060 0.010441 0.0500
83000 -1.436724 0.010133 0.0500
83100 -1.446100 0.010424 0.0500
83200 -1.463882 0.011379 0.0500
83300 -1.466276 0.011513 0.0500
83400 -1.458611 0.010965 0.0500
83500 -1.463966 0.011278 0.0500
83600 -1.467399 0.011487 0.0500
83700 -1.452693 0.010537 0.0500
83800 -1.435275 0.009878 0.0500
83900 -1.432083 0.009786 0.0500
84000 -1.434544 0.009808 0.0500
84100 -1.433578 0.009761 0.0500
84200 -1.429726 0.009668 0.0500
84300 -1.441629 0.009917 0.0500
84400 -1.465906 0.011158 0.0500
84500 -1.465367 0.011085 0.0500
84600 -1.440901 0.009812 0.0500
84700 -1.432119 0.009581 0.0500
84800 -1.454055 0.010301 0.0500
84900 -1.486063 0.012743 0.0500
85000 -1.482777 0.012381 0.0500
85100 -1.455879 0.010308 0.0500
85200 -1.452728 0.010116 0.0500
85300 -1.473251 0.011437 0.0500
85400 -1.477104 0.011725 0.0500
85500 -1.447113 0.009787 0.0500
85600 -1.423929 0.009305 0.0500
85700 -1.423151 0.009279 0.0500
85800 -1.419797 0.009252 0.0500
85900 -1.396941 0.009432 0.0500
86000 -1.381254 0.009599 0.0500
86100 -1.385006 0.009532 0.0500
86200 -1.387596 0.009476 0.0500
86300 -1.371905 0.009606 0.0500
86400 -1.357112 0.009659 0.0500
86500 -1.351479 0.009656 0.0500
86600 -1.355359 0.009614 0.0500
86700 -1.354338 0.009592 0.0500
86800 -1.352916 0.009572 0.0500
86900 -1.350573 0.009556 0.0500
87000 -1.347888 0.009543 0.0500
87100 -1.352079 0.009499 0.0500
87200 -1.346287 0.009501 0.0500
87300 -1.339725 0.009519 0.0500
87400 -1.348084 0.009442 0.0500
87500 -1.361938 0.009367 0.0500
87600 -1.362949 0.009339 0.0500
87700 -1.358572 0.009329 0.0500
87800 -1.369924 0.009265 0.0500
87900 -1.378025 0.009200 0.0500
88000 -1.371043 0.009213 0.0500
88100 -1.361744 0.009225 0.0500
88200 -1.371039 0.009166 0.0500
88300 -1.383829 0.009072 0.0500
88400 -1.389665 0.009009 0.0500
88500 -1.380331 0.009049 0.0500
88600 -1.381186 0.009021 0.0500
88700 -1.399104 0.008880 0.0500
88800 -1.409267 0.008815 0.0500
88900 -1.399232 0.008835 0.0500
89000 -1.388807 0.008884 0.0500
89100 -1.398781 0.008795 0.0500
89200 -1.413511 0.008731 0.0500
89300 -1.410751 0.008708 0.0500
89400 -1.396144 0.008749 0.0500
89500 -1.406453 0.008674 0.0500
89600 -1.426576 0.008749 0.0500
89700 -1.426472 0.008726 0.0500
89800 -1.408907 0.008608 0.0500
89900 -1.399016 0.008632 0.0500
90000 -1.409022 0.008567 0.0500
90100 -1.414705 0.008548 0.0500
90200 -1.401526 0.008556 0.0500
90300 -1.391621 0.008608 0.0500
90400 -1.404562 0.008500 0.0500
90500 -1.422485 0.008522 0.0500
90600 -1.413232 0.008447 0.0500
90700 -1.385632 0.008587 0.0500
90800 -1.386884 0.008555 0.0500
90900 -1.407576 0.008394 0.0500
91000 -1.405566 0.008380 0.0500
91100 -1.395805 0.008418 0.0500
91200 -1.402446 0.008355 0.0500
91300 -1.412171 0.008314 0.0500
91400 -1.409007 0.008294 0.0500
91500 -1.393870 0.008358 0.0500
91600 -1.383415 0.008440 0.0500
91700 -1.385146 0.008402 0.0500
91800 -1.383226 0.008402 0.0500
91900 -1.372306 0.008498 0.0500
92000 -1.361376 0.008599 0.0500
92100 -1.368119 0.008503 0.0500
92200 -1.372986 0.008431 0.0500
92300 -1.364595 0.008502 0.0500
92400 -1.356150 0.008581 0.0500
92500 -1.361053 0.008502 0.0500
92600 -1.363377 0.008455 0.0500
92700 -1.352614 0.008566 0.0500
92800 -1.345543 0.008649 0.0500
92900 -1.352879 0.008521 0.0500
93000 -1.362231 0.008389 0.0500
93100 -1.364693 0.008343 0.0500
93200 -1.349805 0.008505 0.0500
93300 -1.335343 0.008747 0.0500
93400 -1.341569 0.008599 0.0500
93500 -1.345154 0.008516 0.0500
93600 -1.342865 0.008534 0.0500
93700 -1.339396 0.008579 0.0500
93800 -1.336691 0.008614 0.0500
93900 -1.334028 0.008653 0.0500
94000 -1.333609 0.008642 0.0500
94100 -1.327835 0.008772 0.0500
94200 -1.324802 0.008841 0.0500
94300 -1.331289 0.008636 0.0500
94400 -1.339711 0.008430 0.0500
94500 -1.350403 0.008245 0.0500
94600 -1.354507 0.008179 0.0500
94700 -1.341402 0.008342 0.0500
94800 -1.331569 0.008532 0.0500
94900 -1.330603 0.008537 0.0500
95000 -1.330910 0.008508 0.0500
95100 -1.339523 0.008298 0.0500
95200 -1.340467 0.008262 0.0500
95300 -1.332242 0.008416 0.0500
95400 -1.339371 0.008244 0.0500
95500 -1.362772 0.007954 0.0500
95600 -1.371165 0.007890 0.0500
95700 -1.349068 0.008044 0.0500
95800 -1.330731 0.008369 0.0500
95900 -1.349902 0.007999 0.0500
96000 -1.373298 0.007819 0.0500
96100 -1.361089 0.007864 0.0500
96200 -1.336440 0.008168 0.0500
96300 -1.343464 0.008019 0.0500
96400 -1.374218 0.007754 0.0500
96500 -1.379868 0.007724 0.0500
96600 -1.353594 0.007844 0.0500
96700 -1.333720 0.008151 0.0500
96800 -1.350772 0.007839 0.0500
96900 -1.374798 0.007676 0.0500
97000 -1.375873 0.007658 0.0500
97100 -1.360648 0.007705 0.0500
97200 -1.347612 0.007816 0.0500
97300 -1.351345 0.007753 0.0500
97400 -1.357708 0.007676 0.0500
97500 -1.357454 0.007662 0.0500
97600 -1.351916 0.007697 0.0500
97700 -1.339033 0.007876 0.0500
97800 -1.339326 0.007853 0.0500
97900 -1.348601 0.007686 0.0500
98000 -1.353985 0.007611 0.0500
98100 -1.351103 0.007624 0.0500
98200 -1.342867 0.007722 0.0500
98300 -1.341729 0.007725 0.0500
98400 -1.352990 0.007556 0.0500
98500 -1.361413 0.007479 0.0500
98600 -1.358836 0.007478 0.0500
98700 -1.355629 0.007485 0.0500
98800 -1.360962 0.007434 0.0500
98900 -1.366002 0.007398 0.0500
99000 -1.354969 0.007445 0.0500
99100 -1.348364 0.007500 0.0500
99200 -1.358759 0.007386 0.0500
99300 -1.366879 0.007336 0.0500
99400 -1.352256 0.007409 0.0500
99500 -1.345312 0.007483 0.0500
99600 -1.362232 0.007308 0.0500
99700 -1.386260 0.007302 0.0500
99800 -1.395229 0.007339 0.0500
99900 -1.388301 0.007282 0.0500
100000 -1.380004 0.007237 0.0500
100100 -1.390878 0.007266 0.0500
100200 -1.406401 0.007393 0.0500
100300 -1.407073 0.007386 0.0500
100400 -1.392265 0.007231 0.0500
100500 -1.402145 0.007298 0.0500
100600 -1.427142 0.007774 0.0500
100700 -1.433403 0.007976 0.0500
100800 -1.417867 0.007497 0.0500
100900 -1.408590 0.007318 0.0500
101000 -1.417654 0.007462 0.0500
101100 -1.440213 0.008209 0.0500
101200 -1.449426 0.008698 0.0500
101300 -1.436385 0.007997 0.0500
101400 -1.422428 0.007511 0.0500
101500 -1.424684 0.007555 0.0500
101600 -1.442045 0.008210 0.0500
101700 -1.444693 0.008331 0.0500
101800 -1.440221 0.008083 0.0500
101900 -1.448916 0.008536 0.0500
102000 -1.470284 0.010175 0.0500
102100 -1.476641 0.010769 0.0500
102200 -1.467701 0.009880 0.0500
102300 -1.459120 0.009143 0.0500
102400 -1.469476 0.009989 0.0500
102500 -1.502714 0.013683 0.0500
102600 -1.517670 0.015733 0.0500
102700 -1.500394 0.013278 0.0500
102800 -1.490243 0.012008 0.0500
102900 -1.504518 0.013713 0.0500
103000 -1.524685 0.016647 0.0500
103100 -1.510306 0.014372 0.0500
103200 -1.490206 0.011832 0.0500
103300 -1.513794 0.014759 0.0500
103400 -1.542297 0.020130 0.0500
103500 -1.522229 0.015902 0.0500
103600 -1.490427 0.011693 0.0500
103700 -1.513706 0.014509 0.0500
103800 -1.554389 0.023625 0.0500
103900 -1.562690 0.026982 0.0500
104000 -1.544301 0.020095 0.0500
104100 -1.537151 0.018234 0.0500
104200 -1.563300 0.026812 0.0500
104300 -1.584570 0.040904 0.0500
104400 -1.568010 0.028727 0.0500
104500 -1.552023 0.021691 0.0500
104600 -1.552858 0.021836 0.0500
104700 -1.576265 0.033221 0.0500
104800 -1.585855 0.040520 0.0500
104900 -1.571167 0.029355 0.0500
105000 -1.552829 0.021156 0.0500
105100 -1.577670 0.033077 0.0500
105200 -1.616881 0.080394 0.0500
105300 -1.600277 0.053631 0.0500
105400 -1.567233 0.025921 0.0500
105500 -1.578910 0.032408 0.0500
105600 -1.618317 0.079141 0.0500
105700 -1.606783 0.059420 0.0500
105800 -1.574283 0.028382 0.0500
105900 -1.576161 0.029225 0.0500
106000 -1.607356 0.058458 0.0500
106100 -1.615846 0.070074 0.0500
106200 -1.595086 0.042374 0.0500
106300 -1.586239 0.034350 0.0500
106400 -1.606343 0.053973 0.0500
106500 -1.623955 0.079878 0.0500
106600 -1.616778 0.066398 0.0500
106700 -1.616687 0.065041 0.0500
106800 -1.637434 0.100229 0.0500
106900 -1.648315 0.119426 0.0500
107000 -1.638128 0.095631 0.0500
107100 -1.637650 0.092237 0.0500
107200 -1.647491 0.108130 0.0500
107300 -1.646426 0.102932 0.0500
107400 -1.633890 0.078750 0.0500
107500 -1.627938 0.068238 0.0500
107600 -1.638140 0.082228 0.0500
107700 -1.642683 0.087692 0.0500
107800 -1.624556 0.059645 0.0500
107900 -1.624472 0.058558 0.0500
108000 -1.646560 0.089254 0.0500
108100 -1.655201 0.101671 0.0500
108200 -1.641748 0.077338 0.0500
108300 -1.633782 0.064858 0.0500
108400 -1.642827 0.075885 0.0500
108500 -1.636156 0.065338 0.0500
108600 -1.615536 0.042786 0.0500
108700 -1.608426 0.036872 0.0500
108800 -1.621843 0.047373 0.0500
108900 -1.624638 0.049411 0.0500
109000 -1.612010 0.038065 0.0500
109100 -1.601325 0.030884 0.0500
109200 -1.608339 0.034830 0.0500
109300 -1.603929 0.031785 0.0500
109400 -1.580620 0.021567 0.0500
109500 -1.580067 0.021273 0.0500
109600 -1.601506 0.029825 0.0500
109700 -1.596792 0.027222 0.0500
109800 -1.569114 0.018174 0.0500
109900 -1.549436 0.015119 0.0500
110000 -1.548727 0.014980 0.0500
110100 -1.542938 0.014356 0.0500
110200 -1.514635 0.012349 0.0500
110300 -1.502150 0.011517 0.0500
110400 -1.524308 0.012864 0.0500
110500 -1.540386 0.013956 0.0500
110600 -1.509863 0.011893 0.0500
110700 -1.475866 0.009597 0.0500
110800 -1.490049 0.010541 0.0500
110900 -1.507967 0.011679 0.0500
111000 -1.484026 0.010069 0.0500
111100 -1.448355 0.007943 0.0500
111200 -1.455491 0.008261 0.0500
111300 -1.479100 0.009670 0.0500
111400 -1.469612 0.009026 0.0500
111500 -1.442707 0.007650 0.0500
111600 -1.438494 0.007491 0.0500
111700 -1.456479 0.008219 0.0500
111800 -1.452213 0.007992 0.0500
111900 -1.428722 0.007191 0.0500
112000 -1.417443 0.006999 0.0500
112100 -1.418504 0.006998 0.0500
112200 -1.429752 0.007172 0.0500
112300 -1.430991 0.007185 0.0500
112400 -1.417464 0.006945 0.0500
112500 -1.403682 0.006844 0.0500
112600 -1.418077 0.006926 0.0500
112700 -1.439345 0.007363 0.0500
112800 -1.426562 0.007025 0.0500
112900 -1.402779 0.006794 0.0500
113000 -1.408896 0.006801 0.0500
113100 -1.432574 0.007118 0.0500
113200 -1.443111 0.007427 0.0500
113300 -1.424950 0.006931 0.0500
113400 -1.408242 0.006749 0.0500
113500 -1.427760 0.006957 0.0500
113600 -1.449803 0.007647 0.0500
113700 -1.443482 0.007372 0.0500
113800 -1.427551 0.006912 0.0500
113900 -1.424551 0.006846 0.0500
114000 -1.434787 0.007052 0.0500
114100 -1.439340 0.007173 0.0500
114200 -1.419891 0.006742 0.0500
114300 -1.409613 0.006650 0.0500
114400 -1.420300 0.006722 0.0500
114500 -1.419593 0.006701 0.0500
114600 -1.405243 0.006602 0.0500
114700 -1.391598 0.006616 0.0500
114800 -1.392472 0.006600 0.0500
114900 -1.412257 0.006591 0.0500
115000 -1.408707 0.006562 0.0500
115100 -1.373382 0.006707 0.0500
115200 -1.364832 0.006793 0.0500
115300 -1.387857 0.006566 0.0500
115400 -1.398987 0.006512 0.0500
115500 -1.374092 0.006652 0.0500
115600 -1.356743 0.006867 0.0500
115700 -1.370290 0.006668 0.0500
115800 -1.385523 0.006523 0.0500
115900 -1.382180 0.006534 0.0500
116000 -1.370541 0.006629 0.0500
116100 -1.369257 0.006632 0.0500
116200 -1.370741 0.006603 0.0500
116300 -1.373271 0.006564 0.0500
116400 -1.371624 0.006569 0.0500
116500 -1.363290 0.006659 0.0500
116600 -1.354611 0.006786 0.0500
116700 -1.353597 0.006792 0.0500
116800 -1.369873 0.006540 0.0500
116900 -1.382837 0.006416 0.0500
117000 -1.370489 0.006510 0.0500
117100 -1.368502 0.006521 0.0500
117200 -1.387881 0.006355 0.0500
117300 -1.398461 0.006320 0.0500
117400 -1.385886 0.006342 0.0500
117500 -1.370246 0.006458 0.0500
117600 -1.376782 0.006382 0.0500
117700 -1.396405 0.006279 0.0500
117800 -1.406109 0.006287 0.0500
117900 -1.401081 0.006260 0.0500
118000 -1.396024 0.006246 0.0500
118100 -1.406828 0.006258 0.0500
118200 -1.413518 0.006298 0.0500
118300 -1.400049 0.006215 0.0500
118400 -1.387343 0.006230 0.0500
118500 -1.388691 0.006213 0.0500
118600 -1.384823 0.006222 0.0500
118700 -1.366308 0.006390 0.0500
118800 -1.368450 0.006351 0.0500
118900 -1.391889 0.006160 0.0500
119000 -1.395080 0.006144 0.0500
119100 -1.373232 0.006264 0.0500
119200 -1.371691 0.006270 0.0500
119300 -1.396443 0.006113 0.0500
119400 -1.406015 0.006127 0.0500
119500 -1.387428 0.006115 0.0500
119600 -1.365442 0.006312 0.0500
119700 -1.369277 0.006249 0.0500
119800 -1.386680 0.006088 0.0500
119900 -1.387205 0.006075 0.0500
120000 -1.369386 0.006217 0.0500
120100 -1.361095 0.006328 0.0500
120200 -1.372435 0.006160 0.0500
120300 -1.378113 0.006094 0.0500
120400 -1.361485 0.006290 0.0500
120500 -1.346839 0.006592 0.0500
120600 -1.348942 0.006526 0.0500
120700 -1.355573 0.006365 0.0500
120800 -1.354604 0.006374 0.0500
120900 -1.341110 0.006710 0.0500
121000 -1.330055 0.007099 0.0500
121100 -1.349649 0.006450 0.0500
121200 -1.382076 0.005984 0.0500
121300 -1.381654 0.005976 0.0500
121400 -1.354629 0.006310 0.0500
121500 -1.345700 0.006511 0.0500
121600 -1.354448 0.006291 0.0500
121700 -1.357460 0.006221 0.0500
121800 -1.350288 0.006361 0.0500
121900 -1.344659 0.006494 0.0500
122000 -1.344644 0.006483 0.0500
122100 -1.346539 0.006420 0.0500
122200 -1.339391 0.006619 0.0500
122300 -1.335550 0.006739 0.0500
122400 -1.338507 0.006623 0.0500
122500 -1.334299 0.006760 0.0500
122600 -1.327987 0.007004 0.0500
122700 -1.328989 0.006947 0.0500
122800 -1.325153 0.007106 0.0500
122900 -1.310978 0.007879 0.0500
123000 -1.296999 0.008878 0.0500
123100 -1.295010 0.009020 0.0500
123200 -1.299813 0.008611 0.0500
123300 -1.299365 0.008625 0.0500
123400 -1.281492 0.010190 0.0500
123500 -1.273232 0.011020 0.0500
123600 -1.279433 0.010336 0.0500
123700 -1.285691 0.009698 0.0500
123800 -1.283195 0.009908 0.0500
123900 -1.283719 0.009830 0.0500
124000 -1.288661 0.009349 0.0500
124100 -1.282923 0.009854 0.0500
124200 -1.270466 0.011113 0.0500
124300 -1.263310 0.011903 0.0500
124400 -1.265183 0.011642 0.0500
124500 -1.257480 0.012543 0.0500
124600 -1.246548 0.013987 0.0500
124700 -1.245491 0.014087 0.0500
124800 -1.256892 0.012478 0.0500
124900 -1.261347 0.011888 0.0500
125000 -1.261163 0.011871 0.0500
125100 -1.254388 0.012672 0.0500
125200 -1.252779 0.012837 0.0500
125300 -1.264408 0.011374 0.0500
125400 -1.276475 0.010075 0.0500
125500 -1.275767 0.010115 0.0500
125600 -1.279356 0.009746 0.0500
125700 -1.295988 0.008356 0.0500
125800 -1.311774 0.007355 0.0500
125900 -1.316286 0.007113 0.0500
126000 -1.306128 0.007641 0.0500
126100 -1.308854 0.007468 0.0500
126200 -1.321701 0.006829 0.0500
126300 -1.335576 0.006339 0.0500
126400 -1.328760 0.006538 0.0500
126500 -1.317888 0.006957 0.0500
126600 -1.319116 0.006889 0.0500
126700 -1.338689 0.006212 0.0500
126800 -1.345005 0.006062 0.0500
126900 -1.342717 0.006099 0.0500
127000 -1.348761 0.005974 0.0500
127100 -1.355165 0.005870 0.0500
127200 -1.360917 0.005799 0.0500
127300 -1.361753 0.005782 0.0500
127400 -1.368731 0.005724 0.0500
127500 -1.378067 0.005685 0.0500
127600 -1.386782 0.005680 0.0500
127700 -1.396443 0.005714 0.0500
127800 -1.401391 0.005743 0.0500
127900 -1.412339 0.005869 0.0500
128000 -1.413600 0.005880 0.0500
128100 -1.405639 0.005759 0.0500
128200 -1.398954 0.005686 0.0500
128300 -1.424242 0.006077 0.0500
128400 -1.434890 0.006397 0.0500
128500 -1.418287 0.005920 0.0500
128600 -1.412729 0.005809 0.0500
128700 -1.428497 0.006155 0.0500
128800 -1.451816 0.007136 0.0500
128900 -1.461498 0.007713 0.0500
129000 -1.453752 0.007217 0.0500
129100 -1.449889 0.006988 0.0500
129200 -1.468179 0.008126 0.0500
129300 -1.478677 0.008894 0.0500
129400 -1.478248 0.008838 0.0500
129500 -1.474261 0.008513 0.0500
129600 -1.484132 0.009253 0.0500
129700 -1.503065 0.010694 0.0500
129800 -1.492041 0.009820 0.0500
129900 -1.477051 0.008636 0.0500
130000 -1.490907 0.009683 0.0500
130100 -1.517170 0.011610 0.0500
130200 -1.516095 0.011495 0.0500
130300 -1.504302 0.010609 0.0500
130400 -1.510329 0.011014 0.0500
130500 -1.535229 0.012828 0.0500
130600 -1.531935 0.012514 0.0500
130700 -1.496722 0.009931 0.0500
130800 -1.493745 0.009685 0.0500
130900 -1.529440 0.012224 0.0500
131000 -1.539256 0.012995 0.0500
131100 -1.516149 0.011188 0.0500
131200 -1.509818 0.010717 0.0500
131300 -1.537899 0.012758 0.0500
131400 -1.551352 0.014115 0.0500
131500 -1.534568 0.012383 0.0500
131600 -1.525397 0.011648 0.0500
131700 -1.542948 0.013047 0.0500
131800 -1.562353 0.015533 0.0500
131900 -1.558215 0.014799 0.0500
132000 -1.545405 0.013141 0.0500
132100 -1.546920 0.013251 0.0500
132200 -1.550481 0.013602 0.0500
132300 -1.537948 0.012308 0.0500
132400 -1.519859 0.010982 0.0500
132500 -1.508316 0.010231 0.0500
132600 -1.526082 0.011321 0.0500
132700 -1.535207 0.011942 0.0500
132800 -1.510939 0.010302 0.0500
132900 -1.486718 0.008759 0.0500
133000 -1.497613 0.009430 0.0500
133100 -1.516578 0.010568 0.0500
133200 -1.494534 0.009187 0.0500
133300 -1.469447 0.007612 0.0500
133400 -1.477090 0.008053 0.0500
133500 -1.485978 0.008589 0.0500
133600 -1.471091 0.007657 0.0500
133700 -1.452968 0.006697 0.0500
133800 -1.462036 0.007125 0.0500
133900 -1.475501 0.007874 0.0500
134000 -1.466705 0.007347 0.0500
134100 -1.451937 0.006600 0.0500
134200 -1.449588 0.006490 0.0500
134300 -1.453614 0.006650 0.0500
134400 -1.449919 0.006479 0.0500
134500 -1.429972 0.005840 0.0500
134600 -1.425245 0.005734 0.0500
134700 -1.428977 0.005799 0.0500
134800 -1.422352 0.005666 0.0500
134900 -1.409506 0.005509 0.0500
135000 -1.416025 0.005562 0.0500
135100 -1.433733 0.005876 0.0500
135200 -1.432477 0.005835 0.0500
135300 -1.406403 0.005457 0.0500
135400 -1.381306 0.005447 0.0500
135500 -1.391522 0.005410 0.0500
135600 -1.422535 0.005604 0.0500
135700 -1.421230 0.005575 0.0500
135800 -1.389997 0.005390 0.0500
135900 -1.386681 0.005390 0.0500
136000 -1.414867 0.005470 0.0500
136100 -1.419387 0.005517 0.0500
136200 -1.385957 0.005370 0.0500
136300 -1.365707 0.005507 0.0500
136400 -1.380732 0.005377 0.0500
136500 -1.399004 0.005337 0.0500
136600 -1.386862 0.005336 0.0500
136700 -1.355538 0.005616 0.0500
136800 -1.344159 0.005835 0.0500
136900 -1.358919 0.005546 0.0500
137000 -1.361820 0.005498 0.0500
137100 -1.345655 0.005773 0.0500
137200 -1.332145 0.006144 0.0500
137300 -1.331309 0.006162 0.0500
137400 -1.335252 0.006022 0.0500
137500 -1.327943 0.006263 0.0500
137600 -1.322180 0.006486 0.0500
137700 -1.320036 0.006570 0.0500
137800 -1.313442 0.006884 0.0500
137900 -1.319240 0.006582 0.0500
138000 -1.328814 0.006174 0.0500
138100 -1.328713 0.006167 0.0500
138200 -1.306098 0.007258 0.0500
138300 -1.282249 0.009077 0.0500
138400 -1.289504 0.008420 0.0500
138500 -1.307248 0.007141 0.0500
138600 -1.307880 0.007089 0.0500
138700 -1.296326 0.007838 0.0500
138800 -1.285430 0.008697 0.0500
138900 -1.293730 0.007996 0.0500
139000 -1.302308 0.007373 0.0500
139100 -1.291870 0.008106 0.0500
139200 -1.283192 0.008819 0.0500
139300 -1.282505 0.008859 0.0500
139400 -1.293004 0.007961 0.0500
139500 -1.296763 0.007666 0.0500
139600 -1.278335 0.009189 0.0500
139700 -1.279300 0.009073 0.0500
139800 -1.303475 0.007170 0.0500
139900 -1.311029 0.006726 0.0500
140000 -1.290737 0.008033 0.0500
140100 -1.269643 0.009979 0.0500
140200 -1.278234 0.009077 0.0500
140300 -1.304404 0.007039 0.0500
140400 -1.304879 0.006997 0.0500
140500 -1.286938 0.008249 0.0500
140600 -1.289865 0.007994 0.0500
140700 -1.308047 0.006776 0.0500
140800 -1.318609 0.006258 0.0500
140900 -1.317149 0.006309 0.0500
141000 -1.307389 0.006775 0.0500
141100 -1.299484 0.007236 0.0500
141200 -1.310827 0.006569 0.0500
141300 -1.328816 0.005838 0.0500
141400 -1.329095 0.005820 0.0500
141500 -1.312772 0.006441 0.0500
141600 -1.302937 0.006960 0.0500
141700 -1.319131 0.006138 0.0500
141800 -1.339227 0.005526 0.0500
141900 -1.328596 0.005787 0.0500
142000 -1.316986 0.006198 0.0500
142100 -1.331844 0.005676 0.0500
142200 -1.357254 0.005235 0.0500
142300 -1.367719 0.005161 0.0500
142400 -1.351017 0.005286 0.0500
142500 -1.331942 0.005643 0.0500
142600 -1.342919 0.005391 0.0500
142700 -1.377702 0.005111 0.0500
142800 -1.383810 0.005106 0.0500
142900 -1.361336 0.005153 0.0500
143000 -1.349867 0.005257 0.0500
143100 -1.376572 0.005084 0.0500
143200 -1.396472 0.005122 0.0500
143300 -1.379327 0.005068 0.0500
143400 -1.354674 0.005175 0.0500
143500 -1.376016 0.005056 0.0500
143600 -1.415245 0.005282 0.0500
143700 -1.419024 0.005335 0.0500
143800 -1.386457 0.005044 0.0500
143900 -1.376127 0.005031 0.0500
144000 -1.398367 0.005080 0.0500
144100 -1.418107 0.005293 0.0500
144200 -1.403766 0.005107 0.0500
144300 -1.386987 0.005011 0.0500
144400 -1.397641 0.005048 0.0500
144500 -1.423452 0.005366 0.0500
144600 -1.429589 0.005499 0.0500
144700 -1.416350 0.005221 0.0500
144800 -1.405159 0.005077 0.0500
144900 -1.421121 0.005289 0.0500
145000 -1.437976 0.005714 0.0500
145100 -1.440819 0.005802 0.0500
145200 -1.436715 0.005654 0.0500
145300 -1.443179 0.005870 0.0500
145400 -1.456338 0.006443 0.0500
145500 -1.442148 0.005812 0.0500
145600 -1.427756 0.005372 0.0500
145700 -1.433036 0.005500 0.0500
145800 -1.446156 0.005940 0.0500
145900 -1.454464 0.006301 0.0500
146000 -1.454157 0.006275 0.0500
146100 -1.445695 0.005892 0.0500
146200 -1.454193 0.006255 0.0500
146300 -1.460948 0.006590 0.0500
146400 -1.455409 0.006292 0.0500
146500 -1.447324 0.005917 0.0500
146600 -1.446636 0.005879 0.0500
146700 -1.454058 0.006196 0.0500
146800 -1.462423 0.006615 0.0500
146900 -1.451060 0.006036 0.0500
147000 -1.442084 0.005668 0.0500
147100 -1.453295 0.006118 0.0500
147200 -1.459266 0.006402 0.0500
147300 -1.459579 0.006407 0.0500
147400 -1.465771 0.006737 0.0500
147500 -1.480690 0.007659 0.0500
147600 -1.480448 0.007626 0.0500
147700 -1.473956 0.007190 0.0500
147800 -1.485355 0.007924 0.0500
147900 -1.493596 0.008469 0.0500
148000 -1.482976 0.007728 0.0500
148100 -1.475097 0.007200 0.0500
148200 -1.480208 0.007514 0.0500
148300 -1.495357 0.008519 0.0500
148400 -1.492946 0.008334 0.0500
148500 -1.477526 0.007292 0.0500
148600 -1.479095 0.007377 0.0500
148700 -1.493705 0.008334 0.0500
148800 -1.497487 0.008572 0.0500
148900 -1.472445 0.006919 0.0500
149000 -1.468505 0.006677 0.0500
149100 -1.491602 0.008124 0.0500
149200 -1.496031 0.008405 0.0500
149300 -1.479223 0.007278 0.0500
149400 -1.474102 0.006948 0.0500
149500 -1.483938 0.007550 0.0500
149600 -1.489370 0.007890 0.0500
149700 -1.477691 0.007123 0.0500
149800 -1.461007 0.006182 0.0500
149900 -1.463056 0.006273 0.0500
150000 -1.476785 0.007030 0.0500
150100 -1.479540 0.007186 0.0500
150200 -1.464406 0.006306 0.0500
150300 -1.463031 0.006226 0.0500
150400 -1.478671 0.007094 0.0500
150500 -1.485321 0.007500 0.0500
150600 -1.477383 0.006986 0.0500
150700 -1.469000 0.006490 0.0500
150800 -1.479659 0.007099 0.0500
150900 -1.478756 0.007030 0.0500
151000 -1.467366 0.006366 0.0500
151100 -1.460127 0.005997 0.0500
151200 -1.474002 0.006711 0.0500
151300 -1.484109 0.007313 0.0500
151400 -1.473837 0.006675 0.0500
151500 -1.469018 0.006396 0.0500
151600 -1.483317 0.007222 0.0500
151700 -1.490336 0.007661 0.0500
151800 -1.470630 0.006446 0.0500
151900 -1.455208 0.005703 0.0500
152000 -1.467421 0.006255 0.0500
152100 -1.477203 0.006786 0.0500
152200 -1.468670 0.006297 0.0500
152300 -1.448203 0.005410 0.0500
152400 -1.444733 0.005294 0.0500
152500 -1.450726 0.005480 0.0500
152600 -1.450014 0.005447 0.0500
152700 -1.439819 0.005138 0.0500
152800 -1.441861 0.005183 0.0500
152900 -1.449667 0.005411 0.0500
153000 -1.457213 0.005688 0.0500
153100 -1.455267 0.005600 0.0500
153200 -1.448003 0.005331 0.0500
153300 -1.447512 0.005308 0.0500
153400 -1.448050 0.005317 0.0500
153500 -1.442135 0.005136 0.0500
153600 -1.441305 0.005107 0.0500
153700 -1.445062 0.005203 0.0500
153800 -1.444592 0.005181 0.0500
153900 -1.431227 0.004876 0.0500
154000 -1.419406 0.004730 0.0500
154100 -1.423366 0.004759 0.0500
154200 -1.428601 0.004817 0.0500
154300 -1.419307 0.004710 0.0500
154400 -1.402164 0.004654 0.0500
154500 -1.401551 0.004649 0.0500
154600 -1.405708 0.004641 0.0500
154700 -1.399259 0.004640 0.0500
154800 -1.385224 0.004690 0.0500
154900 -1.382366 0.004701 0.0500
155000 -1.379918 0.004712 0.0500
155100 -1.380500 0.004701 0.0500
155200 -1.384406 0.004670 0.0500
155300 -1.384159 0.004666 0.0500
155400 -1.374962 0.004725 0.0500
155500 -1.369236 0.004770 0.0500
155600 -1.382108 0.004660 0.0500
155700 -1.381532 0.004658 0.0500
155800 -1.364122 0.004806 0.0500
155900 -1.350744 0.004990 0.0500
156000 -1.368440 0.004747 0.0500
156100 -1.389248 0.004593 0.0500
156200 -1.385026 0.004608 0.0500
156300 -1.365213 0.004763 0.0500
156400 -1.357628 0.004852 0.0500
156500 -1.375272 0.004656 0.0500
156600 -1.385169 0.004584 0.0500
156700 -1.366772 0.004722 0.0500
156800 -1.351982 0.004916 0.0500
156900 -1.360131 0.004787 0.0500
157000 -1.377256 0.004611 0.0500
157100 -1.367118 0.004694 0.0500
157200 -1.343705 0.005052 0.0500
157300 -1.347209 0.004972 0.0500
157400 -1.363245 0.004718 0.0500
157500 -1.364159 0.004701 0.0500
157600 -1.355645 0.004806 0.0500
157700 -1.356526 0.004787 0.0500
157800 -1.362234 0.004705 0.0500
157900 -1.358272 0.004750 0.0500
158000 -1.341025 0.005062 0.0500
158100 -1.341209 0.005051 0.0500
158200 -1.358776 0.004724 0.0500
158300 -1.360081 0.004701 0.0500
158400 -1.336754 0.005146 0.0500
158500 -1.326454 0.005467 0.0500
158600 -1.338053 0.005096 0.0500
158700 -1.347786 0.004869 0.0500
158800 -1.324293 0.005527 0.0500
158900 -1.296466 0.007055 0.0500
159000 -1.298320 0.006908 0.0500
159100 -1.321597 0.005607 0.0500
159200 -1.311052 0.006098 0.0500
159300 -1.266296 0.009871 0.0500
159400 -1.246344 0.012552 0.0500
159500 -1.274132 0.008943 0.0500
159600 -1.301760 0.006599 0.0500
159700 -1.283481 0.007997 0.0500
159800 -1.242827 0.013010 0.0500
159900 -1.237543 0.013864 0.0500
160000 -1.259251 0.010545 0.0500
160100 -1.263888 0.009943 0.0500
160200 -1.240573 0.013217 0.0500
160300 -1.222409 0.016779 0.0500
160400 -1.242915 0.012727 0.0500
160500 -1.272761 0.008849 0.0500
160600 -1.261644 0.010059 0.0500
160700 -1.219369 0.017326 0.0500
160800 -1.213054 0.018945 0.0500
160900 -1.249649 0.011511 0.0500
161000 -1.272449 0.008761 0.0500
161100 -1.247727 0.011722 0.0500
161200 -1.221131 0.016605 0.0500
161300 -1.235303 0.013617 0.0500
161400 -1.271628 0.008747 0.0500
161500 -1.269389 0.008950 0.0500
161600 -1.238730 0.012926 0.0500
161700 -1.226189 0.015228 0.0500
161800 -1.249713 0.011182 0.0500
161900 -1.283423 0.007589 0.0500
162000 -1.280752 0.007791 0.0500
162100 -1.259448 0.009885 0.0500
162200 -1.256815 0.010169 0.0500
162300 -1.277674 0.007995 0.0500
162400 -1.287849 0.007168 0.0500
162500 -1.279824 0.007779 0.0500
162600 -1.280078 0.007741 0.0500
162700 -1.287501 0.007148 0.0500
162800 -1.283647 0.007423 0.0500
162900 -1.287092 0.007149 0.0500
163000 -1.289792 0.006943 0.0500
163100 -1.286127 0.007191 0.0500
163200 -1.283886 0.007346 0.0500
163300 -1.290384 0.006861 0.0500
163400 -1.302669 0.006108 0.0500
163500 -1.312864 0.005618 0.0500
163600 -1.317801 0.005417 0.0500
163700 -1.315832 0.005483 0.0500
163800 -1.318553 0.005374 0.0500
163900 -1.326367 0.005115 0.0500
164000 -1.330837 0.004989 0.0500
164100 -1.328399 0.005045 0.0500
164200 -1.335308 0.004872 0.0500
164300 -1.350229 0.004618 0.0500
164400 -1.361150 0.004505 0.0500
164500 -1.356021 0.004544 0.0500
164600 -1.351161 0.004590 0.0500
164700 -1.363259 0.004473 0.0500
164800 -1.376612 0.004402 0.0500
164900 -1.381170 0.004384 0.0500
165000 -1.380173 0.004381 0.0500
165100 -1.380007 0.004376 0.0500
165200 -1.388564 0.004359 0.0500
165300 -1.399905 0.004365 0.0500
165400 -1.404996 0.004378 0.0500
165500 -1.414795 0.004437 0.0500
165600 -1.429882 0.004636 0.0500
165700 -1.443037 0.004949 0.0500
165800 -1.449176 0.005145 0.0500
165900 -1.450362 0.005181 0.0500
166000 -1.446080 0.005024 0.0500
166100 -1.447392 0.005061 0.0500
166200 -1.463100 0.005710 0.0500
166300 -1.469316 0.006026 0.0500
166400 -1.464432 0.005758 0.0500
166500 -1.461397 0.005600 0.0500
166600 -1.472319 0.006166 0.0500
166700 -1.487980 0.007143 0.0500
166800 -1.483761 0.006848 0.0500
166900 -1.469214 0.005959 0.0500
167000 -1.471949 0.006101 0.0500
167100 -1.488835 0.007151 0.0500
167200 -1.487384 0.007038 0.0500
167300 -1.480470 0.006575 0.0500
167400 -1.488061 0.007057 0.0500
167500 -1.510183 0.008628 0.0500
167600 -1.508171 0.008457 0.0500
167700 -1.501699 0.007962 0.0500
167800 -1.511597 0.008675 0.0500
167900 -1.519090 0.009233 0.0500
168000 -1.495578 0.007475 0.0500
168100 -1.491631 0.007190 0.0500
168200 -1.511016 0.008555 0.0500
168300 -1.516189 0.008928 0.0500
168400 -1.494577 0.007343 0.0500
168500 -1.483099 0.006582 0.0500
168600 -1.496493 0.007445 0.0500
168700 -1.507460 0.008205 0.0500
168800 -1.485095 0.006667 0.0500
168900 -1.478235 0.006242 0.0500
169000 -1.495207 0.007300 0.0500
169100 -1.495645 0.007315 0.0500
169200 -1.476798 0.006126 0.0500
169300 -1.473450 0.005932 0.0500
169400 -1.496047 0.007304 0.0500
169500 -1.505494 0.007948 0.0500
169600 -1.476864 0.006086 0.0500
169700 -1.462003 0.005345 0.0500
169800 -1.479294 0.006204 0.0500
169900 -1.497985 0.007373 0.0500
170000 -1.473177 0.005847 0.0500
170100 -1.436978 0.004548 0.0500
170200 -1.444026 0.004700 0.0500
170300 -1.475869 0.005969 0.0500
170400 -1.478149 0.006085 0.0500
170500 -1.436060 0.004508 0.0500
170600 -1.418301 0.004287 0.0500
170700 -1.443505 0.004658 0.0500
170800 -1.477161 0.006004 0.0500
170900 -1.460936 0.005212 0.0500
171000 -1.427231 0.004349 0.0500
171100 -1.421984 0.004291 0.0500
171200 -1.443360 0.004625 0.0500
171300 -1.456962 0.005034 0.0500
171400 -1.434006 0.004423 0.0500
171500 -1.398424 0.004206 0.0500
171600 -1.394495 0.004208 0.0500
171700 -1.420775 0.004253 0.0500
171800 -1.429565 0.004339 0.0500
171900 -1.394745 0.004194 0.0500
172000 -1.368871 0.004317 0.0500
172100 -1.390598 0.004196 0.0500
172200 -1.403573 0.004170 0.0500
172300 -1.380466 0.004229 0.0500
172400 -1.364582 0.004334 0.0500
172500 -1.384875 0.004199 0.0500
172600 -1.405619 0.004154 0.0500
172700 -1.381873 0.004203 0.0500
172800 -1.357056 0.004392 0.0500
172900 -1.372720 0.004247 0.0500
173000 -1.404977 0.004137 0.0500
173100 -1.393874 0.004141 0.0500
173200 -1.357878 0.004365 0.0500
173300 -1.349377 0.004470 0.0500
173400 -1.364933 0.004284 0.0500
173500 -1.374972 0.004204 0.0500
173600 -1.369334 0.004238 0.0500
173700 -1.360328 0.004313 0.0500
173800 -1.350243 0.004432 0.0500
173900 -1.349362 0.004440 0.0500
174000 -1.353395 0.004378 0.0500
174100 -1.350809 0.004408 0.0500
174200 -1.340246 0.004583 0.0500
174300 -1.343158 0.004521 0.0500
174400 -1.345131 0.004480 0.0500
174500 -1.338547 0.004600 0.0500
174600 -1.331156 0.004771 0.0500
174700 -1.330037 0.004795 0.0500
174800 -1.336794 0.004620 0.0500
174900 -1.342596 0.004496 0.0500
175000 -1.341923 0.004503 0.0500
175100 -1.328042 0.004827 0.0500
175200 -1.315218 0.005267 0.0500
175300 -1.309230 0.005523 0.0500
175400 -1.308900 0.005530 0.0500
175500 -1.305271 0.005701 0.0500
175600 -1.293995 0.006350 0.0500
175700 -1.283958 0.007060 0.0500
175800 -1.284894 0.006974 0.0500
175900 -1.283110 0.007100 0.0500
176000 -1.275171 0.007763 0.0500
176100 -1.270264 0.008212 0.0500
176200 -1.274840 0.007759 0.0500
176300 -1.276976 0.007551 0.0500
176400 -1.261273 0.009111 0.0500
176500 -1.248829 0.010660 0.0500
176600 -1.247614 0.010800 0.0500
176700 -1.263133 0.008829 0.0500
176800 -1.271534 0.007953 0.0500
176900 -1.250174 0.010365 0.0500
177000 -1.234419 0.012804 0.0500
177100 -1.240981 0.011645 0.0500
177200 -1.257304 0.009368 0.0500
177300 -1.245212 0.010935 0.0500
177400 -1.233387 0.012836 0.0500
177500 -1.249106 0.010318 0.0500
177600 -1.262213 0.008711 0.0500
177700 -1.252570 0.009812 0.0500
177800 -1.235713 0.012282 0.0500
177900 -1.236804 0.012054 0.0500
178000 -1.244113 0.010865 0.0500
178100 -1.249383 0.010101 0.0500
178200 -1.251459 0.009805 0.0500
178300 -1.261411 0.008629 0.0500
178400 -1.259854 0.008774 0.0500
178500 -1.249456 0.009988 0.0500
178600 -1.241769 0.011040 0.0500
178700 -1.255238 0.009219 0.0500
178800 -1.273243 0.007412 0.0500
178900 -1.275374 0.007221 0.0500
179000 -1.257643 0.008888 0.0500
179100 -1.250181 0.009752 0.0500
179200 -1.258141 0.008787 0.0500
179300 -1.275357 0.007158 0.0500
179400 -1.267984 0.007769 0.0500
179500 -1.244577 0.010415 0.0500
179600 -1.244293 0.010425 0.0500
179700 -1.269950 0.007538 0.0500
179800 -1.288998 0.006145 0.0500
179900 -1.272891 0.007264 0.0500
180000 -1.255510 0.008925 0.0500
180100 -1.263850 0.008032 0.0500
180200 -1.286914 0.006223 0.0500
180300 -1.292585 0.005885 0.0500
180400 -1.284717 0.006340 0.0500
180500 -1.275816 0.006951 0.0500
180600 -1.279539 0.006664 0.0500
180700 -1.294717 0.005731 0.0500
180800 -1.302498 0.005355 0.0500
180900 -1.304382 0.005268 0.0500
181000 -1.302331 0.005346 0.0500
181100 -1.305981 0.005188 0.0500
181200 -1.321331 0.004684 0.0500
181300 -1.339797 0.004318 0.0500
181400 -1.345678 0.004239 0.0500
181500 -1.336451 0.004357 0.0500
181600 -1.342762 0.004263 0.0500
181700 -1.354993 0.004140 0.0500
181800 -1.353485 0.004147 0.0500
181900 -1.334181 0.004374 0.0500
182000 -1.330175 0.004442 0.0500
182100 -1.348579 0.004175 0.0500
182200 -1.366368 0.004055 0.0500
182300 -1.361826 0.004071 0.0500
182400 -1.344345 0.004206 0.0500
182500 -1.351882 0.004127 0.0500
182600 -1.381771 0.004000 0.0500
182700 -1.380138 0.003998 0.0500
182800 -1.342561 0.004211 0.0500
182900 -1.319387 0.004659 0.0500
183000 -1.341949 0.004208 0.0500
183100 -1.375392 0.003991 0.0500
183200 -1.375244 0.003987 0.0500
183300 -1.345736 0.004151 0.0500
183400 -1.339012 0.004231 0.0500
183500 -1.363756 0.004010 0.0500
183600 -1.369343 0.003985 0.0500
183700 -1.347804 0.004111 0.0500
183800 -1.333041 0.004310 0.0500
183900 -1.346672 0.004113 0.0500
184000 -1.362926 0.003992 0.0500
184100 -1.366925 0.003972 0.0500
184200 -1.357623 0.004011 0.0500
184300 -1.357539 0.004007 0.0500
184400 -1.368047 0.003955 0.0500
184500 -1.358382 0.003993 0.0500
184600 -1.352154 0.004032 0.0500
184700 -1.364459 0.003954 0.0500
184800 -1.383819 0.003915 0.0500
184900 -1.385063 0.003911 0.0500
185000 -1.377173 0.003910 0.0500
185100 -1.380891 0.003903 0.0500
185200 -1.391531 0.003904 0.0500
185300 -1.382130 0.003894 0.0500
185400 -1.371943 0.003902 0.0500
185500 -1.375938 0.003891 0.0500
185600 -1.380719 0.003882 0.0500
185700 -1.382568 0.003877 0.0500
185800 -1.384362 0.003873 0.0500
185900 -1.389670 0.003873 0.0500
186000 -1.385677 0.003865 0.0500
186100 -1.388068 0.003863 0.0500
186200 -1.390801 0.003862 0.0500
186300 -1.389067 0.003856 0.0500
186400 -1.387213 0.003850 0.0500
186500 -1.392949 0.003853 0.0500
186600 -1.398664 0.003864 0.0500
186700 -1.390067 0.003840 0.0500
186800 -1.368352 0.003857 0.0500
186900 -1.371115 0.003845 0.0500
187000 -1.386740 0.003825 0.0500
187100 -1.384909 0.003820 0.0500
187200 -1.366937 0.003847 0.0500
187300 -1.352488 0.003932 0.0500
187400 -1.354699 0.003909 0.0500
187500 -1.368239 0.003830 0.0500
187600 -1.364718 0.003839 0.0500
187700 -1.356040 0.003886 0.0500
187800 -1.360050 0.003855 0.0500
187900 -1.371884 0.003803 0.0500
188000 -1.372964 0.003796 0.0500
188100 -1.380117 0.003783 0.0500
188200 -1.387390 0.003781 0.0500
188300 -1.382583 0.003774 0.0500
188400 -1.380265 0.003771 0.0500
188500 -1.382233 0.003766 0.0500
188600 -1.387977 0.003766 0.0500
188700 -1.374205 0.003766 0.0500
188800 -1.364330 0.003794 0.0500
188900 -1.373593 0.003760 0.0500
189000 -1.382531 0.003747 0.0500
189100 -1.369586 0.003762 0.0500
189200 -1.352552 0.003860 0.0500
189300 -1.345784 0.003928 0.0500
189400 -1.356586 0.003818 0.0500
189500 -1.374133 0.003736 0.0500
189600 -1.376018 0.003729 0.0500
189700 -1.365635 0.003753 0.0500
189800 -1.357176 0.003798 0.0500
189900 -1.366282 0.003743 0.0500
190000 -1.383278 0.003711 0.0500
190100 -1.374430 0.003712 0.0500
190200 -1.361339 0.003756 0.0500
190300 -1.366481 0.003727 0.0500
190400 -1.377710 0.003697 0.0500
190500 -1.373564 0.003699 0.0500
190600 -1.365563 0.003719 0.0500
190700 -1.369969 0.003700 0.0500
190800 -1.372961 0.003688 0.0500
190900 -1.361655 0.003727 0.0500
191000 -1.361263 0.003726 0.0500
191100 -1.379355 0.003670 0.0500
191200 -1.381509 0.003666 0.0500
191300 -1.353934 0.003768 0.0500
191400 -1.339570 0.003942 0.0500
191500 -1.351574 0.003782 0.0500
191600 -1.364103 0.003688 0.0500
191700 -1.355871 0.003736 0.0500
191800 -1.335663 0.003995 0.0500
191900 -1.331387 0.004077 0.0500
192000 -1.341273 0.003891 0.0500
192100 -1.339403 0.003916 0.0500
192200 -1.326940 0.004167 0.0500
192300 -1.324732 0.004219 0.0500
192400 -1.330366 0.004077 0.0500
192500 -1.335714 0.003963 0.0500
192600 -1.322203 0.004274 0.0500
192700 -1.306514 0.004823 0.0500
192800 -1.304172 0.004919 0.0500
192900 -1.318838 0.004358 0.0500
193000 -1.324991 0.004177 0.0500
193100 -1.316437 0.004425 0.0500
193200 -1.311916 0.004578 0.0500
193300 -1.315335 0.004450 0.0500
193400 -1.322538 0.004223 0.0500
193500 -1.329694 0.004039 0.0500
193600 -1.327495 0.004085 0.0500
193700 -1.314813 0.004448 0.0500
193800 -1.312251 0.004533 0.0500
193900 -1.320934 0.004243 0.0500
194000 -1.333097 0.003945 0.0500
194100 -1.337422 0.003862 0.0500
194200 -1.333412 0.003930 0.0500
194300 -1.338993 0.003828 0.0500
194400 -1.353815 0.003655 0.0500
194500 -1.361453 0.003606 0.0500
194600 -1.352968 0.003655 0.0500
194700 -1.355535 0.003632 0.0500
194800 -1.380016 0.003573 0.0500
194900 -1.397769 0.003634 0.0500
195000 -1.385519 0.003577 0.0500
195100 -1.360833 0.003589 0.0500
195200 -1.362175 0.003580 0.0500
195300 -1.388702 0.003578 0.0500
195400 -1.395871 0.003607 0.0500
195500 -1.378429 0.003547 0.0500
195600 -1.373367 0.003542 0.0500
195700 -1.384895 0.003552 0.0500
195800 -1.398850 0.003611 0.0500
195900 -1.400214 0.003616 0.0500
196000 -1.383820 0.003539 0.0500
196100 -1.381942 0.003531 0.0500
196200 -1.399872 0.003604 0.0500
196300 -1.407668 0.003662 0.0500
196400 -1.385313 0.003529 0.0500
196500 -1.378901 0.003513 0.0500
196600 -1.401747 0.003603 0.0500
196700 -1.422120 0.003828 0.0500
196800 -1.401128 0.003591 0.0500
196900 -1.370824 0.003503 0.0500
197000 -1.380352 0.003499 0.0500
197100 -1.408157 0.003640 0.0500
197200 -1.403348 0.003595 0.0500
197300 -1.378947 0.003488 0.0500
197400 -1.376657 0.003484 0.0500
197500 -1.405317 0.003601 0.0500
197600 -1.405369 0.003598 0.0500
197700 -1.381268 0.003478 0.0500
197800 -1.378229 0.003471 0.0500
197900 -1.396845 0.003527 0.0500
198000 -1.410275 0.003631 0.0500
198100 -1.402898 0.003561 0.0500
198200 -1.389642 0.003483 0.0500
198300 -1.383866 0.003463 0.0500
198400 -1.398764 0.003522 0.0500
198500 -1.411471 0.003627 0.0500
198600 -1.402960 0.003544 0.0500
198700 -1.388444 0.003462 0.0500
198800 -1.391133 0.003468 0.0500
198900 -1.406351 0.003563 0.0500
199000 -1.408228 0.003577 0.0500
199100 -1.398002 0.003493 0.0500
199200 -1.394055 0.003468 0.0500
199300 -1.410412 0.003588 0.0500
199400 -1.430617 0.003901 0.0500
199500 -1.436250 0.004029 0.0500
199600 -1.428828 0.003855 0.0500
199700 -1.428218 0.003839 0.0500
199800 -1.429969 0.003870 0.0500
199900 -1.432040 0.003911 0.0500
200000 -1.435868 0.003998 0.0500
200100 -1.438738 0.004069 0.0500
200200 -1.429015 0.003834 0.0500
200300 -1.414002 0.003592 0.0500
200400 -1.420444 0.003675 0.0500
200500 -1.442104 0.004149 0.0500
200600 -1.439262 0.004062 0.0500
200700 -1.422328 0.003693 0.0500
200800 -1.421428 0.003675 0.0500
200900 -1.445678 0.004244 0.0500
201000 -1.459473 0.004777 0.0500
201100 -1.444684 0.004201 0.0500
201200 -1.436830 0.003971 0.0500
201300 -1.449606 0.004359 0.0500
201400 -1.460447 0.004799 0.0500
201500 -1.449344 0.004338 0.0500
201600 -1.438167 0.003987 0.0500
201700 -1.446942 0.004245 0.0500
201800 -1.461956 0.004847 0.0500
201900 -1.442211 0.004085 0.0500
202000 -1.404477 0.003449 0.0500
202100 -1.396898 0.003402 0.0500
202200 -1.424760 0.003676 0.0500
202300 -1.428960 0.003749 0.0500
202400 -1.396550 0.003391 0.0500
202500 -1.372772 0.003370 0.0500
202600 -1.385799 0.003357 0.0500
202700 -1.402169 0.003411 0.0500
202800 -1.396881 0.003380 0.0500
202900 -1.373982 0.003355 0.0500
203000 -1.372209 0.003357 0.0500
203100 -1.394367 0.003361 0.0500
203200 -1.401005 0.003389 0.0500
203300 -1.380238 0.003334 0.0500
203400 -1.359710 0.003411 0.0500
203500 -1.366734 0.003364 0.0500
203600 -1.391612 0.003338 0.0500
203700 -1.399934 0.003369 0.0500
203800 -1.378857 0.003320 0.0500
203900 -1.371308 0.003333 0.0500
204000 -1.393311 0.003331 0.0500
204100 -1.402021 0.003370 0.0500
204200 -1.380016 0.003307 0.0500
204300 -1.377127 0.003307 0.0500
204400 -1.391539 0.003314 0.0500
204500 -1.390444 0.003308 0.0500
204600 -1.379343 0.003296 0.0500
204700 -1.375728 0.003298 0.0500
204800 -1.389300 0.003296 0.0500
204900 -1.410320 0.003414 0.0500
205000 -1.412427 0.003432 0.0500
205100 -1.404446 0.003357 0.0500
205200 -1.402924 0.003343 0.0500
205300 -1.410163 0.003399 0.0500
205400 -1.410666 0.003401 0.0500
205500 -1.400531 0.003319 0.0500
205600 -1.399371 0.003309 0.0500
205700 -1.408998 0.003376 0.0500
205800 -1.413736 0.003421 0.0500
205900 -1.410687 0.003385 0.0500
206000 -1.409894 0.003374 0.0500
206100 -1.413233 0.003406 0.0500
206200 -1.421946 0.003519 0.0500
206300 -1.417253 0.003448 0.0500
206400 -1.409974 0.003362 0.0500
206500 -1.420147 0.003481 0.0500
206600 -1.436937 0.003816 0.0500
206700 -1.451946 0.004299 0.0500
206800 -1.452388 0.004311 0.0500
206900 -1.445716 0.004063 0.0500
207000 -1.458476 0.004559 0.0500
207100 -1.476480 0.005513 0.0500
207200 -1.486185 0.006133 0.0500
207300 -1.474519 0.005377 0.0500
207400 -1.469892 0.005104 0.0500
207500 -1.478841 0.005625 0.0500
207600 -1.474635 0.005360 0.0500
207700 -1.462790 0.004714 0.0500
207800 -1.463358 0.004735 0.0500
207900 -1.477264 0.005496 0.0500
208000 -1.481369 0.005745 0.0500
208100 -1.469836 0.005049 0.0500
208200 -1.464609 0.004770 0.0500
208300 -1.485399 0.005985 0.0500
208400 -1.495396 0.006676 0.0500
208500 -1.479136 0.005561 0.0500
208600 -1.479389 0.005568 0.0500
208700 -1.496596 0.006732 0.0500
208800 -1.502521 0.007163 0.0500
208900 -1.487369 0.006056 0.0500
209000 -1.489554 0.006194 0.0500
209100 -1.508295 0.007573 0.0500
209200 -1.510199 0.007709 0.0500
209300 -1.496209 0.006627 0.0500
209400 -1.495997 0.006600 0.0500
209500 -1.513161 0.007904 0.0500
209600 -1.523001 0.008724 0.0500
209700 -1.513749 0.007916 0.0500
209800 -1.503699 0.007111 0.0500
209900 -1.513342 0.007850 0.0500
210000 -1.528881 0.009191 0.0500
210100 -1.525068 0.008812 0.0500
210200 -1.510784 0.007592 0.0500
210300 -1.517229 0.008095 0.0500
210400 -1.532821 0.009492 0.0500
210500 -1.533268 0.009512 0.0500
210600 -1.522150 0.008450 0.0500
210700 -1.523813 0.008576 0.0500
210800 -1.534234 0.009541 0.0500
210900 -1.536796 0.009784 0.0500
211000 -1.537312 0.009812 0.0500
211100 -1.550870 0.011472 0.0500
211200 -1.562179 0.013322 0.0500
211300 -1.559773 0.012826 0.0500
211400 -1.547488 0.010890 0.0500
211500 -1.545999 0.010665 0.0500
211600 -1.544202 0.010411 0.0500
211700 -1.531893 0.009068 0.0500
211800 -1.525398 0.008463 0.0500
211900 -1.525533 0.008454 0.0500
212000 -1.525835 0.008460 0.0500
212100 -1.523014 0.008204 0.0500
212200 -1.525306 0.008376 0.0500
212300 -1.527816 0.008572 0.0500
212400 -1.529291 0.008682 0.0500
212500 -1.522449 0.008081 0.0500
212600 -1.511599 0.007243 0.0500
212700 -1.508383 0.007003 0.0500
212800 -1.520548 0.007881 0.0500
212900 -1.526272 0.008329 0.0500
213000 -1.515397 0.007456 0.0500
213100 -1.501837 0.006509 0.0500
213200 -1.516841 0.007534 0.0500
213300 -1.524218 0.008092 0.0500
213400 -1.505722 0.006725 0.0500
213500 -1.487055 0.005571 0.0500
213600 -1.495112 0.006031 0.0500
213700 -1.511673 0.007095 0.0500
213800 -1.507328 0.006785 0.0500
213900 -1.487572 0.005562 0.0500
214000 -1.473386 0.004826 0.0500
214100 -1.474457 0.004870 0.0500
214200 -1.471326 0.004718 0.0500
214300 -1.471867 0.004737 0.0500
214400 -1.472981 0.004781 0.0500
214500 -1.483371 0.005290 0.0500
214600 -1.490418 0.005670 0.0500
214700 -1.482418 0.005224 0.0500
214800 -1.473922 0.004797 0.0500
214900 -1.472665 0.004733 0.0500
215000 -1.481363 0.005148 0.0500
215100 -1.487293 0.005456 0.0500
215200 -1.493135 0.005779 0.0500
215300 -1.501870 0.006301 0.0500
215400 -1.510552 0.006864 0.0500
215500 -1.498617 0.006076 0.0500
215600 -1.475082 0.004796 0.0500
215700 -1.470924 0.004603 0.0500
215800 -1.477732 0.004908 0.0500
215900 -1.467547 0.004449 0.0500
216000 -1.449008 0.003819 0.0500
216100 -1.450964 0.003868 0.0500
216200 -1.467707 0.004441 0.0500
216300 -1.474752 0.004741 0.0500
216400 -1.466054 0.004364 0.0500
216500 -1.466948 0.004394 0.0500
216600 -1.477453 0.004849 0.0500
216700 -1.471581 0.004575 0.0500
216800 -1.457311 0.004028 0.0500
216900 -1.459479 0.004096 0.0500
217000 -1.487062 0.005314 0.0500
217100 -1.494812 0.005744 0.0500
217200 -1.465190 0.004287 0.0500
217300 -1.446331 0.003696 0.0500
217400 -1.473293 0.004612 0.0500
217500 -1.497004 0.005849 0.0500
217600 -1.475415 0.004694 0.0500
217700 -1.457767 0.004001 0.0500
217800 -1.481607 0.004979 0.0500
217900 -1.510521 0.006693 0.0500
218000 -1.486950 0.005240 0.0500
218100 -1.453418 0.003850 0.0500
218200 -1.469579 0.004407 0.0500
218300 -1.510937 0.006691 0.0500
218400 -1.505227 0.006293 0.0500
218500 -1.475924 0.004662 0.0500
218600 -1.483702 0.005029 0.0500
218700 -1.514960 0.006938 0.0500
218800 -1.523758 0.007606 0.0500
218900 -1.485592 0.005103 0.0500
219000 -1.475181 0.004597 0.0500
219100 -1.511356 0.006639 0.0500
219200 -1.518586 0.007152 0.0500
219300 -1.485873 0.005087 0.0500
219400 -1.478167 0.004706 0.0500
219500 -1.507269 0.006323 0.0500
219600 -1.523164 0.007471 0.0500
219700 -1.494170 0.005502 0.0500
219800 -1.478191 0.004680 0.0500
219900 -1.499030 0.005768 0.0500
220000 -1.507660 0.006298 0.0500
220100 -1.476729 0.004595 0.0500
220200 -1.452054 0.003731 0.0500
220300 -1.460893 0.003983 0.0500
220400 -1.464970 0.004115 0.0500
220500 -1.445869 0.003573 0.0500
220600 -1.429882 0.003308 0.0500
220700 -1.433806 0.003355 0.0500
220800 -1.456718 0.003836 0.0500
220900 -1.456788 0.003834 0.0500
221000 -1.430789 0.003306 0.0500
221100 -1.418713 0.003191 0.0500
221200 -1.445401 0.003540 0.0500
221300 -1.455124 0.003773 0.0500
221400 -1.433240 0.003325 0.0500
221500 -1.400792 0.003120 0.0500
221600 -1.399927 0.003117 0.0500
221700 -1.433987 0.003328 0.0500
221800 -1.439606 0.003412 0.0500
221900 -1.397880 0.003110 0.0500
222000 -1.371921 0.003189 0.0500
222100 -1.390353 0.003112 0.0500
222200 -1.419814 0.003170 0.0500
222300 -1.412295 0.003126 0.0500
222400 -1.387081 0.003112 0.0500
222500 -1.386158 0.003112 0.0500
222600 -1.418343 0.003150 0.0500
222700 -1.439100 0.003384 0.0500
222800 -1.424802 0.003195 0.0500
222900 -1.397195 0.003085 0.0500
223000 -1.393889 0.003085 0.0500
223100 -1.420441 0.003152 0.0500
223200 -1.433870 0.003289 0.0500
223300 -1.420242 0.003145 0.0500
223400 -1.404907 0.003077 0.0500
223500 -1.420033 0.003138 0.0500
223600 -1.446493 0.003504 0.0500
223700 -1.443130 0.003431 0.0500
223800 -1.410290 0.003080 0.0500
223900 -1.397599 0.003061 0.0500
224000 -1.435921 0.003298 0.0500
224100 -1.457569 0.003777 0.0500
224200 -1.430374 0.003216 0.0500
224300 -1.398381 0.003052 0.0500
224400 -1.415597 0.003087 0.0500
224500 -1.447330 0.003498 0.0500
224600 -1.440138 0.003350 0.0500
224700 -1.410257 0.003058 0.0500
224800 -1.413812 0.003069 0.0500
224900 -1.443371 0.003402 0.0500
225000 -1.453400 0.003633 0.0500
225100 -1.435859 0.003265 0.0500
225200 -1.414671 0.003063 0.0500
225300 -1.422618 0.003110 0.0500
225400 -1.433811 0.003228 0.0500
225500 -1.434908 0.003240 0.0500
225600 -1.425683 0.003128 0.0500
225700 -1.435694 0.003246 0.0500
225800 -1.449379 0.003507 0.0500
225900 -1.460314 0.003810 0.0500
226000 -1.463431 0.003910 0.0500
226100 -1.461408 0.003837 0.0500
226200 -1.461119 0.003824 0.0500
226300 -1.463748 0.003908 0.0500
226400 -1.470771 0.004167 0.0500
226500 -1.477809 0.004463 0.0500
226600 -1.478219 0.004476 0.0500
226700 -1.467344 0.004019 0.0500
226800 -1.468292 0.004050 0.0500
226900 -1.482533 0.004665 0.0500
227000 -1.488092 0.004942 0.0500
227100 -1.490055 0.005041 0.0500
227200 -1.493773 0.005240 0.0500
227300 -1.491657 0.005114 0.0500
227400 -1.495447 0.005321 0.0500
227500 -1.495123 0.005295 0.0500
227600 -1.490852 0.005047 0.0500
227700 -1.489850 0.004986 0.0500
227800 -1.512125 0.006363 0.0500
227900 -1.517137 0.006720 0.0500
228000 -1.505114 0.005864 0.0500
228100 -1.498438 0.005439 0.0500
228200 -1.505479 0.005869 0.0500
228300 -1.507985 0.006025 0.0500
228400 -1.512305 0.006312 0.0500
228500 -1.517628 0.006691 0.0500
228600 -1.524196 0.007205 0.0500
228700 -1.529269 0.007637 0.0500
228800 -1.532763 0.007953 0.0500
228900 -1.532706 0.007930 0.0500
229000 -1.532581 0.007900 0.0500
229100 -1.523574 0.007077 0.0500
229200 -1.526277 0.007291 0.0500
229300 -1.539631 0.008588 0.0500
229400 -1.542444 0.008894 0.0500
229500 -1.524448 0.007088 0.0500
229600 -1.512094 0.006150 0.0500
229700 -1.514799 0.006327 0.0500
229800 -1.522932 0.006927 0.0500
229900 -1.520018 0.006686 0.0500
230000 -1.509847 0.005956 0.0500
230100 -1.512218 0.006104 0.0500
230200 -1.527717 0.007277 0.0500
230300 -1.526235 0.007135 0.0500
230400 -1.511739 0.006038 0.0500
230500 -1.510426 0.005941 0.0500
230600 -1.522978 0.006832 0.0500
230700 -1.517551 0.006408 0.0500
230800 -1.496202 0.005076 0.0500
230900 -1.489532 0.004731 0.0500
231000 -1.500336 0.005287 0.0500
231100 -1.510892 0.005917 0.0500
231200 -1.498781 0.005185 0.0500
231300 -1.485594 0.004521 0.0500
231400 -1.484694 0.004475 0.0500
231500 -1.487392 0.004592 0.0500
231600 -1.485180 0.004485 0.0500
231700 -1.475534 0.004083 0.0500
231800 -1.473108 0.003989 0.0500
231900 -1.482249 0.004343 0.0500
232000 -1.489551 0.004666 0.0500
232100 -1.476352 0.004095 0.0500
232200 -1.461177 0.003595 0.0500
232300 -1.457724 0.003501 0.0500
232400 -1.458497 0.003517 0.0500
232500 -1.461348 0.003589 0.0500
232600 -1.452925 0.003380 0.0500
232700 -1.437551 0.003120 0.0500
232800 -1.441428 0.003168 0.0500
232900 -1.454444 0.003405 0.0500
233000 -1.446542 0.003244 0.0500
233100 -1.417584 0.002964 0.0500
233200 -1.409535 0.002948 0.0500
233300 -1.427811 0.003011 0.0500
233400 -1.436700 0.003091 0.0500
233500 -1.409918 0.002941 0.0500
233600 -1.378428 0.003045 0.0500
233700 -1.383743 0.003009 0.0500
233800 -1.408515 0.002934 0.0500
233900 -1.398277 0.002945 0.0500
234000 -1.359305 0.003211 0.0500
234100 -1.347497 0.003376 0.0500
234200 -1.383072 0.003001 0.0500
234300 -1.412324 0.002927 0.0500
234400 -1.387096 0.002975 0.0500
234500 -1.343929 0.003431 0.0500
234600 -1.341078 0.003482 0.0500
234700 -1.365829 0.003122 0.0500
234800 -1.354024 0.003258 0.0500
234900 -1.310506 0.004395 0.0500
235000 -1.298085 0.004987 0.0500
235100 -1.329669 0.003731 0.0500
235200 -1.341761 0.003449 0.0500
235300 -1.305986 0.004575 0.0500
235400 -1.278213 0.006282 0.0500
235500 -1.295496 0.005103 0.0500
235600 -1.310003 0.004379 0.0500
235700 -1.290705 0.005376 0.0500
235800 -1.256441 0.008347 0.0500
235900 -1.249224 0.009226 0.0500
236000 -1.271673 0.006763 0.0500
236100 -1.278660 0.006174 0.0500
236200 -1.261482 0.007721 0.0500
236300 -1.235466 0.011249 0.0500
236400 -1.235624 0.011186 0.0500
236500 -1.250200 0.008972 0.0500
236600 -1.258443 0.007968 0.0500
236700 -1.244047 0.009769 0.0500
236800 -1.223111 0.013559 0.0500
236900 -1.218694 0.014569 0.0500
237000 -1.223189 0.013435 0.0500
237100 -1.211731 0.016370 0.0500
237200 -1.188499 0.025926 0.0500
237300 -1.150149 0.062477 0.0500
237400 -1.149938 0.061697 0.0500
237500 -1.184601 0.027272 0.0500
237600 -1.189110 0.024573 0.0500
237700 -1.150045 0.059825 0.0500
237800 -1.124887 0.102226 0.0500
237900 -1.150419 0.056875 0.0500
238000 -1.187708 0.024213 0.0500
238100 -1.176980 0.030240 0.0500
238200 -1.132513 0.082898 0.0500
238300 -1.113474 0.117952 0.0500
238400 -1.143810 0.061287 0.0500
238500 -1.175467 0.029632 0.0500
238600 -1.168024 0.034559 0.0500
238700 -1.137737 0.067993 0.0500
238800 -1.131501 0.076457 0.0500
238900 -1.158909 0.040541 0.0500
239000 -1.181116 0.024930 0.0500
239100 -1.166220 0.033861 0.0500
239200 -1.147706 0.050906 0.0500
239300 -1.145467 0.052817 0.0500
239400 -1.169149 0.030660 0.0500
239500 -1.192991 0.019050 0.0500
239600 -1.196038 0.017966 0.0500
239700 -1.181036 0.023582 0.0500
239800 -1.171237 0.028627 0.0500
239900 -1.175609 0.025923 0.0500
240000 -1.185925 0.021007 0.0500
240100 -1.192170 0.018633 0.0500
240200 -1.187594 0.020138 0.0500
240300 -1.185518 0.020818 0.0500
240400 -1.197207 0.016801 0.0500
240500 -1.200051 0.015953 0.0500
240600 -1.201682 0.015468 0.0500
240700 -1.211769 0.013204 0.0500
240800 -1.224941 0.010982 0.0500
240900 -1.229680 0.010304 0.0500
241000 -1.228712 0.010401 0.0500
241100 -1.237788 0.009271 0.0500
241200 -1.255724 0.007497 0.0500
241300 -1.270186 0.006360 0.0500
241400 -1.273971 0.006090 0.0500
241500 -1.273921 0.006083 0.0500
241600 -1.281417 0.005600 0.0500
241700 -1.284195 0.005429 0.0500
241800 -1.274206 0.006035 0.0500
241900 -1.271505 0.006206 0.0500
242000 -1.277030 0.005832 0.0500
242100 -1.274057 0.006014 0.0500
242200 -1.264560 0.006672 0.0500
242300 -1.255065 0.007421 0.0500
242400 -1.261936 0.006846 0.0500
242500 -1.274428 0.005947 0.0500
242600 -1.277006 0.005773 0.0500
242700 -1.274189 0.005943 0.0500
242800 -1.266173 0.006483 0.0500
242900 -1.268031 0.006338 0.0500
243000 -1.274861 0.005869 0.0500
243100 -1.283919 0.005320 0.0500
243200 -1.279007 0.005595 0.0500
243300 -1.260785 0.006836 0.0500
243400 -1.258628 0.006994 0.0500
243500 -1.267319 0.006324 0.0500
243600 -1.264214 0.006538 0.0500
243700 -1.248450 0.007837 0.0500
243800 -1.246367 0.008018 0.0500
243900 -1.262073 0.006658 0.0500
244000 -1.264222 0.006486 0.0500
244100 -1.244532 0.008151 0.0500
244200 -1.238313 0.008781 0.0500
244300 -1.254265 0.007225 0.0500
244400 -1.272138 0.005895 0.0500
244500 -1.276524 0.005614 0.0500
244600 -1.271424 0.005922 0.0500
244700 -1.262300 0.006543 0.0500
244800 -1.257173 0.006926 0.0500
244900 -1.253916 0.007180 0.0500
245000 -1.247404 0.007743 0.0500
245100 -1.258622 0.006771 0.0500
245200 -1.271277 0.005867 0.0500
245300 -1.270308 0.005919 0.0500
245400 -1.273538 0.005707 0.0500
245500 -1.289588 0.004836 0.0500
245600 -1.291955 0.004721 0.0500
245700 -1.283716 0.005111 0.0500
245800 -1.279512 0.005328 0.0500
245900 -1.274775 0.005592 0.0500
246000 -1.272027 0.005751 0.0500
246100 -1.268785 0.005949 0.0500
246200 -1.285081 0.005003 0.0500
246300 -1.287105 0.004897 0.0500
246400 -1.283467 0.005071 0.0500
246500 -1.290145 0.004742 0.0500
246600 -1.313137 0.003892 0.0500
246700 -1.319211 0.003725 0.0500
246800 -1.312019 0.003916 0.0500
246900 -1.310179 0.003967 0.0500
247000 -1.316668 0.003778 0.0500
247100 -1.314030 0.003846 0.0500
247200 -1.317693 0.003743 0.0500
247300 -1.329795 0.003469 0.0500
247400 -1.330852 0.003445 0.0500
247500 -1.334335 0.003380 0.0500
247600 -1.340590 0.003279 0.0500
247700 -1.344061 0.003229 0.0500
247800 -1.343885 0.003229 0.0500
247900 -1.343558 0.003230 0.0500
248000 -1.347099 0.003183 0.0500
248100 -1.351125 0.003135 0.0500
248200 -1.355112 0.003094 0.0500
248300 -1.352585 0.003115 0.0500
248400 -1.345419 0.003192 0.0500
248500 -1.342999 0.003220 0.0500
248600 -1.345410 0.003187 0.0500
248700 -1.363914 0.003010 0.0500
248800 -1.385082 0.002905 0.0500
248900 -1.388178 0.002894 0.0500
249000 -1.377633 0.002927 0.0500
249100 -1.378041 0.002923 0.0500
249200 -1.387351 0.002889 0.0500
249300 -1.402772 0.002866 0.0500
249400 -1.406897 0.002867 0.0500
249500 -1.397993 0.002863 0.0500
249600 -1.402232 0.002859 0.0500
249700 -1.429047 0.002962 0.0500
249800 -1.433711 0.003006 0.0500
249900 -1.417320 0.002882 0.0500
250000 -1.408539 0.002856 0.0500
250100 -1.419684 0.002889 0.0500
250200 -1.430229 0.002961 0.0500
250300 -1.426821 0.002929 0.0500
250400 -1.417463 0.002871 0.0500
250500 -1.424128 0.002905 0.0500
250600 -1.442115 0.003099 0.0500
250700 -1.437237 0.003027 0.0500
250800 -1.418390 0.002866 0.0500
250900 -1.410934 0.002840 0.0500
251000 -1.427975 0.002922 0.0500
251100 -1.448315 0.003195 0.0500
251200 -1.450269 0.003232 0.0500
251300 -1.433979 0.002973 0.0500
251400 -1.432343 0.002953 0.0500
251500 -1.453254 0.003288 0.0500
251600 -1.469079 0.003728 0.0500
251700 -1.454307 0.003306 0.0500
251800 -1.438343 0.003014 0.0500
251900 -1.451488 0.003237 0.0500
252000 -1.472737 0.003843 0.0500
252100 -1.464531 0.003566 0.0500
252200 -1.432875 0.002939 0.0500
252300 -1.424121 0.002864 0.0500
252400 -1.439953 0.003021 0.0500
252500 -1.446257 0.003119 0.0500
252600 -1.428761 0.002891 0.0500
252700 -1.414441 0.002813 0.0500
252800 -1.425380 0.002861 0.0500
252900 -1.446112 0.003107 0.0500
253000 -1.438008 0.002980 0.0500
253100 -1.409314 0.002795 0.0500
253200 -1.395464 0.002802 0.0500
253300 -1.407211 0.002789 0.0500
253400 -1.411878 0.002792 0.0500
253500 -1.393228 0.002800 0.0500
253600 -1.387268 0.002817 0.0500
253700 -1.407697 0.002781 0.0500
253800 -1.409384 0.002780 0.0500
253900 -1.380452 0.002839 0.0500
254000 -1.364483 0.002937 0.0500
254100 -1.373284 0.002874 0.0500
254200 -1.383328 0.002820 0.0500
254300 -1.357821 0.002988 0.0500
254400 -1.332576 0.003330 0.0500
254500 -1.334862 0.003286 0.0500
254600 -1.353228 0.003026 0.0500
254700 -1.338347 0.003221 0.0500
254800 -1.296164 0.004380 0.0500
254900 -1.274107 0.005494 0.0500
255000 -1.285538 0.004853 0.0500
255100 -1.309769 0.003870 0.0500
255200 -1.295818 0.004372 0.0500
255300 -1.253471 0.006959 0.0500
255400 -1.245920 0.007630 0.0500
255500 -1.282150 0.004994 0.0500
255600 -1.293158 0.004461 0.0500
255700 -1.252688 0.006983 0.0500
255800 -1.221792 0.010527 0.0500
255900 -1.237977 0.008384 0.0500
256000 -1.272976 0.005473 0.0500
256100 -1.281573 0.004980 0.0500
256200 -1.254713 0.006750 0.0500
256300 -1.230098 0.009271 0.0500
256400 -1.220970 0.010541 0.0500
256500 -1.227151 0.009610 0.0500
256600 -1.227055 0.009597 0.0500
256700 -1.215614 0.011339 0.0500
256800 -1.194757 0.016129 0.0500
256900 -1.179394 0.021853 0.0500
257000 -1.193883 0.016227 0.0500
257100 -1.221063 0.010281 0.0500
257200 -1.226895 0.009430 0.0500
257300 -1.202821 0.013676 0.0500
257400 -1.179579 0.021387 0.0500
257500 -1.186210 0.018510 0.0500
257600 -1.217539 0.010643 0.0500
257700 -1.246514 0.007200 0.0500
257800 -1.254722 0.006519 0.0500
257900 -1.240838 0.007693 0.0500
258000 -1.223464 0.009681 0.0500
258100 -1.219805 0.010181 0.0500
258200 -1.229117 0.008898 0.0500
258300 -1.232764 0.008452 0.0500
258400 -1.243060 0.007394 0.0500
258500 -1.261095 0.005978 0.0500
258600 -1.272272 0.005292 0.0500
258700 -1.263226 0.005821 0.0500
258800 -1.251050 0.006673 0.0500
258900 -1.262822 0.005826 0.0500
259000 -1.283183 0.004714 0.0500
259100 -1.290048 0.004415 0.0500
259200 -1.273759 0.005166 0.0500
259300 -1.261851 0.005858 0.0500
259400 -1.278700 0.004899 0.0500
259500 -1.297215 0.004123 0.0500
259600 -1.298523 0.004073 0.0500
259700 -1.293464 0.004249 0.0500
259800 -1.304008 0.003887 0.0500
259900 -1.317478 0.003524 0.0500
260000 -1.311260 0.003673 0.0500
260100 -1.296641 0.004117 0.0500
260200 -1.296745 0.004108 0.0500
260300 -1.309701 0.003703 0.0500
260400 -1.321011 0.003429 0.0500
260500 -1.329403 0.003266 0.0500
260600 -1.340347 0.003100 0.0500
260700 -1.343712 0.003057 0.0500
260800 -1.339359 0.003108 0.0500
260900 -1.330825 0.003231 0.0500
261000 -1.325163 0.003328 0.0500
261100 -1.323127 0.003365 0.0500
261200 -1.326022 0.003306 0.0500
261300 -1.334300 0.003165 0.0500
261400 -1.340424 0.003078 0.0500
261500 -1.337916 0.003108 0.0500
261600 -1.321939 0.003374 0.0500
261700 -1.321053 0.003389 0.0500
261800 -1.344983 0.003014 0.0500
261900 -1.363820 0.002854 0.0500
262000 -1.366875 0.002834 0.0500
262100 -1.357034 0.002896 0.0500
262200 -1.353398 0.002923 0.0500
262300 -1.347815 0.002972 0.0500
262400 -1.335773 0.003115 0.0500
262500 -1.330863 0.003188 0.0500
262600 -1.344392 0.003001 0.0500
262700 -1.361387 0.002852 0.0500
262800 -1.365256 0.002826 0.0500
262900 -1.352306 0.002916 0.0500
263000 -1.361592 0.002844 0.0500
263100 -1.381129 0.002752 0.0500
263200 -1.373528 0.002777 0.0500
263300 -1.343938 0.002991 0.0500
263400 -1.352941 0.002899 0.0500
263500 -1.386207 0.002731 0.0500
263600 -1.397143 0.002715 0.0500
263700 -1.373780 0.002766 0.0500
263800 -1.365702 0.002802 0.0500
263900 -1.389460 0.002717 0.0500
264000 -1.403442 0.002710 0.0500
264100 -1.386698 0.002718 0.0500
264200 -1.378127 0.002739 0.0500
264300 -1.405616 0.002707 0.0500
264400 -1.432162 0.002856 0.0500
264500 -1.423105 0.002773 0.0500
264600 -1.396874 0.002696 0.0500
264700 -1.390812 0.002700 0.0500
264800 -1.404131 0.002695 0.0500
264900 -1.398873 0.002690 0.0500
265000 -1.384256 0.002707 0.0500
265100 -1.387583 0.002697 0.0500
265200 -1.408147 0.002694 0.0500
265300 -1.415927 0.002717 0.0500
265400 -1.400352 0.002680 0.0500
265500 -1.400054 0.002678 0.0500
265600 -1.420335 0.002734 0.0500
265700 -1.416025 0.002709 0.0500
265800 -1.385226 0.002690 0.0500
265900 -1.387047 0.002683 0.0500
266000 -1.412868 0.002691 0.0500
266100 -1.427933 0.002782 0.0500
266200 -1.409807 0.002678 0.0500
266300 -1.385456 0.002680 0.0500
266400 -1.398989 0.002661 0.0500
266500 -1.435173 0.002854 0.0500
266600 -1.433122 0.002827 0.0500
266700 -1.400677 0.002656 0.0500
266800 -1.395450 0.002655 0.0500
266900 -1.420695 0.002712 0.0500
267000 -1.431342 0.002799 0.0500
267100 -1.405251 0.002652 0.0500
267200 -1.377905 0.002689 0.0500
267300 -1.379615 0.002681 0.0500
267400 -1.402190 0.002643 0.0500
267500 -1.411908 0.002660 0.0500
267600 -1.390007 0.002647 0.0500
267700 -1.361976 0.002766 0.0500
267800 -1.367152 0.002731 0.0500
267900 -1.397933 0.002633 0.0500
268000 -1.398339 0.002631 0.0500
268100 -1.362421 0.002756 0.0500
268200 -1.347221 0.002889 0.0500
268300 -1.375457 0.002679 0.0500
268400 -1.402873 0.002627 0.0500
268500 -1.387062 0.002637 0.0500
268600 -1.354716 0.002807 0.0500
268700 -1.349997 0.002850 0.0500
268800 -1.376010 0.002667 0.0500
268900 -1.385946 0.002632 0.0500
269000 -1.360825 0.002750 0.0500
269100 -1.351704 0.002825 0.0500
269200 -1.376412 0.002658 0.0500
269300 -1.396606 0.002610 0.0500
269400 -1.378960 0.002644 0.0500
269500 -1.351880 0.002816 0.0500
269600 -1.362084 0.002729 0.0500
269700 -1.391283 0.002608 0.0500
269800 -1.399177 0.002602 0.0500
269900 -1.385449 0.002615 0.0500
270000 -1.381280 0.002625 0.0500
270100 -1.406810 0.002606 0.0500
270200 -1.428060 0.002724 0.0500
270300 -1.425270 0.002697 0.0500
270400 -1.416738 0.002636 0.0500
270500 -1.415795 0.002630 0.0500
270600 -1.419730 0.002650 0.0500
270700 -1.424923 0.002686 0.0500
270800 -1.418539 0.002639 0.0500
270900 -1.420850 0.002651 0.0500
271000 -1.429346 0.002721 0.0500
271100 -1.438284 0.002832 0.0500
271200 -1.438054 0.002826 0.0500
271300 -1.441821 0.002884 0.0500
271400 -1.454287 0.003140 0.0500
271500 -1.464521 0.003428 0.0500
271600 -1.457697 0.003223 0.0500
271700 -1.451131 0.003057 0.0500
271800 -1.460616 0.003299 0.0500
271900 -1.476880 0.003865 0.0500
272000 -1.482517 0.004102 0.0500
272100 -1.481664 0.004060 0.0500
272200 -1.472709 0.003688 0.0500
272300 -1.477402 0.003869 0.0500
272400 -1.487052 0.004295 0.0500
272500 -1.488941 0.004383 0.0500
272600 -1.483287 0.004109 0.0500
272700 -1.488592 0.004355 0.0500
272800 -1.494413 0.004648 0.0500
272900 -1.484463 0.004148 0.0500
273000 -1.478741 0.003893 0.0500
273100 -1.486132 0.004216 0.0500
273200 -1.498112 0.004830 0.0500
273300 -1.494160 0.004607 0.0500
273400 -1.482604 0.004040 0.0500
273500 -1.482777 0.004043 0.0500
273600 -1.498705 0.004840 0.0500
273700 -1.509728 0.005509 0.0500
273800 -1.498617 0.004821 0.0500
273900 -1.490210 0.004370 0.0500
274000 -1.507635 0.005350 0.0500
274100 -1.523038 0.006456 0.0500
274200 -1.523927 0.006518 0.0500
274300 -1.530202 0.007058 0.0500
274400 -1.539990 0.008058 0.0500
274500 -1.543943 0.008514 0.0500
274600 -1.535352 0.007516 0.0500
274700 -1.534250 0.007388 0.0500
274800 -1.542666 0.008302 0.0500
274900 -1.547734 0.008936 0.0500
275000 -1.539928 0.007942 0.0500
275100 -1.535400 0.007438 0.0500
275200 -1.541956 0.008142 0.0500
275300 -1.540729 0.007981 0.0500
275400 -1.531956 0.007054 0.0500
275500 -1.533709 0.007207 0.0500
275600 -1.539826 0.007830 0.0500
275700 -1.539324 0.007757 0.0500
275800 -1.531885 0.006989 0.0500
275900 -1.531845 0.006971 0.0500
276000 -1.549493 0.008974 0.0500
276100 -1.562319 0.011097 0.0500
276200 -1.544187 0.008231 0.0500
276300 -1.517469 0.005766 0.0500
276400 -1.536546 0.007350 0.0500
276500 -1.570232 0.012747 0.0500
276600 -1.572209 0.013198 0.0500
276700 -1.543657 0.008070 0.0500
276800 -1.534895 0.007116 0.0500
276900 -1.557712 0.010044 0.0500
277000 -1.572002 0.013016 0.0500
277100 -1.560181 0.010416 0.0500
277200 -1.552045 0.009062 0.0500
277300 -1.569205 0.012222 0.0500
277400 -1.583886 0.016417 0.0500
277500 -1.573851 0.013276 0.0500
277600 -1.563514 0.010870 0.0500
277700 -1.568212 0.011820 0.0500
277800 -1.576908 0.013981 0.0500
277900 -1.579422 0.014668 0.0500
278000 -1.579484 0.014627 0.0500
278100 -1.587414 0.017271 0.0500
278200 -1.599441 0.022598 0.0500
278300 -1.609663 0.028616 0.0500
278400 -1.604882 0.025326 0.0500
278500 -1.603082 0.024098 0.0500
278600 -1.616753 0.033224 0.0500
278700 -1.632358 0.047928 0.0500
278800 -1.616117 0.032005 0.0500
278900 -1.598834 0.021073 0.0500
279000 -1.604983 0.024174 0.0500
279100 -1.615016 0.030515 0.0500
279200 -1.606942 0.024938 0.0500
279300 -1.599245 0.020693 0.0500
279400 -1.603225 0.022560 0.0500
279500 -1.615330 0.029927 0.0500
279600 -1.626498 0.038965 0.0500
279700 -1.624022 0.036282 0.0500
279800 -1.622961 0.034997 0.0500
279900 -1.621719 0.033622 0.0500
280000 -1.629434 0.040217 0.0500
280100 -1.634952 0.045493 0.0500
280200 -1.627179 0.037166 0.0500
280300 -1.630720 0.040102 0.0500
280400 -1.657271 0.074367 0.0500
280500 -1.668318 0.092239 0.0500
280600 -1.653560 0.065357 0.0500
280700 -1.650302 0.059577 0.0500
280800 -1.660563 0.073765 0.0500
280900 -1.668144 0.084904 0.0500
281000 -1.654417 0.061624 0.0500
281100 -1.660324 0.069027 0.0500
281200 -1.675586 0.093020 0.0500
281300 -1.673693 0.087300 0.0500
281400 -1.657716 0.060969 0.0500
281500 -1.644368 0.044636 0.0500
281600 -1.654283 0.054929 0.0500
281700 -1.660483 0.061938 0.0500
281800 -1.655819 0.054992 0.0500
281900 -1.661278 0.060991 0.0500
282000 -1.669041 0.070777 0.0500
282100 -1.666437 0.065672 0.0500
282200 -1.662149 0.058828 0.0500
282300 -1.662913 0.058827 0.0500
282400 -1.656875 0.050806 0.0500
282500 -1.644263 0.038188 0.0500
282600 -1.633875 0.030370 0.0500
282700 -1.646994 0.039727 0.0500
282800 -1.660683 0.052871 0.0500
282900 -1.659030 0.050254 0.0500
283000 -1.651063 0.041693 0.0500
283100 -1.662780 0.053162 0.0500
283200 -1.674721 0.067859 0.0500
283300 -1.666980 0.056334 0.0500
283400 -1.653749 0.041659 0.0500
283500 -1.663882 0.051258 0.0500
283600 -1.686448 0.082014 0.0500
283700 -1.678519 0.067852 0.0500
283800 -1.657970 0.042839 0.0500
283900 -1.670479 0.055372 0.0500
284000 -1.680943 0.068303 0.0500
284100 -1.663801 0.046371 0.0500
284200 -1.648779 0.033507 0.0500
284300 -1.665386 0.046932 0.0500
284400 -1.674120 0.055955 0.0500
284500 -1.656310 0.037672 0.0500
284600 -1.636894 0.025512 0.0500
284700 -1.643683 0.028770 0.0500
284800 -1.648867 0.031583 0.0500
284900 -1.627077 0.020963 0.0500
285000 -1.600911 0.013890 0.0500
285100 -1.614220 0.016863 0.0500
285200 -1.636283 0.024319 0.0500
285300 -1.615214 0.016939 0.0500
285400 -1.588105 0.011452 0.0500
285500 -1.590950 0.011854 0.0500
285600 -1.613369 0.016291 0.0500
285700 -1.592031 0.011938 0.0500
285800 -1.553855 0.007542 0.0500
285900 -1.553493 0.007497 0.0500
286000 -1.574977 0.009536 0.0500
286100 -1.576355 0.009671 0.0500
286200 -1.543011 0.006697 0.0500
286300 -1.533763 0.006117 0.0500
286400 -1.552889 0.007373 0.0500
286500 -1.556153 0.007616 0.0500
286600 -1.532372 0.006005 0.0500
286700 -1.516366 0.005175 0.0500
286800 -1.542505 0.006594 0.0500
286900 -1.564049 0.008255 0.0500
287000 -1.545003 0.006731 0.0500
287100 -1.518344 0.005236 0.0500
287200 -1.540377 0.006413 0.0500
287300 -1.574145 0.009240 0.0500
287400 -1.556151 0.007496 0.0500
287500 -1.521741 0.005367 0.0500
287600 -1.529575 0.005754 0.0500
287700 -1.563547 0.008097 0.0500
287800 -1.562952 0.008025 0.0500
287900 -1.522253 0.005358 0.0500
288000 -1.512984 0.004924 0.0500
288100 -1.537656 0.006153 0.0500
288200 -1.536619 0.006082 0.0500
288300 -1.511076 0.004819 0.0500
288400 -1.505419 0.004575 0.0500
288500 -1.541236 0.006332 0.0500
288600 -1.561333 0.007798 0.0500
288700 -1.537182 0.006068 0.0500
288800 -1.518465 0.005110 0.0500
288900 -1.532822 0.005808 0.0500
289000 -1.554590 0.007195 0.0500
289100 -1.544626 0.006479 0.0500
289200 -1.521266 0.005207 0.0500
289300 -1.524373 0.005345 0.0500
289400 -1.544037 0.006412 0.0500
289500 -1.533163 0.005770 0.0500
289600 -1.503389 0.004423 0.0500
289700 -1.486818 0.003817 0.0500
289800 -1.508276 0.004607 0.0500
289900 -1.518089 0.005015 0.0500
290000 -1.490690 0.003935 0.0500
290100 -1.481937 0.003642 0.0500
290200 -1.496708 0.004141 0.0500
290300 -1.493485 0.004020 0.0500
290400 -1.472332 0.003350 0.0500
290500 -1.462550 0.003105 0.0500
290600 -1.461883 0.003087 0.0500
290700 -1.453518 0.002917 0.0500
290800 -1.445129 0.002780 0.0500
290900 -1.444167 0.002765 0.0500
291000 -1.442608 0.002743 0.0500
291100 -1.430936 0.002621 0.0500
291200 -1.426008 0.002586 0.0500
291300 -1.431384 0.002621 0.0500
291400 -1.432966 0.002632 0.0500
291500 -1.425444 0.002577 0.0500
291600 -1.414659 0.002533 0.0500
291700 -1.407179 0.002522 0.0500
291800 -1.400600 0.002522 0.0500
291900 -1.389459 0.002544 0.0500
292000 -1.372768 0.002616 0.0500
292100 -1.358913 0.002713 0.0500
292200 -1.348893 0.002811 0.0500
292300 -1.330222 0.003082 0.0500
292400 -1.315781 0.003392 0.0500
292500 -1.322456 0.003232 0.0500
292600 -1.325538 0.003164 0.0500
292700 -1.295878 0.004001 0.0500
292800 -1.260564 0.005809 0.0500
292900 -1.259866 0.005847 0.0500
293000 -1.276012 0.004868 0.0500
293100 -1.265319 0.005473 0.0500
293200 -1.238824 0.007562 0.0500
293300 -1.228433 0.008699 0.0500
293400 -1.249094 0.006601 0.0500
293500 -1.255495 0.006095 0.0500
293600 -1.223881 0.009241 0.0500
293700 -1.192793 0.015675 0.0500
293800 -1.199782 0.013659 0.0500
293900 -1.240647 0.007267 0.0500
294000 -1.259758 0.005742 0.0500
294100 -1.248580 0.006550 0.0500
294200 -1.224462 0.009032 0.0500
294300 -1.228644 0.008482 0.0500
294400 -1.251505 0.006282 0.0500
294500 -1.253659 0.006111 0.0500
294600 -1.241922 0.007053 0.0500
294700 -1.233530 0.007866 0.0500
294800 -1.242711 0.006953 0.0500
294900 -1.257914 0.005770 0.0500
295000 -1.264714 0.005333 0.0500
295100 -1.259334 0.005659 0.0500
295200 -1.252853 0.006095 0.0500
295300 -1.258013 0.005727 0.0500
295400 -1.269517 0.005029 0.0500
295500 -1.278194 0.004587 0.0500
295600 -1.281131 0.004448 0.0500
295700 -1.283067 0.004358 0.0500
295800 -1.291898 0.004005 0.0500
295900 -1.311242 0.003411 0.0500
296000 -1.314974 0.003318 0.0500
296100 -1.304194 0.003594 0.0500
296200 -1.303092 0.003623 0.0500
296300 -1.308357 0.003472 0.0500
296400 -1.322692 0.003141 0.0500
296500 -1.338686 0.002880 0.0500
296600 -1.345763 0.002793 0.0500
296700 -1.349324 0.002754 0.0500
296800 -1.348795 0.002757 0.0500
296900 -1.343218 0.002815 0.0500
297000 -1.339601 0.002857 0.0500
297100 -1.336360 0.002898 0.0500
297200 -1.340812 0.002837 0.0500
297300 -1.342822 0.002811 0.0500
297400 -1.353178 0.002703 0.0500
297500 -1.357084 0.002668 0.0500
297600 -1.348863 0.002739 0.0500
297700 -1.342962 0.002801 0.0500
297800 -1.350197 0.002722 0.0500
297900 -1.356209 0.002667 0.0500
298000 -1.356538 0.002663 0.0500
298100 -1.360797 0.002629 0.0500
298200 -1.372953 0.002557 0.0500
298300 -1.373764 0.002552 0.0500
298400 -1.368465 0.002576 0.0500
298500 -1.364574 0.002597 0.0500
298600 -1.375981 0.002537 0.0500
298700 -1.389269 0.002494 0.0500
298800 -1.381216 0.002514 0.0500
298900 -1.376014 0.002531 0.0500
299000 -1.373999 0.002538 0.0500
299100 -1.386643 0.002493 0.0500
299200 -1.385613 0.002494 0.0500
299300 -1.369991 0.002552 0.0500
299400 -1.366153 0.002572 0.0500
299500 -1.383131 0.002496 0.0500
299600 -1.395602 0.002469 0.0500
299700 -1.392703 0.002471 0.0500
299800 -1.381822 0.002495 0.0500
299900 -1.379446 0.002501 0.0500
