<!--
 Unable to retrieve Git information.

 Simulation information:
           Machine Name: 296bf5753626
      Working Directory: /workspace
          Date and Time: 2026-06-02 04:14:32
-->
<simulation>
   <prng>
      <seed>1780279363046</seed>
      <state>[{"bit_generator": "MT19937", "state": {"key": [1334239614, 882224741, 58036474, 1544625962, 646628736, 1176866392, 1955058469, 644059726, 721628009, 3316749194, 854428867, 3152306933, 1866721086, 3806006309, 2565539372, 1475090947, 1448860722, 4085737372, 63734860, 2244208336, 3147898609, 1120961797, 1685806138, 2257120458, 1938108628, 2837899244, 1577545563, 3965713141, 1166931911, 3000142632, 2940478660, 989224954, 1525438976, 3854796576, 3640318412, 2790258480, 2335547068, 4158067863, 205397701, 1736112141, 1955749641, 1586247644, 1889432016, 233929402, 1259513520, 1059240470, 1938599763, 4178068796, 48408632, 4014289651, 60980311, 3353684519, 974112037, 3085239939, 292959174, 3618174572, 3409071734, 2766179323, 1554646861, 2417619034, 4060208903, 1660600207, 637790382, 948795018, 2797513373, 317107314, 518445216, 4231264404, 1136764117, 1663089740, 1545882018, 4059919898, 3220615234, 112319181, 172794860, 260023776, 4128152406, 422053530, 1160179466, 718209574, 2980053633, 463861422, 1921698781, 3340305226, 1232640172, 3657282481, 559539723, 420146391, 2418205255, 389048050, 2818235216, 3394443531, 4164241215, 4277970371, 2572377618, 2815190582, 2756099267, 1508938199, 2849285651, 1434413006, 409600638, 1682831366, 2282706531, 1416227932, 997988649, 2307554525, 1255389294, 1792845138, 2488728225, 666532209, 1245858283, 2544544841, 306453625, 1613854987, 3972958278, 3835790543, 2150810190, 2881921589, 1109276224, 405805811, 3002343988, 2958871032, 3856062920, 1345272051, 1275779265, 3874213474, 4042232031, 3335680107, 817310654, 265016237, 64941318, 3539720534, 7028385, 1169175382, 782951960, 1897393393, 3869979703, 1060027769, 2631198811, 2708691754, 753027674, 1052152996, 4258502119, 753022483, 3731575388, 630594531, 1101628659, 2065025972, 3153611187, 3035953825, 3925494852, 579357041, 2492435238, 279287312, 909177777, 848480892, 1798653182, 1692902393, 1128372057, 3696089510, 3453495808, 948153509, 2497723565, 662495996, 1841128574, 1153991956, 3704172162, 2975836018, 2865414480, 3981388511, 75832440, 1627860204, 2684565563, 857936512, 1373559662, 569301505, 1453474860, 2693089769, 2062589178, 1823278149, 355242095, 1223339087, 3192893445, 1464980328, 3002745432, 3622820357, 1784402452, 1939220032, 3669224888, 372720681, 3913523835, 3047377150, 2632531917, 3317867336, 2107324307, 3927147522, 1591309169, 1493463529, 1094947190, 249518127, 194480938, 3167523362, 110010761, 2957391428, 2428674756, 3737103118, 4138962933, 1805689578, 2574623509, 160089319, 4133806519, 1986879496, 3218629105, 4252848965, 3583290555, 4033562798, 1457410045, 1453101180, 377412425, 3091576556, 3875750182, 104632334, 948673293, 3856722650, 1763791794, 324051209, 3063117407, 2194151173, 3679971825, 2286364840, 1665199588, 2329933217, 2609593663, 1220399239, 471501618, 2522921120, 4291708929, 378446843, 57107299, 3277800958, 694660285, 1326004116, 1812367174, 1270502512, 2879352145, 2045111634, 1104604799, 4269362496, 1624234135, 388246151, 3982921219, 4155735571, 1285903376, 2123761149, 2169239778, 3056735568, 1811787173, 1643470627, 2935722874, 2368720773, 486718211, 966951588, 3286103097, 3441690973, 3568083954, 2095785016, 138490889, 3541449449, 1972518918, 464358649, 3377585855, 1823788390, 2565846285, 1745340430, 127155993, 3942002291, 1849242180, 790267562, 334069862, 212419580, 1219557671, 2571960211, 2354837327, 3364470810, 2433862820, 900015923, 1412593929, 3438503109, 1387749574, 1663402456, 667511078, 1480001435, 583123992, 2434812284, 1992101447, 3586641212, 21854210, 3926355066, 2453606074, 3914092222, 2015921992, 1489257315, 574302709, 605201869, 325736258, 548758619, 3950905181, 990672525, 2458927295, 2367028967, 2499581052, 3181586585, 2629389691, 2066714208, 2758194783, 2940871441, 891894740, 3161443721, 3532865401, 2289941937, 2301252380, 2218118158, 4256477298, 2481687818, 657280072, 2806765047, 1581418232, 4046710775, 3879916448, 4185352819, 3709580109, 1662390260, 1641155180, 1940185487, 1205250946, 389085815, 937093716, 1727817102, 721534288, 1826057023, 3712518929, 1978267112, 1235093484, 578907656, 1315563057, 248544184, 1322218943, 3834263287, 1389215635, 2518878089, 4175486900, 2046109214, 1055235605, 1246437927, 2887033397, 1542918166, 4091268873, 2080173632, 562667280, 1309269680, 337891648, 3780873333, 1168596670, 4059795808, 764069934, 3872104269, 3464878094, 2071840052, 1392887890, 3845839215, 862360102, 1978272936, 3216706562, 3165401694, 2742509426, 4095206561, 1847988428, 209135663, 587953224, 2203524056, 128250247, 1314735163, 82726974, 3506401161, 2333840518, 962947191, 3624043473, 392523639, 2975846990, 1059009966, 3438556032, 3417692538, 2517430045, 387733620, 533289065, 2336704830, 1730255795, 1922533329, 1647893889, 4166446799, 3958993494, 3127715720, 1922204742, 405915747, 2176132313, 881799776, 1151300525, 2454719050, 396297434, 3150558154, 3065515173, 2719137286, 1424505769, 3328040269, 1674799253, 3077636685, 3295031649, 3958914877, 3791144050, 533151272, 2099225335, 3062533582, 1742790159, 131634829, 3054432275, 3180859468, 4231817661, 317975691, 602422632, 851566982, 784511999, 2916439244, 3564994846, 3090368382, 162597353, 4217372326, 11698473, 561050341, 2360457487, 3787647189, 3625263339, 877030041, 405779187, 331808553, 1153175813, 2640700934, 6733294, 1810847498, 1562017751, 2626685451, 3035562261, 1644310150, 2259121569, 1383234132, 2659278114, 3260156520, 4214997238, 4268925698, 1814355477, 2861822465, 1863033278, 4172318268, 3516560223, 2749580976, 1786741065, 1435077915, 283277542, 3975037576, 1325682480, 1848276708, 3940710379, 1837303905, 816357873, 3605426985, 394268052, 3778500555, 1388276977, 3241431624, 132928692, 4039157782, 1286719328, 875156355, 355587701, 2982988933, 638690637, 998283555, 1402628729, 2599774115, 3951485564, 1549505604, 3661806155, 2916687783, 3319008572, 1574777182, 3019942119, 1129597893, 369737407, 3800131310, 2874428861, 3671594002, 111480695, 727164965, 3434297765, 568743370, 3154773878, 4021759186, 2036597918, 2600610620, 3610884182, 1847450561, 3496295853, 1562872217, 2912686941, 321129798, 2473313086, 441919858, 2333171575, 3543641271, 3365347902, 1068327912, 2469499600, 578487623, 1100454467, 203471499, 3315330615, 3667218525, 4124445859, 1070949413, 656834269, 1368879226, 1514236539, 3038101154, 973672810, 1539426842, 3297450848, 1962751190, 3817237107, 1830672935, 3138551438, 1443740155, 2133430456, 1331998177, 2905309049, 1524349533, 73555710, 2233246945, 740770879, 1919291624, 922459710, 2653368073, 1843551778, 3529459609, 1127756590, 2782594965, 4020306015, 3375695193, 4210636868, 1402701252, 3230209099, 2496925854, 2987664429, 1305859275, 425298978, 1902288291, 1445545271, 738827441, 1029178057, 3922402362, 710138560, 330854408, 3062766602, 1373313344, 363591394, 345678968, 1786054127, 1451556178, 4008226534, 4113017240, 3457482757, 996690844, 1962139228, 2177913398, 2934375182, 1170117768, 3711268001, 85669678, 2009642023, 3796193868, 164575786, 3660167926, 937030184, 104646238, 2894166413, 4034329652, 161227263, 1100843795, 566800521, 787065470, 1732085674, 3993837075, 1122210538, 905381398, 649074263, 3061171621, 2765512268, 3909188817, 859951005, 3403455673, 1413573452, 1364297393, 1059546570, 243699185, 1894176371, 1568298004, 2439783569, 2677737816, 4065872477, 290560945, 3246243201, 3384640859, 4180961524, 1369565660, 1547130504, 14871308], "pos": 239}}]</state>
   </prng>
   <output prefix='ipi_out'>
      <properties shape='(4)' filename='md' stride='10'> [ step, time{picosecond}, potential{electronvolt}, temperature{kelvin} ] </properties>
      <trajectory filename='pos' stride='100' cell_units='angstrom' bead='0'>positions{angstrom}</trajectory>
   </output>
   <step>600000</step>
   <total_steps>600000</total_steps>
   <smotion mode='metad'>
      <metad>
         <metaff shape='(1)'> [ plumed-bias ] </metaff>
      </metad>
   </smotion>
   <ffsocket mode='unix' name='physnet-ff'>
      <address>physnet</address>
      <slots>32</slots>
      <timeout>  5.00000000e+00</timeout>
   </ffsocket>
   <ffplumed name='plumed-bias'>
      <file units='angstrom' mode='xyz'>init_fad.xyz</file>
      <plumed_dat>plumed_fad_wtmetad.dat</plumed_dat>
      <plumed_step>19200032</plumed_step>
   </ffplumed>
   <system>
      <forces>
         <force name='physnet-ff' forcefield='physnet-ff'>
         </force>
         <force name='plumed-bias' forcefield='plumed-bias'>
         </force>
      </forces>
      <ensemble>
         <temperature>  6.33363040e-04</temperature>
         <eens>  3.65050631e+01</eens>
         <hamiltonian_weights shape='(2)'> [   1.00000000e+00,   1.00000000e+00 ] </hamiltonian_weights>
         <time>  1.24024119e+07</time>
      </ensemble>
      <motion mode='dynamics'>
         <dynamics mode='nvt'>
            <thermostat mode='pile_l'>
               <ethermo>  3.58008508e+03</ethermo>
               <tau>  2.06706865e+04</tau>
            </thermostat>
            <timestep>  2.06706865e+01</timestep>
            <nmts shape='(1)'> [ 1 ] </nmts>
         </dynamics>
      </motion>
      <beads natoms='10' nbeads='32'>
         <q shape='(32, 30)'>
          [  -5.88765027e+00,  -7.18512863e+01,  -8.44588367e+00,   4.87293936e+01,   4.19115612e+01, 
              4.72907970e+01,   2.10018917e+01,   6.62010340e+01,   1.51271175e+01,   5.06084468e+01, 
              4.12621269e+01,   4.83450053e+01,   4.86840819e+01,   4.29310365e+01,   4.55316520e+01, 
              2.20004898e+01,   6.51358912e+01,   2.02870021e+01,  -3.43071004e+01,  -4.59608176e+01, 
             -3.69379159e+01,  -3.43366832e+01,  -4.37540871e+01,  -3.62315669e+01,  -3.37990965e+01, 
             -4.81490607e+01,  -3.61579747e+01,  -3.22397322e+01,  -3.95239841e+01,  -3.63914024e+01, 
             -5.88517246e+00,  -7.17730433e+01,  -8.40288585e+00,   4.87879485e+01,   4.18742267e+01, 
              4.72957805e+01,   2.09556785e+01,   6.61550273e+01,   1.51124727e+01,   5.05539945e+01, 
              4.12908719e+01,   4.82987272e+01,   4.86823226e+01,   4.30805304e+01,   4.56421370e+01, 
              2.21020726e+01,   6.50227942e+01,   2.04423764e+01,  -3.43098381e+01,  -4.60493367e+01, 
             -3.69651452e+01,  -3.43478092e+01,  -4.38050586e+01,  -3.62278106e+01,  -3.38128912e+01, 
             -4.80778624e+01,  -3.62098992e+01,  -3.24613839e+01,  -3.95113540e+01,  -3.61803999e+01, 
             -5.97607910e+00,  -7.19239765e+01,  -8.26693840e+00,   4.87814009e+01,   4.18261946e+01, 
              4.73659209e+01,   2.09981828e+01,   6.62086137e+01,   1.51325523e+01,   5.05815311e+01, 
              4.12366626e+01,   4.83139765e+01,   4.86165484e+01,   4.31559437e+01,   4.58143744e+01, 
              2.17358683e+01,   6.49723012e+01,   2.03158850e+01,  -3.43581907e+01,  -4.60172513e+01, 
             -3.70047114e+01,  -3.43699669e+01,  -4.37994122e+01,  -3.62670678e+01,  -3.38509422e+01, 
             -4.80807162e+01,  -3.62058536e+01,  -3.22351987e+01,  -3.97309097e+01,  -3.64077289e+01, 
             -6.12305348e+00,  -7.16059238e+01,  -8.39925774e+00,   4.87497544e+01,   4.18852090e+01, 
              4.73337366e+01,   2.10406927e+01,   6.61553959e+01,   1.51928483e+01,   5.05634515e+01, 
              4.12376842e+01,   4.84510579e+01,   4.86732187e+01,   4.27816092e+01,   4.57379795e+01, 
              2.15401739e+01,   6.50807013e+01,   1.99850455e+01,  -3.42584763e+01,  -4.60422057e+01, 
             -3.70667947e+01,  -3.42988430e+01,  -4.38664286e+01,  -3.63187743e+01,  -3.38384075e+01, 
             -4.80509525e+01,  -3.62122949e+01,  -3.25642366e+01,  -3.95572143e+01,  -3.63586288e+01, 
             -6.21934369e+00,  -7.17543172e+01,  -8.29606611e+00,   4.87640920e+01,   4.19229125e+01, 
              4.73554934e+01,   2.10063753e+01,   6.61904614e+01,   1.52349751e+01,   5.05622718e+01, 
              4.12321859e+01,   4.84599165e+01,   4.86243012e+01,   4.27700869e+01,   4.54407145e+01, 
              2.14199063e+01,   6.49407070e+01,   1.99226399e+01,  -3.42053152e+01,  -4.61016113e+01, 
             -3.70372465e+01,  -3.42640833e+01,  -4.38736220e+01,  -3.64109595e+01,  -3.38316017e+01, 
             -4.81409500e+01,  -3.61783901e+01,  -3.24640748e+01,  -3.96773851e+01,  -3.63860346e+01, 
             -6.47940196e+00,  -7.18615626e+01,  -8.40175739e+00,   4.87613266e+01,   4.18868667e+01, 
              4.73529290e+01,   2.09167272e+01,   6.61434183e+01,   1.52063683e+01,   5.05651054e+01, 
              4.11553042e+01,   4.84441829e+01,   4.89522252e+01,   4.27249128e+01,   4.57202170e+01, 
              2.15772758e+01,   6.50605056e+01,   2.01099602e+01,  -3.42357545e+01,  -4.60667856e+01, 
             -3.70153676e+01,  -3.42547002e+01,  -4.37998279e+01,  -3.64443017e+01,  -3.37746286e+01, 
             -4.80274592e+01,  -3.62319256e+01,  -3.23774523e+01,  -3.97625001e+01,  -3.62244781e+01, 
             -6.57572449e+00,  -7.18910884e+01,  -8.59605045e+00,   4.87490365e+01,   4.19218411e+01, 
              4.73717798e+01,   2.09642653e+01,   6.61540704e+01,   1.51687057e+01,   5.05611082e+01, 
              4.11485532e+01,   4.84587566e+01,   4.92048219e+01,   4.30108392e+01,   4.58626340e+01, 
              2.17912983e+01,   6.50710649e+01,   2.00338198e+01,  -3.43026652e+01,  -4.59881047e+01, 
             -3.69666499e+01,  -3.43153347e+01,  -4.38704876e+01,  -3.64062990e+01,  -3.38241928e+01, 
             -4.79838040e+01,  -3.62802649e+01,  -3.22451981e+01,  -3.96574771e+01,  -3.63626038e+01, 
             -6.29279293e+00,  -7.20196992e+01,  -8.53942136e+00,   4.88352716e+01,   4.19691383e+01, 
              4.72785164e+01,   2.08970909e+01,   6.61589823e+01,   1.51980539e+01,   5.06039251e+01, 
              4.12236365e+01,   4.84555837e+01,   4.91821498e+01,   4.31224132e+01,   4.56991093e+01, 
              2.16150307e+01,   6.51403494e+01,   2.00193741e+01,  -3.43692951e+01,  -4.60219004e+01, 
             -3.70071685e+01,  -3.43385891e+01,  -4.38980665e+01,  -3.63862243e+01,  -3.37910041e+01, 
             -4.80282541e+01,  -3.62900839e+01,  -3.22344256e+01,  -3.94902811e+01,  -3.62121977e+01, 
             -6.38970702e+00,  -7.19611525e+01,  -8.47072749e+00,   4.88189099e+01,   4.19651980e+01, 
              4.72770451e+01,   2.09029124e+01,   6.62161939e+01,   1.52816760e+01,   5.05989504e+01, 
              4.12653601e+01,   4.84974141e+01,   4.86918251e+01,   4.30610191e+01,   4.58450881e+01, 
              2.17474567e+01,   6.51165015e+01,   2.01736814e+01,  -3.42912716e+01,  -4.60394850e+01, 
             -3.70036782e+01,  -3.43133908e+01,  -4.38408600e+01,  -3.63754788e+01,  -3.37782948e+01, 
             -4.80434144e+01,  -3.63244991e+01,  -3.22373085e+01,  -3.95277384e+01,  -3.63853932e+01, 
             -6.33120927e+00,  -7.20034740e+01,  -8.37794749e+00,   4.88538615e+01,   4.20244667e+01, 
              4.72874803e+01,   2.09209546e+01,   6.62479714e+01,   1.53603504e+01,   5.06142533e+01, 
              4.12489378e+01,   4.84285744e+01,   4.87151041e+01,   4.30817912e+01,   4.58841668e+01, 
              2.15865353e+01,   6.49370041e+01,   2.03933652e+01,  -3.43580249e+01,  -4.59201925e+01, 
             -3.70824935e+01,  -3.43226324e+01,  -4.38197461e+01,  -3.63719054e+01,  -3.37869690e+01, 
             -4.80625932e+01,  -3.63539346e+01,  -3.24364128e+01,  -3.93270201e+01,  -3.65700165e+01, 
             -6.35532490e+00,  -7.20709108e+01,  -8.13790249e+00,   4.88279299e+01,   4.19456299e+01, 
              4.72493686e+01,   2.10085922e+01,   6.61676633e+01,   1.52673370e+01,   5.06035915e+01, 
              4.12463538e+01,   4.84623737e+01,   4.84335331e+01,   4.32483699e+01,   4.58540906e+01, 
              2.15663628e+01,   6.48340757e+01,   2.04457408e+01,  -3.44132769e+01,  -4.59350763e+01, 
             -3.70891415e+01,  -3.42312393e+01,  -4.37669611e+01,  -3.63467773e+01,  -3.37876622e+01, 
             -4.80198107e+01,  -3.63434352e+01,  -3.26289314e+01,  -3.97074335e+01,  -3.65024198e+01, 
             -6.06208916e+00,  -7.22566189e+01,  -8.13896300e+00,   4.88575804e+01,   4.20153341e+01, 
              4.72764464e+01,   2.10278779e+01,   6.61805590e+01,   1.52932092e+01,   5.06046627e+01, 
              4.12110575e+01,   4.83981938e+01,   4.84668069e+01,   4.33517987e+01,   4.58927906e+01, 
              2.17026080e+01,   6.48480213e+01,   2.05810275e+01,  -3.44284308e+01,  -4.59491402e+01, 
             -3.70956084e+01,  -3.42123994e+01,  -4.37917129e+01,  -3.63865563e+01,  -3.37355293e+01, 
             -4.79767742e+01,  -3.62920861e+01,  -3.25328786e+01,  -3.98558281e+01,  -3.64777519e+01, 
             -6.36768803e+00,  -7.21873141e+01,  -8.36359666e+00,   4.87801314e+01,   4.19210679e+01, 
              4.73037731e+01,   2.09965622e+01,   6.61105767e+01,   1.52267074e+01,   5.05421935e+01, 
              4.11842120e+01,   4.84093399e+01,   4.84457489e+01,   4.35964294e+01,   4.57483280e+01, 
              2.14649442e+01,   6.48430707e+01,   2.05700169e+01,  -3.42907016e+01,  -4.59593989e+01, 
             -3.70897565e+01,  -3.42625656e+01,  -4.36825752e+01,  -3.63942198e+01,  -3.37867401e+01, 
             -4.79986429e+01,  -3.62299340e+01,  -3.23740721e+01,  -4.00133511e+01,  -3.65036653e+01, 
             -6.22760259e+00,  -7.20866336e+01,  -8.61185926e+00,   4.87823107e+01,   4.18774357e+01, 
              4.72365077e+01,   2.09912210e+01,   6.60642845e+01,   1.51828573e+01,   5.04940706e+01, 
              4.11591031e+01,   4.84162907e+01,   4.84668820e+01,   4.33806366e+01,   4.56747738e+01, 
              2.13289901e+01,   6.51810570e+01,   2.06557394e+01,  -3.42392075e+01,  -4.60076222e+01, 
             -3.71082716e+01,  -3.42851972e+01,  -4.36906359e+01,  -3.64025795e+01,  -3.37805675e+01, 
             -4.79689313e+01,  -3.62382650e+01,  -3.21650456e+01,  -3.98200184e+01,  -3.62491087e+01, 
             -6.21113621e+00,  -7.19902836e+01,  -8.52006290e+00,   4.88127608e+01,   4.19347312e+01, 
              4.72393466e+01,   2.09948283e+01,   6.60452318e+01,   1.51576273e+01,   5.05101141e+01, 
              4.11912134e+01,   4.83437162e+01,   4.85884611e+01,   4.31520540e+01,   4.57070519e+01, 
              2.13574114e+01,   6.55198768e+01,   2.06486689e+01,  -3.42850815e+01,  -4.60064011e+01, 
             -3.70727867e+01,  -3.42159068e+01,  -4.37646434e+01,  -3.64166906e+01,  -3.37179703e+01, 
             -4.79695627e+01,  -3.63151413e+01,  -3.22675354e+01,  -3.98160821e+01,  -3.63500814e+01, 
             -6.06689347e+00,  -7.19079802e+01,  -8.44188912e+00,   4.87811116e+01,   4.19593123e+01, 
              4.72840155e+01,   2.09325839e+01,   6.60336941e+01,   1.51255190e+01,   5.05119129e+01, 
              4.12647985e+01,   4.83422362e+01,   4.85648517e+01,   4.30581038e+01,   4.56812190e+01, 
              2.12978303e+01,   6.55719205e+01,   2.05291069e+01,  -3.42511643e+01,  -4.60733825e+01, 
             -3.70592455e+01,  -3.42462118e+01,  -4.38379035e+01,  -3.64197801e+01,  -3.37359657e+01, 
             -4.80166659e+01,  -3.63147264e+01,  -3.24332672e+01,  -3.95979585e+01,  -3.62961064e+01, 
             -6.25490719e+00,  -7.20133067e+01,  -8.19169922e+00,   4.87655106e+01,   4.20481239e+01, 
              4.72768436e+01,   2.09108839e+01,   6.60308686e+01,   1.51176653e+01,   5.04936904e+01, 
              4.11702425e+01,   4.84025366e+01,   4.86162819e+01,   4.30856709e+01,   4.53070675e+01, 
              2.12699289e+01,   6.55598853e+01,   2.05920009e+01,  -3.43154396e+01,  -4.60743160e+01, 
             -3.70412951e+01,  -3.42160088e+01,  -4.38560187e+01,  -3.63886919e+01,  -3.37291685e+01, 
             -4.80197765e+01,  -3.62695658e+01,  -3.22861754e+01,  -3.98394070e+01,  -3.61924271e+01, 
             -6.38698482e+00,  -7.21982461e+01,  -8.22417969e+00,   4.87797447e+01,   4.20367394e+01, 
              4.73088382e+01,   2.09220329e+01,   6.61017880e+01,   1.51206505e+01,   5.04950682e+01, 
              4.12085220e+01,   4.83654248e+01,   4.86492395e+01,   4.30150749e+01,   4.53284225e+01, 
              2.14140573e+01,   6.54778780e+01,   2.04406837e+01,  -3.43169650e+01,  -4.60752357e+01, 
             -3.70384247e+01,  -3.42191059e+01,  -4.39000599e+01,  -3.63494742e+01,  -3.37030329e+01, 
             -4.80276147e+01,  -3.62498474e+01,  -3.21099476e+01,  -3.98954440e+01,  -3.65019471e+01, 
             -6.51862417e+00,  -7.25318946e+01,  -8.12927651e+00,   4.87869428e+01,   4.20544343e+01, 
              4.73125392e+01,   2.08754660e+01,   6.60828975e+01,   1.51207741e+01,   5.05411824e+01, 
              4.12381957e+01,   4.84196653e+01,   4.85613904e+01,   4.30964229e+01,   4.53789398e+01, 
              2.17032468e+01,   6.53654510e+01,   2.04043140e+01,  -3.42886498e+01,  -4.59956216e+01, 
             -3.70051192e+01,  -3.42086038e+01,  -4.38991441e+01,  -3.62880930e+01,  -3.36451933e+01, 
             -4.80127819e+01,  -3.62723689e+01,  -3.21103384e+01,  -3.99175020e+01,  -3.65274333e+01, 
             -6.40488361e+00,  -7.24919364e+01,  -8.16384987e+00,   4.87648882e+01,   4.20217749e+01, 
              4.73391298e+01,   2.08949338e+01,   6.60669586e+01,   1.50662278e+01,   5.05385959e+01, 
              4.12244213e+01,   4.84140890e+01,   4.86021911e+01,   4.30235166e+01,   4.54841206e+01, 
              2.18587515e+01,   6.53916553e+01,   2.05526553e+01,  -3.43118213e+01,  -4.59184415e+01, 
             -3.69480750e+01,  -3.42366224e+01,  -4.39546269e+01,  -3.63085757e+01,  -3.36230979e+01, 
             -4.80112216e+01,  -3.63127105e+01,  -3.19182253e+01,  -3.98024502e+01,  -3.64528856e+01, 
             -6.35504565e+00,  -7.24982287e+01,  -8.60456203e+00,   4.87534358e+01,   4.20294173e+01, 
              4.73514696e+01,   2.10071339e+01,   6.60788009e+01,   1.50688524e+01,   5.05406766e+01, 
              4.12014019e+01,   4.83349152e+01,   4.84660981e+01,   4.27826327e+01,   4.55115171e+01, 
              2.18002076e+01,   6.52469668e+01,   2.05130642e+01,  -3.43236181e+01,  -4.59075447e+01, 
             -3.69610651e+01,  -3.43472779e+01,  -4.39596169e+01,  -3.62280669e+01,  -3.36190494e+01, 
             -4.79804853e+01,  -3.63099410e+01,  -3.20059103e+01,  -4.00217975e+01,  -3.65653141e+01, 
             -6.42406845e+00,  -7.24298950e+01,  -8.38134032e+00,   4.86328496e+01,   4.20361081e+01, 
              4.72657333e+01,   2.09931007e+01,   6.60931968e+01,   1.50680936e+01,   5.04844019e+01, 
              4.12141698e+01,   4.83070792e+01,   4.84361561e+01,   4.27421296e+01,   4.53841798e+01, 
              2.17867266e+01,   6.51014811e+01,   2.03251111e+01,  -3.43328612e+01,  -4.59831801e+01, 
             -3.69012740e+01,  -3.43339181e+01,  -4.38972014e+01,  -3.62752592e+01,  -3.36308974e+01, 
             -4.79091469e+01,  -3.62580184e+01,  -3.20403873e+01,  -3.99598885e+01,  -3.67177648e+01, 
             -6.60936535e+00,  -7.22830480e+01,  -8.21408282e+00,   4.86772197e+01,   4.19980129e+01, 
              4.72752312e+01,   2.09717006e+01,   6.60866308e+01,   1.50784755e+01,   5.05359398e+01, 
              4.12001176e+01,   4.82918693e+01,   4.85550250e+01,   4.26393533e+01,   4.55029934e+01, 
              2.18768889e+01,   6.50364957e+01,   2.05418460e+01,  -3.42666622e+01,  -4.59981071e+01, 
             -3.69331469e+01,  -3.44178773e+01,  -4.39040636e+01,  -3.63405270e+01,  -3.36224685e+01, 
             -4.79190333e+01,  -3.62594538e+01,  -3.21306247e+01,  -3.94896401e+01,  -3.69534675e+01, 
             -6.43327827e+00,  -7.24710203e+01,  -8.61129356e+00,   4.86761852e+01,   4.18981301e+01, 
              4.72965265e+01,   2.10195552e+01,   6.61458034e+01,   1.50860148e+01,   5.05635415e+01, 
              4.11597175e+01,   4.83459934e+01,   4.82141847e+01,   4.27486039e+01,   4.54031329e+01, 
              2.19675342e+01,   6.49324133e+01,   2.05880271e+01,  -3.42523721e+01,  -4.60162277e+01, 
             -3.69564771e+01,  -3.44201680e+01,  -4.39038989e+01,  -3.63369452e+01,  -3.36720560e+01, 
             -4.79375780e+01,  -3.61970686e+01,  -3.23850460e+01,  -3.95703600e+01,  -3.66103894e+01, 
             -6.50462358e+00,  -7.25327461e+01,  -8.65869383e+00,   4.87278952e+01,   4.19677168e+01, 
              4.72783130e+01,   2.10158668e+01,   6.61689185e+01,   1.50572433e+01,   5.05883282e+01, 
              4.11280878e+01,   4.83160692e+01,   4.84039745e+01,   4.25123762e+01,   4.54553531e+01, 
              2.20215367e+01,   6.49391548e+01,   2.03796685e+01,  -3.43248148e+01,  -4.59178895e+01, 
             -3.70083334e+01,  -3.43793692e+01,  -4.38956173e+01,  -3.63543084e+01,  -3.36501571e+01, 
             -4.80105224e+01,  -3.61483174e+01,  -3.22194205e+01,  -3.95416654e+01,  -3.64789373e+01, 
             -6.33930492e+00,  -7.25354024e+01,  -8.52963579e+00,   4.87254595e+01,   4.20128187e+01, 
              4.72731712e+01,   2.09891218e+01,   6.61588308e+01,   1.50442504e+01,   5.05991603e+01, 
              4.11791697e+01,   4.82687986e+01,   4.85745956e+01,   4.24780394e+01,   4.54994117e+01, 
              2.20110283e+01,   6.48603226e+01,   2.06103774e+01,  -3.43283985e+01,  -4.59065946e+01, 
             -3.70004608e+01,  -3.43643603e+01,  -4.38795638e+01,  -3.63715263e+01,  -3.37393443e+01, 
             -4.79562850e+01,  -3.61599085e+01,  -3.23774166e+01,  -3.95670296e+01,  -3.65582777e+01, 
             -6.15996475e+00,  -7.23460657e+01,  -8.41462747e+00,   4.86379753e+01,   4.19154668e+01, 
              4.73054968e+01,   2.09820569e+01,   6.62112177e+01,   1.50371457e+01,   5.05859362e+01, 
              4.12405496e+01,   4.82803370e+01,   4.85753827e+01,   4.24266254e+01,   4.52027832e+01, 
              2.17658978e+01,   6.47939489e+01,   2.05935605e+01,  -3.43541676e+01,  -4.60138823e+01, 
             -3.69824083e+01,  -3.43396855e+01,  -4.38754070e+01,  -3.63127946e+01,  -3.36947616e+01, 
             -4.79883804e+01,  -3.61253088e+01,  -3.23958983e+01,  -3.95104735e+01,  -3.64404494e+01, 
             -6.10571331e+00,  -7.22698796e+01,  -8.42083677e+00,   4.86514293e+01,   4.19696675e+01, 
              4.72845393e+01,   2.09481746e+01,   6.62467068e+01,   1.50762021e+01,   5.06255048e+01, 
              4.13222776e+01,   4.82623188e+01,   4.83396754e+01,   4.26818274e+01,   4.54763894e+01, 
              2.17353126e+01,   6.46905817e+01,   2.05963380e+01,  -3.42656204e+01,  -4.59573825e+01, 
             -3.68840472e+01,  -3.43238740e+01,  -4.38293711e+01,  -3.64516895e+01,  -3.37351038e+01, 
             -4.80894612e+01,  -3.61526634e+01,  -3.21079463e+01,  -3.92689923e+01,  -3.62752303e+01, 
             -6.30939477e+00,  -7.20044551e+01,  -8.26080141e+00,   4.86543314e+01,   4.19793391e+01, 
              4.73039458e+01,   2.09319663e+01,   6.62058220e+01,   1.51476434e+01,   5.06810423e+01, 
              4.13473072e+01,   4.82764822e+01,   4.85518406e+01,   4.28411924e+01,   4.55477114e+01, 
              2.19326452e+01,   6.47324467e+01,   2.05947166e+01,  -3.42833578e+01,  -4.59595328e+01, 
             -3.69334887e+01,  -3.43286745e+01,  -4.37654986e+01,  -3.64211605e+01,  -3.38083740e+01, 
             -4.80781787e+01,  -3.61285120e+01,  -3.21678213e+01,  -3.92662208e+01,  -3.64947101e+01, 
             -5.86901523e+00,  -7.18839513e+01,  -8.28170961e+00,   4.87491382e+01,   4.19585606e+01, 
              4.73142465e+01,   2.09559957e+01,   6.61875844e+01,   1.51920476e+01,   5.06380350e+01, 
              4.13475288e+01,   4.82782877e+01,   4.82979365e+01,   4.26777073e+01,   4.55183035e+01, 
              2.18365294e+01,   6.49086291e+01,   2.04842057e+01,  -3.42383256e+01,  -4.60284891e+01, 
             -3.69762974e+01,  -3.42915728e+01,  -4.37052313e+01,  -3.63781561e+01,  -3.38234793e+01, 
             -4.80655309e+01,  -3.60960241e+01,  -3.21878366e+01,  -3.93111865e+01,  -3.66293209e+01, 
             -5.96140187e+00,  -7.17377967e+01,  -8.16375101e+00,   4.87097066e+01,   4.18902440e+01, 
              4.72902589e+01,   2.09493325e+01,   6.62116113e+01,   1.52183280e+01,   5.06606298e+01, 
              4.13091172e+01,   4.82389618e+01,   4.82116087e+01,   4.27483112e+01,   4.54640112e+01, 
              2.17876890e+01,   6.48780531e+01,   2.03585746e+01,  -3.43425142e+01,  -4.60045733e+01, 
             -3.69538957e+01,  -3.42576561e+01,  -4.37107918e+01,  -3.63494275e+01,  -3.38441333e+01, 
             -4.80857319e+01,  -3.60896304e+01,  -3.20705805e+01,  -3.95332210e+01,  -3.65474676e+01, 
             -5.91428462e+00,  -7.18973845e+01,  -8.39550285e+00,   4.87091596e+01,   4.19255265e+01, 
              4.72167432e+01,   2.10220860e+01,   6.62133192e+01,   1.51807874e+01,   5.06306275e+01, 
              4.12528203e+01,   4.83125114e+01,   4.82331836e+01,   4.26539901e+01,   4.54954632e+01, 
              2.19056873e+01,   6.51123001e+01,   2.04321372e+01,  -3.42781765e+01,  -4.60153957e+01, 
             -3.68784444e+01,  -3.43306772e+01,  -4.37142985e+01,  -3.62942080e+01,  -3.38415111e+01, 
             -4.81466574e+01,  -3.61515159e+01,  -3.20488432e+01,  -3.95348692e+01,  -3.64713550e+01 ]
         </q>
         <p shape='(32, 30)'>
          [  -3.12547802e+00,   4.09264558e+00,   7.20189949e+00,  -1.08036071e+01,   8.98804599e+00, 
              9.18965736e+00,   2.65938049e+00,   1.46178075e+00,   1.82642923e+01,  -5.38679486e+00, 
              4.83894208e-01,   3.57777801e+01,   3.03573902e+00,  -1.76992127e-01,   5.55182086e+00, 
              3.62592621e+00,  -1.40409368e+01,   1.31231889e+01,   2.18548947e+01,  -1.63306501e+01, 
             -2.06878657e+01,   2.03333562e+01,  -1.19168787e+01,   8.11449274e+00,  -3.53019432e+01, 
              3.75616693e+01,   1.66047082e+01,   7.68842020e+00,  -4.00779773e+00,  -2.55645601e+00, 
              1.02367624e+00,   6.76084821e+00,  -1.17055473e-01,  -5.53423232e-02,  -1.63826059e+01, 
             -1.19425880e+01,   2.00584417e+00,  -1.83514971e+01,   3.33932206e+01,  -3.04624953e+01, 
              8.38056061e+00,  -3.90045808e+01,   1.42610730e+00,   3.92608134e+00,  -5.85758147e+00, 
             -9.12245900e-01,  -2.17899480e+00,  -4.13712505e+00,  -7.24146101e-01,   2.79934929e+01, 
             -2.72475146e+00,  -2.70582088e+01,  -3.73772008e+01,   8.13863032e+00,  -5.61687991e+01, 
             -5.31259347e+00,   1.16259486e+00,  -7.74336310e-01,  -3.88174740e-01,  -1.04159152e+01, 
              1.20014298e+01,  -6.25462697e+00,   8.07987563e+00,  -3.40954697e-01,  -5.47605690e+00, 
             -4.62311878e+00,   2.95573255e+00,   4.89966749e-01,  -1.85303798e+01,  -1.77375091e+01, 
              1.75139740e+01,  -2.48797770e+01,   5.95529817e+00,   6.93682219e-01,   6.38161345e-01, 
             -4.15355479e+00,  -4.39727924e+00,   5.45281789e+00,  -1.01872306e+01,  -1.79509285e+01, 
              2.44091340e+01,   3.31112979e+01,  -1.08110341e+01,   1.39147893e+01,   3.66895592e+01, 
              9.78688067e+00,  -1.85197705e+01,  -8.43183836e+00,  -3.29553872e+00,  -6.76491091e+00, 
             -7.11525163e+00,   8.30425812e+00,  -3.85157348e+00,  -1.54927283e+01,   1.87649644e+01, 
             -5.19963590e+01,  -1.60339525e+01,   2.34058880e+00,  -4.73907710e+01,   2.67399582e+01, 
              2.31165062e+01,  -9.89355389e+00,   1.21203750e+00,   5.25777321e+00,   1.03309684e+00, 
              1.51578321e+00,  -1.88000920e+01,   1.18372932e+00,   2.88475283e+01,   8.65282263e+00, 
             -8.96633449e+00,  -1.24148883e+01,   3.17362876e+00,  -3.47295419e+00,  -1.03269803e+01, 
             -1.17394753e+01,   1.42415065e+01,   1.25998693e+01,   1.11407252e+00,  -8.71071171e+00, 
             -1.36798976e+01,  -1.94993346e+00,  -2.32576990e+00,  -1.30078313e+01,  -8.38816305e-01, 
              2.48036971e+01,  -1.68172932e+01,  -3.90209418e+01,  -2.90061133e+01,   6.00753670e+00, 
             -2.22493127e+01,   1.83687299e+01,  -4.93391300e+00,   1.03017381e+00,  -6.79385815e+00, 
              2.83481960e+00,   8.92975578e-01,   8.56414827e+00,   2.15294987e+01,   1.25990142e+01, 
              1.02181691e+01,  -4.00344063e+01,  -3.43884737e+01,   9.69912969e+00,  -1.43008475e+01, 
             -1.15750830e+01,  -1.60065851e+01,   7.26378015e+00,  -7.74441528e+00,   2.50754110e+00, 
              7.81111472e+00,  -8.63017986e+00,   5.58897251e+00,   8.06975009e+00,   1.50579090e+01, 
              1.25358630e+01,   8.53673871e+00,  -2.02078848e+01,   1.18761328e+01,   2.20951006e+01, 
              2.31456628e+00,  -3.62275896e+01,   8.01924200e+00,  -6.31952623e-01,  -3.91532338e+00, 
              1.31768778e+01,  -1.86636716e+01,   7.37504300e+00,   1.65090210e+01,  -1.52646119e+01, 
             -2.50188886e+01,  -1.03328252e+01,   2.16038815e+01,  -2.08424898e+01,  -2.29248619e+00, 
              2.95365610e+00,  -2.75343282e+01,   7.59195768e+00,  -2.94222210e+00,   7.13610645e-01, 
             -3.97480752e-01,   5.06490094e+00,  -2.90262213e+00,  -1.63487871e+01,   8.53134140e+00, 
             -1.03160818e+01,   2.62742660e+00,   3.88862387e+01,   1.25566076e+01,  -2.52345812e+01, 
              3.08639396e+01,  -2.69091690e+01,   4.84876996e+00,   2.78715274e+00,   2.96267792e+00, 
              4.56524797e+00,   1.46186879e+00,  -2.40872448e+00,  -2.30816257e+01,   3.25796056e+01, 
             -1.09378351e+01,  -5.33743871e+00,  -1.83227557e+01,   6.41661316e+01,   3.56571108e+00, 
             -1.63462286e+00,   3.75309733e+01,  -7.89261148e+00,  -6.47099926e+00,   8.80054659e+00, 
              1.03452087e+01,  -9.50602586e+00,  -6.18965502e+00,  -2.33111898e+01,  -2.55485050e+01, 
             -2.86728725e+01,  -2.67889873e+01,   6.43390479e+00,  -1.50891744e+01,   2.35051729e+00, 
             -2.56646414e+01,  -8.53926774e+00,   6.00503810e+00,   6.36790510e+00,   9.48242440e-02, 
              6.24647036e+00,  -5.82196973e+00,  -2.63605367e+00,   2.98017970e+01,   6.72398488e+00, 
              2.79231169e-01,   2.45822676e-01,  -1.75306676e+01,  -3.02341243e+01,   7.30900785e+00, 
             -2.33886083e+00,   1.39517509e+01,  -9.62838261e+00,   4.69878343e-01,  -2.20357169e+00, 
             -4.86752271e+00,   3.11944819e+00,  -1.63462785e+00,   2.33881618e+01,   1.07100366e+01, 
              2.93444394e+01,  -3.09823100e-01,   3.64889552e+00,   1.77289904e+01,  -1.51454181e+01, 
              1.41978692e+01,  -3.54025913e+01,   1.43529320e+00,   5.29496885e+00,   5.38092351e+00, 
              1.04011022e+00,   5.12892268e+00,   3.80420259e+00,  -5.63793750e+00,  -1.82890688e+01, 
              1.19305893e+01,  -2.23194117e+00,   1.30211342e+01,   4.90464571e+01,  -1.89718553e+01, 
              1.94208925e+01,   1.47171466e+01,  -4.89454277e+00,  -1.71720404e+00,  -6.00453234e+00, 
             -2.05429470e+00,  -6.21657194e+00,  -1.63676228e+00,   1.39873664e+01,  -1.00639785e+00, 
              6.98639624e+00,  -1.11968005e+01,  -2.47603090e+01,  -1.45537790e+01,   1.80344680e+01, 
              2.76036755e+01,  -1.08364166e+01,   1.17180217e+01,   3.15359788e+00,   2.51059099e+00, 
             -4.88653033e-01,  -9.42669153e+00,   1.68889618e+00,   1.25774174e+01,  -4.96397058e+01, 
             -1.65912060e+01,   3.08312004e+01,  -4.09279980e+01,  -1.61045377e+00,   2.68934534e+01, 
              2.24148773e+01,   8.45953945e+00,   5.61547259e+00,  -1.02205855e+01,  -5.45128180e+00, 
             -1.38397535e+00,   1.62392021e+00,  -1.10380772e+00,   2.39473176e+01,  -1.89662835e+01, 
              1.33553002e+01,  -6.30229735e+00,  -1.87473000e+01,  -2.17271039e+01,  -7.79307367e+00, 
             -2.04158700e+01,   1.35693255e+01,   5.74101587e+00,   2.70001173e+00,  -1.27159219e+01, 
             -1.11625262e+01,  -8.11502376e+00,   2.99597635e+00,  -1.05464236e+00,   4.52610280e+01, 
             -8.24780792e+00,  -3.80198296e+01,  -1.40314344e+01,  -3.30634924e+01,  -1.61611789e+01, 
             -8.20836006e+00,  -4.62238497e+01,   5.80907360e+00,   4.63410844e+00,  -3.87041132e+00, 
              4.02482290e+00,   5.67619084e-01,   7.61508521e+00,  -7.76899835e+00,   1.13855660e+01, 
              3.01676271e+01,   2.38348933e+01,  -3.45203154e+01,  -6.32510496e-01,  -5.23661298e+01, 
              1.62385925e+01,   2.87188584e+01,  -2.72342401e+00,  -5.32535771e+00,  -4.93818320e+00, 
              4.30000364e+00,   1.51519993e+00,  -5.09468943e+00,   1.78400609e+01,   4.34287602e+01, 
             -3.35785978e+01,  -5.90579696e+01,   5.54639607e+00,  -2.68184829e+01,  -4.33114255e+01, 
             -1.52338249e+00,  -8.98237696e+00,   6.65762634e+00,  -3.66784544e+00,  -1.28351262e+01, 
             -9.21992594e+00,  -2.63560516e-01,   1.18046654e+00,   1.81463308e+01,   2.83115415e+00, 
              1.18745152e+01,   2.33360551e+01,  -3.54971658e+01,  -2.00328584e-01,   1.93213427e+01, 
              3.50703859e+01,  -3.33604361e+01,  -2.47104139e+00,   4.75581148e+00,  -2.03754848e-01, 
             -2.15565240e+00,  -9.33863764e+00,   8.52671930e+00,  -7.76311053e+00,  -3.07674874e+01, 
              4.42033921e+00,  -5.33282048e+00,  -9.73045813e+00,  -1.31047043e+01,  -2.08498131e+01, 
             -1.20566110e+01,  -1.18933957e+01,  -2.90084121e+00,   7.99006291e+00,   4.00977811e+00, 
             -4.09902207e-01,  -5.71393771e+00,   4.83026633e+00,  -1.08958830e+01,  -1.09791440e+00, 
             -8.92413302e+00,  -1.82709185e+00,  -9.65498096e+00,  -6.49707215e+00,   3.38494842e+01, 
              8.83877836e+00,   1.37114848e+01,  -9.43724025e+00,   2.68116596e+00,   1.31205909e+01, 
              3.21276470e+00,  -9.54027214e+00,   4.46200944e+00,  -1.65894002e+01,   8.24808082e+00, 
             -1.72028218e+00,  -1.09950353e+01,  -1.14056927e+01,  -2.28072415e+01,   2.79430236e+01, 
              1.17954488e+01,   3.36107937e+01,  -1.93758736e+00,  -6.17686983e+00,   1.51880573e+01, 
             -2.95986627e+00,  -1.05577890e+01,   3.23271671e+00,   5.21696022e+00,   8.16111109e+00, 
              5.08379337e+00,  -2.40496609e+00,   3.08019899e+01,  -3.34774380e+01,  -2.48701972e+01, 
              1.50729291e+01,  -4.70247900e+00,  -1.80764729e+00,  -7.57059286e-01,   9.69582192e+00, 
              7.45312786e+00,  -6.63538953e+00,   8.03212170e-01,  -3.37002883e+00,   3.30862192e+00, 
              1.66666008e+01,   1.23269709e+01,  -1.35431337e+01,   1.71026811e+01,  -9.88746207e+00, 
              9.64392560e+00,   6.64223277e+01,  -8.64552856e+00,   7.33384103e-01,  -1.38329224e+01, 
              1.06175175e+01,  -4.01611823e+00,  -3.91416430e+00,   4.34387351e+01,  -8.00339998e+00, 
              2.88437951e+01,  -6.94026512e+00,   2.00670579e+01,  -3.73057856e+01,   4.38637009e+00, 
             -5.54192127e+00,  -5.62984833e+01,  -1.70570010e+00,   4.51142315e+00,  -9.08681982e+00, 
             -4.33672688e-01,  -1.08709593e+00,   1.63042969e+00,   2.08230662e+01,   3.00064530e+01, 
              2.59810873e+00,   3.02589725e+01,  -2.59485616e+01,   4.00583121e+00,  -2.14765302e+01, 
             -1.06375331e+00,   4.15796170e+01,   4.49659108e+00,   2.86198557e+00,   2.38863537e+00, 
              8.73835277e+00,  -1.62308384e+00,   1.50251046e+00,  -2.46131176e+01,   3.19653995e+01, 
              3.10428892e+01,   3.26038650e+01,  -2.42534000e-01,  -1.23113179e+01,   7.13988946e+00, 
              1.82992070e+01,   1.19078125e+01,  -2.73421144e+00,  -3.88421691e+00,   1.98827439e+00, 
              8.63291748e-01,  -9.38269944e+00,   1.15119871e+01,   1.64447015e+01,  -7.40785393e+00, 
              1.48381629e+01,   4.58382756e+00,   3.76999965e+00,   1.93932950e+01,  -2.01132683e+01, 
             -1.27750982e+00,   1.57684763e+01,   1.67303599e+00,   4.92467276e+00,  -8.05198142e+00, 
             -6.29420115e+00,   2.31535077e+00,  -5.42998853e+00,   1.05958615e+01,   5.13249541e+00, 
              6.23708042e+01,  -1.10304617e+01,   1.00444388e+01,   8.65217920e+00,  -2.96950958e+01, 
              2.75866028e+01,  -2.06246791e+01,   1.89740691e+00,  -5.30003801e+00,   2.62754203e-01, 
              4.68815888e-01,  -1.58062547e+01,  -4.29336148e+00,   9.65364308e+00,   3.95397559e+00, 
              3.02014307e+01,   1.55432439e+01,   3.12088375e+01,   1.20783125e+01,  -4.83402646e-02, 
             -9.94619596e+00,  -3.22402523e+01,  -5.44034307e+00,   1.57722911e+00,   1.81259841e+00, 
              3.62174507e+00,  -6.04889430e+00,   1.03410998e+01,  -8.70483358e-01,   1.57526056e+01, 
              1.62877282e+00,  -1.55340527e+01,  -2.68970319e+00,  -1.69973311e+01,  -1.63407047e+01, 
              1.14815647e+00,   2.37394199e+01,  -1.13024867e+01,   3.36711571e+00,   6.71936684e+00, 
              2.67668814e+00,  -1.14909489e+01,   2.88497690e+00,  -3.28372920e+01,   3.73308799e+01, 
             -7.94395259e+00,   1.29177925e+01,  -2.42804064e+01,   3.61137065e+01,  -1.37357365e+00, 
             -3.73582366e+01,  -1.45811602e+01,   7.23477930e+00,   7.64336483e+00,   2.12684801e+00, 
              7.25797429e-01,  -2.88453095e+00,  -7.65131591e+00,   2.51029910e+00,  -7.62564750e+00, 
             -8.15002129e+00,  -1.56312113e+01,  -2.78697935e+01,   3.53756156e+01,   9.94438639e-01, 
              1.91348821e+01,   2.79716876e+01,   4.79937612e+00,  -1.19345434e+00,   3.90700377e+00, 
             -7.42834721e+00,   5.84403034e-01,  -3.36994317e+00,   4.31403956e+01,  -1.64526447e+01, 
             -1.04324349e+01,  -4.29586533e+00,  -2.01733780e+01,  -1.67337818e+01,   3.48867755e+01, 
             -1.39016579e+00,   2.01886966e+01,   4.38703987e+00,   3.54860009e+00,   2.28649889e+00, 
              6.69567512e+00,   7.34755424e-01,  -6.29909347e+00,   4.71427237e+01,  -6.05431211e+00, 
              6.60149491e+00,  -4.27816844e+01,   9.07338119e+00,  -1.19433643e+01,   4.44218360e+01, 
             -8.18070299e+00,  -7.35717684e+00,   3.01406998e-01,  -1.83950275e+01,  -3.77309119e+00, 
              5.63538375e+00,  -9.60103559e-01,   8.15665856e+00,   1.29712373e+01,   3.56295897e+01, 
              2.00155995e+01,  -2.24769479e+00,   9.23859167e+00,  -4.24808444e+01,   1.93257448e+01, 
             -1.44671235e+01,  -1.58565629e+01,  -6.84016186e+00,   5.48489937e+00,  -1.47510641e+00, 
             -3.63058527e+00,   3.53949166e+00,   6.31656162e-01,  -2.55187070e+01,  -3.97065829e+01, 
              1.28991065e+01,   7.96624526e+00,   3.73081980e+01,   4.27799029e+01,  -2.03224069e+00, 
             -2.72920954e+01,  -2.18878674e+01,  -8.71008602e+00,   2.82416914e-01,  -2.09046954e+00, 
              1.20292730e+00,  -6.17324139e+00,  -1.97717568e+01,  -1.00191837e+01,  -1.08437483e+01, 
             -4.72795557e+01,  -2.54058310e+01,  -3.68682258e+01,   2.70995297e+01,  -4.76439170e+01, 
              6.68216803e+00,  -1.48531811e+01,  -2.86275022e+00,  -3.95011894e+00,   3.94668753e-01, 
             -3.52486127e+00,   5.34262851e+00,  -4.11381634e-01,  -4.89218875e+00,   3.73540048e+00, 
             -1.52019954e+01,  -2.44759285e+00,  -1.85218066e+01,  -4.33844678e+01,  -3.36322525e+01, 
              7.54626725e+00,  -9.42131424e+00,   3.60862848e+00,   1.74691987e+00,   2.15791297e+00, 
             -8.79309937e+00,   4.21585685e+00,   4.65182136e+00,   3.80228316e+01,   3.00834550e+01, 
             -2.46471642e+01,   5.29554341e+01,   3.52001265e+01,   2.42710302e+01,   5.88778046e-01, 
             -2.23995005e+01,  -2.55601873e+01,  -4.86744010e+00,   6.57095703e+00,   9.43382533e+00, 
              4.48088023e+00,   3.36592449e+00,   4.33087905e+00,  -3.43183343e+01,  -7.21120470e+00, 
              1.81601951e+01,  -1.46498786e+01,  -2.42109132e+01,   6.17309949e+00,   4.58115039e+01, 
             -1.05748182e+01,  -1.92873102e+01,  -2.11542816e+00,  -1.11049092e+00,   1.46314181e-01, 
             -3.48668148e-01,  -8.36101434e+00,   1.01096117e+01,  -2.44012394e+01,   1.64290023e+01, 
             -3.08932686e+00,  -2.57649804e+01,   4.28920757e+01,   9.94380358e+00,   1.78195531e+01, 
              9.70088774e-01,  -9.96094904e+00,   1.07651362e+01,   5.41678996e+00,  -6.71871138e+00, 
             -4.12671705e+00,   1.07115483e+01,   1.31083716e+01,   8.90802434e+00,   3.15611191e+00, 
              2.83664315e+01,  -3.64801961e+01,  -3.37653171e+01,   6.87837307e+00,  -1.35063974e+01, 
              1.35121051e+01,  -1.34657776e+01,   4.76416213e+00,  -1.26990347e+00,  -1.27889471e+00, 
             -1.11214402e+01,   3.70428400e+00,   1.12428649e+01,  -8.89420604e+00,  -1.16115720e+01, 
              2.45806126e+01,   4.94174527e+01,   2.95893053e+01,   3.12526513e+01,  -2.11764521e+01, 
             -2.04708163e+00,   1.94751681e+01,  -1.31851272e+01,   2.23458455e+00,   9.02975107e-01, 
              6.51424018e+00,  -5.59309321e+00,  -4.25821130e+00,   1.41135657e+01,  -2.11943803e+00, 
             -1.56819270e+00,  -1.05903824e+01,  -3.17329464e+01,   3.03375231e-01,  -4.74266904e+01, 
              5.56160764e+00,  -2.94586885e+00,   3.13039204e-02,   2.88842373e+00,   8.62924958e+00, 
              1.21952373e+01,   7.68492626e+00,  -5.69553618e+00,   1.84965447e+00,  -9.95961287e+00, 
             -7.49966247e-01,  -1.21895315e+01,   7.47673730e-01,  -3.30208003e+00,   8.66794272e+00, 
              1.94304824e+01,  -1.13724775e+01,   4.52144138e+00,   1.98320043e+00,  -8.07916498e+00, 
              2.75720196e+00,  -6.04072974e+00,  -5.80831105e+00,   2.74539683e+01,   1.04369664e+01, 
              3.18705776e+01,  -1.04034705e+01,  -3.44810018e+01,   1.16302339e+01,  -8.60372418e+00, 
              1.20963204e+01,   1.42536634e+01,   6.12407158e+00,  -3.40447225e+00,  -4.58616465e-01, 
              1.26562510e+00,  -7.14646529e+00,   3.25526915e+00,  -1.23687164e+01,   3.24970868e-01, 
              6.11768228e+00,  -1.15988543e+00,   3.21630313e+01,   1.04698781e+01,   2.87414940e+01, 
             -8.68592624e+00,  -2.45595616e+01,   1.90802382e+00,  -6.35669647e-01,  -2.81505439e+00, 
              2.85566852e-01,  -8.67459442e+00,  -2.38200797e+00,   3.83812902e+01,  -2.28048980e+01, 
             -5.04143077e+01,  -1.33424819e+00,   1.67469593e+01,  -4.47469334e+01,   3.09765263e+01, 
              1.74056216e+01,  -2.86982432e+00,   3.81168478e+00,   1.16025710e+00,   3.17189504e+00, 
              4.31705282e+00,   1.49833334e+01,   2.65620474e+00,   2.08245881e+01,   4.23620297e+01, 
             -5.38340701e+00,   3.07314499e+01,  -1.03753278e+01,  -1.83096786e+01,  -1.67431149e+01, 
              7.99495305e+00,  -3.19788766e+01,  -1.28128143e+00,  -2.56724774e-01,  -2.74721883e+00, 
             -8.59509730e+00,  -3.62867633e-01,  -9.47832673e-02,   4.37954169e+01,   5.85149283e+01, 
             -9.82074315e-01,  -3.76852276e-01,  -3.56323971e+00,  -9.70436989e+00,   1.06234003e+01, 
              4.57899091e+01,   1.00624290e+00,  -7.95048028e+00,  -5.83594455e+00,   7.35382667e+00, 
             -1.17351199e+01,  -8.98777548e+00,  -5.54387120e+00,   2.94123663e+01,   2.49919834e+01, 
              8.37749883e+00,  -1.33636194e+01,  -7.82364382e+00,   1.51651903e+01,  -2.54698427e+01, 
              2.55480609e+01,   3.87017037e+01,   1.69909778e+00,   7.43631431e+00,   3.06599708e+00, 
              5.94826121e+00,   6.56714224e+00,  -8.90690151e+00,  -1.62461282e+01,   1.20260516e+01, 
             -1.98942631e+01,   3.32424751e+00,  -1.96656501e+01,   3.19414547e+00,  -9.37054739e+00, 
             -2.93195950e+01,   9.71585980e+00,  -4.00701459e+00,  -5.35907634e+00,  -7.26726965e+00, 
              5.81076243e+00,   2.46881068e+00,   4.31968977e+00,   2.10520678e+01,  -1.96794169e+01, 
              2.22494099e+01,   1.94415571e+01,   4.70011341e+01,  -1.49481444e+00,   6.73898027e+00, 
             -1.39365282e+01,  -3.18920510e+01,   4.28810178e+00,  -1.42616171e+00,   7.57395417e+00, 
              7.70740095e+00,  -1.27529402e+00,   5.14975358e-01,  -3.81108289e+01,  -9.48895468e+00, 
              3.27877410e+01,   3.28797329e+01,  -2.68489288e+01,  -6.98896205e+00,  -4.39131567e+01, 
              2.00098871e+00,   1.42401370e+00,  -1.42634259e+00,  -6.05663903e+00,  -1.24536197e+01, 
              3.30984248e+00,  -6.82535716e-01,  -6.30484792e+00,   1.89354309e+01,  -2.17856691e+01, 
              2.18178301e+01,  -3.83449801e+01,  -5.90301478e+00,  -1.82365899e+00,   1.32418407e+01, 
              8.94513400e+00,  -3.78792210e+01,   4.07771275e+00,   5.31422618e-01,  -9.70870574e+00, 
             -7.59552917e+00,  -2.83597634e+00,  -6.16856466e+00,   2.01776507e+01,   1.54105827e+01, 
             -1.85588959e+01,  -7.11945482e+00,   1.71261763e+01,   2.34495446e+01,  -4.43298679e+01, 
             -1.78175260e+01,   4.45591695e+01,  -4.61223190e+00,  -1.25579259e+00,  -8.64743345e+00, 
              5.68032079e+00,   2.26384284e-01,   7.78153833e+00,   1.62167453e+01,   2.13282285e+01, 
             -1.16883058e+01,   2.68046446e+01,   4.63117652e+00,   9.59465536e-01,  -1.91724748e+01, 
             -1.91260450e+01,   3.02597559e+01,   9.29782809e+00,   3.83303786e+00,   5.29923358e+00 ]
         </p>
         <m shape='(10)'>
          [   1.83736223e+03,   2.18941669e+04,   2.91651223e+04,   2.91651223e+04,   1.83736223e+03, 
              1.83736223e+03,   2.18941669e+04,   2.91651223e+04,   2.91651223e+04,   1.83736223e+03 ]
         </m>
         <names shape='(10)'>
          [ H, C, O, O, H, 
            H, C, O, O, H ]
         </names>
      </beads>
      <cell shape='(3, 3)'>
       [   5.66917830e+01,   0.00000000e+00,   0.00000000e+00,   0.00000000e+00,   5.66917830e+01, 
           0.00000000e+00,   0.00000000e+00,   0.00000000e+00,   5.66917830e+01 ]
      </cell>
   </system>
</simulation>
