<!--
 Unable to retrieve Git information.

 Simulation information:
           Machine Name: 9ea7096ca9c5
      Working Directory: /workspace
          Date and Time: 2026-05-31 20:17:35
-->
<simulation>
   <prng>
      <seed>1780257752711</seed>
      <state>[{"bit_generator": "MT19937", "state": {"key": [3390092680, 3617000775, 3382658257, 1443301686, 350409650, 222475221, 4082386119, 3025900761, 1071861221, 2704535843, 2418878021, 3604647305, 262304897, 301733421, 3340089479, 3734429866, 4290764571, 2524793335, 3671081771, 409389839, 3419331651, 3419862012, 2354155704, 38245215, 2130960819, 159327159, 2401729056, 2590931790, 4062034767, 3378963045, 137086746, 1514605784, 2596776229, 1718554355, 74058643, 731551372, 2340382958, 1375022419, 3930933195, 402333856, 3796390237, 2991043730, 3314702340, 4241056724, 2039108239, 1551072719, 151137643, 1286556966, 2394851771, 1057318606, 591449641, 2658146745, 2473087782, 2983234601, 1214060494, 3111751831, 2142782881, 3028085385, 4251835960, 2612609615, 2916401217, 3677559021, 1527207868, 3809333022, 3918513795, 2428687209, 1887986264, 3657907532, 354032372, 3876029892, 3550348705, 44935340, 496025754, 3481662609, 199234726, 3932792846, 3636260753, 4239486445, 1669115404, 158751628, 708033971, 1532319867, 2655000597, 3817253864, 1945594558, 1496091493, 4261914373, 264326936, 96431779, 913783974, 1330810101, 3738736792, 151290418, 1589109507, 3162571260, 2530701406, 4209325632, 2908998070, 3407180298, 2839726622, 558784532, 2171499196, 3174214479, 2943215320, 105626926, 2420087079, 1089211505, 2406085831, 4209231463, 382249198, 2776710432, 3955262698, 3598052495, 3221353161, 1045598585, 1309061706, 1807122144, 3589350847, 3707880692, 111136228, 3251824763, 2031853564, 2056328251, 2591183410, 1862667554, 3486978108, 4053543604, 787403646, 3538644466, 1778201891, 753958558, 901375542, 916998544, 2587712309, 2844058128, 2881663104, 14933062, 2717538847, 3638400886, 2074661575, 2732201055, 2600951859, 547059070, 3113422871, 4250804231, 532080709, 467692874, 4200874007, 1489427950, 942901310, 1053447662, 937722130, 4132332091, 4173435432, 3842597772, 3320279413, 40773976, 3144299259, 1548375172, 917185176, 2020226561, 1191678220, 3246483437, 3359132402, 1356720553, 707568803, 3432949415, 2276054504, 1320089798, 1128284060, 847693839, 317816094, 560209854, 287867379, 181044050, 737670931, 1899691468, 2059269286, 2406411948, 2252936524, 3141794184, 2247512165, 2273779770, 4061263644, 591664179, 704188059, 3249940002, 1801240117, 1826371008, 281905512, 3254844976, 4124191341, 2896365890, 3495965913, 1149312555, 197705772, 2912626546, 3206832568, 2670322129, 1980799602, 3399417414, 4097540606, 525364015, 3416500510, 455151564, 3451776542, 4258028693, 3816898191, 753156989, 396109066, 3432460236, 1975445063, 1432574933, 2431590402, 2675084904, 1166809423, 2025220724, 4198254267, 1023674298, 39261405, 1057980769, 2406356223, 598902040, 2567171166, 612304830, 3196661239, 4202460890, 2115007762, 3018435393, 2136452832, 478965810, 3882498140, 618377025, 2274627126, 1099008557, 3891008419, 1679552892, 2352026651, 60553370, 3935977928, 814381453, 866008645, 1457822448, 2763508391, 1620904773, 2227779427, 1311880342, 2446090961, 3842111057, 437987150, 1437412619, 230166885, 724001670, 2278384147, 1102999942, 165228158, 1840587170, 4107252533, 3003030440, 1087952193, 3505989395, 844220342, 3629607150, 711077706, 1872223023, 2324446673, 1228446838, 3979295311, 3923425442, 2599168527, 4069222929, 3246407786, 1197498501, 1650484813, 4139554002, 412384699, 2071929042, 579971909, 721529706, 3947278279, 249745526, 717830258, 566304888, 431354975, 1288176393, 2968267066, 3000067430, 2678457847, 85314377, 923888806, 1692926430, 1186406365, 2226301189, 3934542055, 2563507589, 2716903187, 867483809, 251855697, 740087506, 3356763388, 2353120186, 3709250484, 3556010951, 730157694, 2465799612, 2994040658, 51551883, 129572873, 416334421, 3273705846, 199523719, 534798088, 2948195191, 138613364, 3780827206, 3280538634, 50953204, 3907522707, 281548411, 1292606604, 3780808592, 210334464, 1082193172, 3677713159, 1518688912, 363209515, 932395781, 1438703562, 2743321022, 207755627, 741573838, 2882523990, 3577282372, 1774923778, 2750313645, 550444993, 2725315681, 2540750846, 2448226893, 579917009, 795699515, 3340698800, 1365079417, 3107522780, 2275709273, 992767917, 1448322682, 3616958439, 673582902, 3400689791, 2379088052, 13576998, 2419568540, 1538802850, 2398200990, 834642486, 1997495835, 369714523, 1746384929, 120562651, 154931260, 2424136951, 4146060484, 31170741, 2365403859, 2240255269, 3709972773, 3519618714, 2486940305, 3136924647, 3362928356, 2943686067, 1645105551, 2563918108, 2808174103, 63705369, 2910795142, 2568046854, 1017097695, 2202863166, 1383682470, 356380325, 3968324019, 3983423382, 2073380937, 753942962, 2000696227, 3166913989, 50718295, 2185528482, 1612440196, 2737945176, 1903570667, 2180411120, 241223109, 3881947771, 1088599476, 2473919606, 3142638004, 659575762, 1294818652, 3259620659, 347857030, 3513491012, 851584630, 2464822076, 2236618128, 3372485962, 1103287260, 771517327, 2153968928, 66348693, 2864795612, 184719050, 1091293178, 1071893644, 1136630703, 537575319, 1838776408, 476488171, 873516509, 393980985, 1655088224, 2111796192, 3580543808, 3907398867, 2995811722, 3883143316, 1990086309, 2359503981, 2363415997, 2298386434, 195663716, 3881385350, 1164695357, 3842184350, 2687771301, 360502271, 3285759272, 696657257, 3926003455, 949066827, 449273162, 3769897915, 4274640296, 2106259799, 3264157409, 152315114, 2248960240, 3868115813, 1687509920, 3289666753, 796303429, 4157989266, 4237481977, 3602236607, 3691679417, 2096559350, 2228687269, 2838832371, 517829998, 4029789033, 4218820881, 2015548970, 2891084138, 3131029651, 2218422579, 334500973, 351092463, 1058303193, 4126698037, 2552406054, 1332983482, 3364289700, 69348636, 3493849450, 809057663, 1142439071, 3502126107, 3398906319, 928983187, 2299792617, 4040374632, 1947159541, 4254742333, 2285528244, 4257113764, 2317995888, 620161501, 2190275993, 1787932797, 2374283626, 548955572, 3911402364, 2105679630, 1000070636, 927522154, 1815262363, 2093310113, 3086965591, 3974061500, 3218477727, 3457400730, 3208033663, 3614857982, 2474400835, 779776420, 2627736401, 2203412991, 2527861281, 3652488779, 3817528245, 1957829171, 2640971484, 862391816, 553601131, 2995113190, 3853591213, 114904432, 4179821928, 2992950133, 1383513500, 3432081696, 1064452263, 3706702701, 3714058135, 3368375906, 2760093918, 852811069, 3656787406, 3596940450, 982634457, 2648952949, 2615305513, 982395403, 1262842436, 1076208213, 2669907050, 205465044, 4149910887, 1899745729, 3667719815, 3708306162, 1578477439, 3686003318, 744659033, 1135574315, 4045962115, 2220249989, 1684636786, 2648872477, 2900082396, 238853567, 3384686235, 292472525, 3265288339, 2883093463, 4248364875, 3263125620, 1623278773, 1195579758, 2312515556, 2306148817, 3911126525, 2883272713, 1998128873, 3544900651, 2936337570, 3101672427, 121799548, 266318962, 1929550019, 3175477074, 357134695, 524652637, 779757342, 2562873962, 3154773787, 3818129070, 3813756315, 2826735181, 1025503904, 3467981893, 4198710436, 2784832106, 3733909638, 3281150505, 2605310425, 1617133293, 3365079144, 2400392300, 455622519, 766349773, 2065410175, 413445638, 765908663, 4270414356, 1864416281, 2424458353, 3650262262, 2339127082, 4176899460, 3638279019, 833631023, 1564944489, 1926369663, 2010009200, 3649374766, 3927413969, 4073105174, 1339566951, 3161734985, 622631302, 1216441247, 2505285818, 3160842526, 1462748343, 2493388653, 80998309, 1455475597, 426260983, 3233589930, 4150355232, 1709895536], "pos": 463}}]</state>
   </prng>
   <output prefix='ipi_out'>
      <properties shape='(4)' filename='md' stride='10'> [ step, time{picosecond}, potential{electronvolt}, temperature{kelvin} ] </properties>
      <trajectory filename='pos' stride='100' cell_units='angstrom' bead='0'>positions{angstrom}</trajectory>
   </output>
   <step>400</step>
   <total_steps>400</total_steps>
   <ffsocket mode='unix' name='physnet-ff'>
      <address>physnet</address>
      <slots>32</slots>
      <timeout>  5.00000000e+00</timeout>
   </ffsocket>
   <ffplumed name='plumed-bias'>
      <file units='angstrom' mode='xyz'>init_fad.xyz</file>
      <plumed_dat>plumed_fad_wtmetad.dat</plumed_dat>
      <plumed_step>12832</plumed_step>
   </ffplumed>
   <system>
      <forces>
         <force name='physnet-ff' forcefield='physnet-ff'>
         </force>
         <force name='plumed-bias' forcefield='plumed-bias'>
         </force>
      </forces>
      <ensemble>
         <temperature>  6.33363040e-04</temperature>
         <eens>  2.91568675e-02</eens>
         <hamiltonian_weights shape='(2)'> [   1.00000000e+00,   1.00000000e+00 ] </hamiltonian_weights>
         <time>  8.26827460e+03</time>
      </ensemble>
      <motion mode='dynamics'>
         <dynamics mode='nvt'>
            <thermostat mode='pile_l'>
               <ethermo> -9.58932683e+00</ethermo>
               <tau>  2.06706865e+04</tau>
            </thermostat>
            <timestep>  2.06706865e+01</timestep>
            <nmts shape='(1)'> [ 1 ] </nmts>
         </dynamics>
      </motion>
      <beads natoms='10' nbeads='32'>
         <q shape='(32, 30)'>
          [   4.48620297e+00,   1.98492551e-02,   1.60804260e+00,  -1.20885256e+00,   2.21018737e+00, 
             -2.27898991e-01,  -4.30315926e-01,   4.59076035e+00,  -7.33435879e-01,   1.29492275e-01, 
              3.00542789e-01,   1.55645895e-02,  -3.33279392e+00,   2.14411084e+00,   1.41752998e-01, 
              1.36948613e+00,   4.61269532e+00,  -8.01722092e-01,   6.80558614e+00,   1.99332876e+00, 
              2.72872744e-01,   5.97616369e+00,  -1.29954929e-01,   1.30626194e+00,   5.58090485e+00, 
              3.62324744e+00,  -5.82282386e-01,   8.91584670e+00,   2.06236535e+00,   6.88218832e-01, 
              4.18867029e+00,  -1.71350674e-01,   1.56057190e+00,  -1.20323260e+00,   2.28253854e+00, 
             -2.45417262e-01,  -4.85990421e-01,   4.65194476e+00,  -7.08391630e-01,   1.02681220e-01, 
              3.03417704e-01,   3.14720631e-02,  -3.38578015e+00,   2.23803244e+00,   1.09370014e-01, 
              1.54887694e+00,   4.67940631e+00,  -6.47220510e-01,   6.84094084e+00,   1.93520990e+00, 
              2.14455657e-01,   5.93723112e+00,  -4.72948111e-02,   1.35036251e+00,   5.62237018e+00, 
              3.60877309e+00,  -6.10952344e-01,   8.91986129e+00,   2.07782447e+00,   6.53780523e-01, 
              4.20492941e+00,  -6.93460303e-02,   1.44957282e+00,  -1.22934280e+00,   2.29076191e+00, 
             -2.67560965e-01,  -5.27904249e-01,   4.58280680e+00,  -7.01910556e-01,   1.09414400e-01, 
              3.51806303e-01,  -1.12820300e-02,  -3.37626954e+00,   2.27995709e+00,  -1.43311336e-01, 
              1.44335350e+00,   4.64482684e+00,  -3.87104722e-01,   6.77660082e+00,   2.01542215e+00, 
              2.48030011e-01,   5.95138673e+00,  -1.78295686e-02,   1.35903386e+00,   5.57969719e+00, 
              3.65004326e+00,  -5.52931891e-01,   8.96127015e+00,   2.23237237e+00,   5.47860997e-01, 
              4.11569855e+00,  -2.10893657e-01,   1.29789471e+00,  -1.27131697e+00,   2.27061652e+00, 
             -3.39968121e-01,  -5.93465417e-01,   4.57061405e+00,  -6.93556068e-01,   8.86927011e-02, 
              3.58776644e-01,   5.40770544e-03,  -3.46750950e+00,   2.27382943e+00,  -3.24934173e-01, 
              1.54135424e+00,   4.50790148e+00,  -2.70255893e-01,   6.77589020e+00,   2.06196542e+00, 
              3.89231436e-01,   5.99737688e+00,  -7.40655321e-02,   1.38986988e+00,   5.60130970e+00, 
              3.64089199e+00,  -5.15793879e-01,   8.94970071e+00,   2.31563501e+00,   3.50191821e-01, 
              4.09248237e+00,   1.50037673e-01,   1.36065793e+00,  -1.23210717e+00,   2.21624908e+00, 
             -2.97487403e-01,  -6.26578553e-01,   4.57862884e+00,  -6.90605069e-01,   1.56166520e-01, 
              4.12386113e-01,   5.80077042e-02,  -3.28981323e+00,   2.26433964e+00,  -6.74543618e-01, 
              1.30787773e+00,   4.64035558e+00,  -4.33256148e-01,   6.81831632e+00,   2.01884913e+00, 
              2.64968146e-01,   5.99168778e+00,  -1.12998494e-01,   1.35079097e+00,   5.58395593e+00, 
              3.72419669e+00,  -4.98072918e-01,   8.87801736e+00,   2.31753767e+00,   4.71797951e-01, 
              4.07768305e+00,   1.17541864e-01,   1.49687201e+00,  -1.25224084e+00,   2.18375141e+00, 
             -3.41118368e-01,  -5.63068295e-01,   4.54993949e+00,  -7.30660527e-01,   1.45810252e-01, 
              4.25123120e-01,   7.92231537e-02,  -3.36593024e+00,   2.28424715e+00,  -5.36690617e-01, 
              1.35928845e+00,   4.67356650e+00,  -2.54875227e-01,   6.88439546e+00,   2.06902826e+00, 
              2.82464269e-01,   5.99309331e+00,  -1.27451732e-01,   1.35177823e+00,   5.58439407e+00, 
              3.75116895e+00,  -5.32558679e-01,   9.11458069e+00,   2.02563822e+00,   1.96490495e-01, 
              3.98104045e+00,   1.01951849e-01,   1.37915467e+00,  -1.21465335e+00,   2.21346486e+00, 
             -3.34560811e-01,  -5.54368683e-01,   4.54382399e+00,  -7.08722737e-01,   1.94305972e-01, 
              4.74363200e-01,   2.80131590e-03,  -3.40260926e+00,   2.30144490e+00,  -7.59629078e-01, 
              1.05571425e+00,   4.62247177e+00,  -2.07086111e-01,   6.82789727e+00,   2.12449902e+00, 
              3.00541060e-01,   6.02827658e+00,  -7.66810998e-02,   1.39270144e+00,   5.62023693e+00, 
              3.72620819e+00,  -4.95208881e-01,   9.00514321e+00,   2.00234826e+00,   3.17475083e-01, 
              4.11696330e+00,   1.86153617e-02,   1.37714155e+00,  -1.23379325e+00,   2.18538185e+00, 
             -2.23196525e-01,  -5.48031667e-01,   4.53273935e+00,  -7.02731116e-01,   2.35155244e-01, 
              4.29832842e-01,   1.07516024e-03,  -3.16629031e+00,   2.28784047e+00,  -5.56330624e-01, 
              1.28725087e+00,   4.58093708e+00,  -5.32371254e-01,   6.83136175e+00,   2.12542442e+00, 
              3.00042201e-01,   6.07114475e+00,  -5.50749910e-02,   1.40882066e+00,   5.67684090e+00, 
              3.72362281e+00,  -5.56092136e-01,   9.11598423e+00,   2.08851563e+00,   4.15816638e-01, 
              4.44314576e+00,  -3.54677637e-01,   1.56861421e+00,  -1.27371816e+00,   2.12485667e+00, 
             -3.03778822e-01,  -4.85458486e-01,   4.56922331e+00,  -6.94674806e-01,   2.38088685e-01, 
              4.92035080e-01,   1.02202540e-02,  -3.25267206e+00,   2.25113715e+00,  -5.12855136e-01, 
              1.38360003e+00,   4.34302091e+00,  -8.80611536e-01,   6.92633957e+00,   2.12497108e+00, 
              3.30458657e-01,   6.09371293e+00,  -7.48286944e-02,   1.35565838e+00,   5.62669030e+00, 
              3.71169031e+00,  -6.70474129e-01,   9.20999069e+00,   2.21094371e+00,   4.41730842e-01, 
              4.42623526e+00,  -2.88892948e-01,   1.70216202e+00,  -1.26007127e+00,   2.14664667e+00, 
             -3.54405801e-01,  -5.03407036e-01,   4.55038160e+00,  -7.52390118e-01,   2.39700066e-01, 
              4.92137392e-01,  -5.06087706e-02,  -3.32200144e+00,   2.12318616e+00,  -1.25905779e-01, 
              1.43029165e+00,   4.53550474e+00,  -8.61430754e-01,   6.98717814e+00,   2.10500928e+00, 
              3.16336887e-01,   6.07189582e+00,  -1.36033108e-01,   1.37071804e+00,   5.65781214e+00, 
              3.67565088e+00,  -6.56003649e-01,   9.12080230e+00,   2.33004404e+00,   5.24468649e-01, 
              4.49584389e+00,  -2.38231238e-01,   1.92367037e+00,  -1.26011255e+00,   2.16613903e+00, 
             -3.22638203e-01,  -5.29773948e-01,   4.60681080e+00,  -7.36853048e-01,   2.48054701e-01, 
              4.62932558e-01,   1.22528337e-02,  -3.25960395e+00,   2.07535518e+00,   2.90665811e-02, 
              1.43746937e+00,   4.79995894e+00,  -9.21074678e-01,   6.94982041e+00,   2.07293121e+00, 
              3.03192645e-01,   6.04799089e+00,  -1.44927008e-01,   1.35422690e+00,   5.63182965e+00, 
              3.70063985e+00,  -6.30059324e-01,   9.02870805e+00,   2.24522931e+00,   5.77022444e-01, 
              4.35551058e+00,   5.51072330e-02,   1.89943467e+00,  -1.25358869e+00,   2.16349839e+00, 
             -3.55935915e-01,  -5.00853799e-01,   4.60366173e+00,  -6.90163283e-01,   2.62157892e-01, 
              4.75530038e-01,  -3.29605299e-02,  -3.19758024e+00,   2.00825610e+00,  -8.16479351e-02, 
              1.35807390e+00,   4.95956635e+00,  -1.00299507e+00,   6.95459907e+00,   2.07160393e+00, 
              3.04656917e-01,   6.05190164e+00,  -1.54073852e-01,   1.36279376e+00,   5.64963538e+00, 
              3.71483970e+00,  -6.61836236e-01,   8.77433729e+00,   2.37690174e+00,   4.65048847e-01, 
              4.29937680e+00,   4.93755135e-01,   1.90287608e+00,  -1.29073548e+00,   2.23220211e+00, 
             -3.89134557e-01,  -5.34039181e-01,   4.62367655e+00,  -7.14241515e-01,   2.31048492e-01, 
              5.10938584e-01,  -2.21492547e-02,  -3.01229163e+00,   1.97492063e+00,  -2.61968284e-01, 
              1.28583117e+00,   4.85817388e+00,  -9.72818481e-01,   6.92261650e+00,   2.02969117e+00, 
              3.64519367e-01,   6.05357070e+00,  -2.66425069e-01,   1.37315089e+00,   5.62046888e+00, 
              3.68744604e+00,  -6.55890699e-01,   8.92360766e+00,   2.32425431e+00,   4.14957011e-01, 
              4.48921031e+00,   4.25864921e-01,   1.55858155e+00,  -1.27693863e+00,   2.23270631e+00, 
             -3.98647321e-01,  -4.89054900e-01,   4.59002645e+00,  -7.30674120e-01,   2.50050494e-01, 
              4.77580928e-01,  -5.79656465e-03,  -3.23439687e+00,   1.95682257e+00,  -4.49827175e-01, 
              1.26564340e+00,   4.80576653e+00,  -1.06081948e+00,   6.92780609e+00,   2.02219100e+00, 
              3.76160764e-01,   6.12524994e+00,  -3.10390604e-01,   1.33016047e+00,   5.65680851e+00, 
              3.70238501e+00,  -6.35358301e-01,   8.99577923e+00,   2.14207625e+00,   4.87441152e-02, 
              4.42855648e+00,   5.39313345e-01,   1.57433587e+00,  -1.21230535e+00,   2.24370132e+00, 
             -3.72655728e-01,  -5.82540646e-01,   4.56859461e+00,  -7.54887989e-01,   2.57206781e-01, 
              4.92656042e-01,   5.35398149e-02,  -3.40841033e+00,   1.89312701e+00,  -4.91617587e-01, 
              1.23352447e+00,   5.05451477e+00,  -9.43722904e-01,   6.92010416e+00,   2.03827248e+00, 
              3.01297310e-01,   6.09894286e+00,  -1.83794362e-01,   1.26998243e+00,   5.68289597e+00, 
              3.72106334e+00,  -5.83073173e-01,   9.07568944e+00,   1.92544598e+00,  -4.35128421e-02, 
              4.52843882e+00,   5.02806682e-01,   1.34693949e+00,  -1.13093239e+00,   2.25655027e+00, 
             -2.93742346e-01,  -5.81333290e-01,   4.59542374e+00,  -7.87998107e-01,   2.54649259e-01, 
              4.81398942e-01,   1.77745767e-02,  -3.44267665e+00,   1.91290364e+00,  -3.53567158e-01, 
              1.55576546e+00,   4.81180098e+00,  -9.62555395e-01,   7.03068174e+00,   1.96196279e+00, 
              2.79967959e-01,   6.05997249e+00,  -1.44520116e-01,   1.27037493e+00,   5.60979294e+00, 
              3.74018304e+00,  -5.89237435e-01,   9.10454578e+00,   1.98328309e+00,  -1.12160236e-01, 
              4.44987819e+00,   4.39285113e-01,   1.22892591e+00,  -1.06740519e+00,   2.18741675e+00, 
             -3.36978510e-01,  -5.87141358e-01,   4.58915635e+00,  -7.82192143e-01,   2.78124065e-01, 
              4.27464227e-01,   2.33624989e-02,  -3.33999094e+00,   2.02033959e+00,  -2.78632303e-01, 
              1.37890585e+00,   4.66241564e+00,  -7.13502141e-01,   6.92127935e+00,   2.02839998e+00, 
              2.64203854e-01,   6.05868159e+00,  -2.57246223e-02,   1.34840216e+00,   5.64013261e+00, 
              3.75987022e+00,  -6.15110732e-01,   9.05669443e+00,   1.93796761e+00,   4.55791104e-02, 
              4.23179928e+00,   3.42462475e-01,   1.25517461e+00,  -1.13131104e+00,   2.17938150e+00, 
             -3.19745551e-01,  -6.18680918e-01,   4.53134704e+00,  -8.06958249e-01,   2.13047029e-01, 
              4.48324722e-01,  -7.77920031e-04,  -3.14541148e+00,   2.05684011e+00,  -5.36746129e-01, 
              1.10615251e+00,   4.66190749e+00,  -7.14152495e-01,   6.90946727e+00,   2.02018811e+00, 
              2.21529675e-01,   6.09925985e+00,  -2.22146275e-02,   1.33422044e+00,   5.58563902e+00, 
              3.79392833e+00,  -6.07714912e-01,   9.18847956e+00,   1.81816900e+00,   1.73442630e-01, 
              4.17707927e+00,   2.58257914e-01,   1.23599204e+00,  -1.19560986e+00,   2.22185650e+00, 
             -3.75627472e-01,  -6.00617526e-01,   4.50555595e+00,  -8.81963666e-01,   1.69105583e-01, 
              4.80428731e-01,   1.32434324e-02,  -3.10187978e+00,   2.02105998e+00,  -7.61101486e-01, 
              1.11054709e+00,   4.79856226e+00,  -8.63343615e-01,   6.90721538e+00,   2.02133302e+00, 
              2.12723595e-01,   6.08237964e+00,  -1.58470105e-02,   1.32746683e+00,   5.58333775e+00, 
              3.83184538e+00,  -6.11671931e-01,   9.11313181e+00,   1.56178562e+00,   6.91063274e-02, 
              3.96601202e+00,   2.87472467e-02,   1.13506212e+00,  -1.20828696e+00,   2.26794274e+00, 
             -3.28528632e-01,  -5.59982676e-01,   4.52358799e+00,  -8.62858337e-01,   2.33773041e-01, 
              5.19839184e-01,  -4.68226409e-02,  -3.28890215e+00,   2.12502405e+00,  -5.06380032e-01, 
              1.24549499e+00,   4.73459983e+00,  -7.77965436e-01,   6.90737246e+00,   2.05006647e+00, 
              2.57575951e-01,   6.02591137e+00,  -5.02993626e-02,   1.36207058e+00,   5.53630189e+00, 
              3.82331006e+00,  -5.85486919e-01,   9.11563070e+00,   1.77479257e+00,  -4.99911673e-02, 
              4.26310780e+00,   1.70711366e-01,   1.34841344e+00,  -1.14618871e+00,   2.23723220e+00, 
             -4.04908515e-01,  -5.40558614e-01,   4.54662243e+00,  -8.56164576e-01,   2.44392661e-01, 
              4.63379475e-01,  -3.93124961e-02,  -3.27999260e+00,   2.06016763e+00,  -4.14028795e-01, 
              1.13780473e+00,   4.56566024e+00,  -7.93318731e-01,   6.90279357e+00,   2.05807128e+00, 
              2.42836924e-01,   6.05058453e+00,  -7.27575199e-02,   1.30194030e+00,   5.50568304e+00, 
              3.78268497e+00,  -6.01204676e-01,   9.19562546e+00,   2.06525362e+00,   1.07719136e-01, 
              4.11783327e+00,   1.20424672e-01,   1.50182464e+00,  -1.08651221e+00,   2.17106589e+00, 
             -4.35595556e-01,  -5.72807731e-01,   4.51586982e+00,  -7.96858867e-01,   2.12193287e-01, 
              3.66288277e-01,  -1.39947090e-02,  -3.21023089e+00,   1.93946188e+00,  -5.55569528e-01, 
              1.35433214e+00,   4.41353775e+00,  -9.42277395e-01,   6.92002884e+00,   1.96528306e+00, 
              2.25616456e-01,   6.08993940e+00,  -3.04440408e-02,   1.34301234e+00,   5.52806409e+00, 
              3.75335084e+00,  -5.90759761e-01,   9.03379791e+00,   2.06698595e+00,   1.03242024e-01, 
              4.41053004e+00,  -1.72517640e-02,   1.66318631e+00,  -1.09218736e+00,   2.18710836e+00, 
             -4.12686123e-01,  -5.87957829e-01,   4.48095855e+00,  -7.79120736e-01,   1.78450887e-01, 
              3.24439729e-01,   9.46097026e-03,  -3.30749064e+00,   1.73733616e+00,  -5.47088461e-01, 
              1.36544387e+00,   4.39185106e+00,  -1.12936069e+00,   6.97147219e+00,   1.89593394e+00, 
              1.96458892e-01,   6.11782524e+00,  -7.80389322e-02,   1.34207598e+00,   5.52345932e+00, 
              3.69276901e+00,  -6.57183745e-01,   9.03027094e+00,   1.92903908e+00,   2.34673752e-01, 
              4.40118503e+00,   9.50932577e-02,   1.88359914e+00,  -1.07894669e+00,   2.20264233e+00, 
             -3.84266255e-01,  -5.37430841e-01,   4.47433026e+00,  -7.92062347e-01,   1.68513870e-01, 
              3.41553996e-01,  -6.08731948e-03,  -3.18651038e+00,   1.81962361e+00,  -2.70291201e-01, 
              1.20652041e+00,   4.52503088e+00,  -1.05071976e+00,   6.93068748e+00,   1.93510071e+00, 
              1.55136483e-01,   6.14182875e+00,  -1.10320381e-01,   1.37268780e+00,   5.52799759e+00, 
              3.71810316e+00,  -6.61608292e-01,   9.00423919e+00,   1.91470115e+00,   7.71481203e-02, 
              4.24093111e+00,   3.01339350e-01,   1.74167181e+00,  -1.08547044e+00,   2.15537823e+00, 
             -3.94858334e-01,  -5.19654436e-01,   4.53438605e+00,  -7.93201111e-01,   1.26631464e-01, 
              3.54386886e-01,  -4.79717240e-02,  -2.88419930e+00,   1.64097846e+00,  -6.05713650e-02, 
              1.34903155e+00,   4.58613040e+00,  -8.17600981e-01,   7.00814121e+00,   1.95704453e+00, 
              2.02885357e-01,   6.11269618e+00,  -6.98228227e-02,   1.39883403e+00,   5.53967908e+00, 
              3.69252640e+00,  -6.37649251e-01,   9.22428599e+00,   1.92067490e+00,   2.23216624e-01, 
              4.44156162e+00,   3.35703033e-01,   1.85188678e+00,  -1.12930168e+00,   2.14895415e+00, 
             -4.04345615e-01,  -4.92402229e-01,   4.54755902e+00,  -7.49204456e-01,   1.51483671e-01, 
              3.40225108e-01,  -5.49309392e-02,  -2.82448657e+00,   1.57890611e+00,  -7.87530446e-02, 
              1.49156871e+00,   4.52350196e+00,  -6.38952899e-01,   6.99749793e+00,   2.01587921e+00, 
              2.24076147e-01,   6.04365710e+00,  -1.59574489e-01,   1.37142989e+00,   5.54109793e+00, 
              3.57533986e+00,  -5.69796765e-01,   9.13558815e+00,   1.93344920e+00,   3.41531080e-01, 
              4.69465228e+00,   3.69053190e-01,   1.89344362e+00,  -1.14818853e+00,   2.09803571e+00, 
             -3.24045914e-01,  -4.72645453e-01,   4.52469805e+00,  -7.29512522e-01,   2.28706807e-01, 
              3.06361949e-01,  -3.78716409e-02,  -2.95487054e+00,   1.52833808e+00,  -2.42020644e-01, 
              1.43388800e+00,   4.44487855e+00,  -7.27181559e-01,   6.94194478e+00,   1.95128872e+00, 
              1.90328345e-01,   6.02483251e+00,  -1.96370925e-01,   1.35513612e+00,   5.56208047e+00, 
              3.61568647e+00,  -6.11055403e-01,   9.19071119e+00,   1.71665316e+00,   4.57017405e-01, 
              4.61624517e+00,   1.42376871e-01,   1.87887730e+00,  -1.16549422e+00,   2.05196641e+00, 
             -2.65906854e-01,  -4.64165212e-01,   4.59707369e+00,  -6.77760803e-01,   2.18251232e-01, 
              3.02171192e-01,   1.54787401e-02,  -3.21803517e+00,   1.77441597e+00,  -1.58771401e-01, 
              1.50568356e+00,   4.35465695e+00,  -6.93065445e-01,   6.91972791e+00,   1.89756129e+00, 
              2.08948496e-01,   6.09336232e+00,  -2.11240336e-01,   1.34616505e+00,   5.58880384e+00, 
              3.63507204e+00,  -5.65289027e-01,   9.09970332e+00,   2.01626425e+00,   3.05162921e-01, 
              4.51403216e+00,   1.26129899e-01,   1.74382476e+00,  -1.06982428e+00,   2.02498913e+00, 
             -2.58359462e-01,  -4.54042478e-01,   4.59466582e+00,  -7.15986105e-01,   2.11465753e-01, 
              3.10286844e-01,   5.73107982e-02,  -3.11301387e+00,   1.70336931e+00,  -3.96054397e-02, 
              1.57632787e+00,   4.19891022e+00,  -9.15172092e-01,   6.88089037e+00,   1.91973398e+00, 
              1.76038353e-01,   6.11189920e+00,  -1.98348156e-01,   1.37907331e+00,   5.54745073e+00, 
              3.66749956e+00,  -6.11307837e-01,   9.00701305e+00,   2.10295178e+00,   5.23890885e-01, 
              4.31292763e+00,   2.47880492e-01,   1.71684105e+00,  -1.11832423e+00,   2.06726200e+00, 
             -2.21784801e-01,  -4.20948057e-01,   4.57787120e+00,  -7.42868365e-01,   1.40075771e-01, 
              3.25860756e-01,  -1.33284511e-02,  -3.30741693e+00,   1.49757741e+00,  -2.32757800e-01, 
              1.50437876e+00,   4.00043277e+00,  -1.11492729e+00,   6.88332545e+00,   1.99009846e+00, 
              1.54033902e-01,   6.03521242e+00,  -1.73942048e-01,   1.38991370e+00,   5.54836108e+00, 
              3.60893325e+00,  -6.78363204e-01,   8.97172742e+00,   1.99916901e+00,   5.55589641e-01, 
              4.21667514e+00,   1.42613436e-01,   1.64411621e+00,  -1.04924422e+00,   2.13934835e+00, 
             -2.90902318e-01,  -3.57329711e-01,   4.61130799e+00,  -7.08023510e-01,   1.60326667e-01, 
              3.54348523e-01,  -4.71151340e-03,  -3.20699954e+00,   1.79064515e+00,  -7.95331516e-03, 
              1.50605772e+00,   4.17862557e+00,  -1.07439355e+00,   6.81559645e+00,   1.97296291e+00, 
              2.37833030e-01,   6.04845469e+00,  -1.50573302e-01,   1.37730745e+00,   5.56996619e+00, 
              3.59697559e+00,  -6.66605333e-01,   8.89146545e+00,   1.86827793e+00,   5.09263466e-01, 
              4.31750138e+00,   1.51951329e-01,   1.70246600e+00,  -1.10673938e+00,   2.16501142e+00, 
             -2.69239683e-01,  -4.03366295e-01,   4.57423392e+00,  -6.80002847e-01,   1.72177760e-01, 
              3.28093134e-01,   8.91260856e-03,  -3.37142550e+00,   2.00045668e+00,   2.61240101e-02, 
              1.49265653e+00,   4.55591794e+00,  -8.92921526e-01,   6.79580344e+00,   1.99421769e+00, 
              1.71990418e-01,   5.96839837e+00,  -8.58868299e-02,   1.34982488e+00,   5.59850556e+00, 
              3.63146893e+00,  -6.30078711e-01,   8.91190565e+00,   1.80271893e+00,   3.13460059e-01 ]
         </q>
         <p shape='(32, 30)'>
          [  -8.43582236e+00,  -6.28366958e+00,  -9.30389063e+00,  -1.54854909e+01,   3.84227749e+01, 
             -1.08595903e+01,  -2.26064711e+01,  -1.96062559e+01,  -2.34152086e+01,  -1.23514876e+01, 
             -2.89260778e-02,  -6.20758241e+00,   2.35251155e+00,   3.81036471e+00,  -4.29846758e+00, 
              7.47623432e+00,   2.27377392e+00,   3.55883551e+00,  -3.07753308e+00,   1.77332105e+01, 
              2.51738412e+01,  -2.65075221e+01,  -3.72447095e+01,   2.83044961e+01,   5.23785768e+00, 
              1.14969071e+00,  -2.84166525e+01,   5.99466671e+00,  -8.38729638e+00,  -1.19794679e+01, 
              5.62738236e+00,   6.92957700e+00,   2.47471576e+00,  -3.28826388e+01,  -5.68083930e+00, 
              1.49380494e+01,  -8.97296812e+00,   7.30993084e-01,   1.23260555e+01,  -7.73361453e+00, 
             -2.28295465e+01,   1.35770797e+01,   9.22739613e+00,  -3.85051169e+00,  -2.89886624e+00, 
             -6.14961928e+00,   5.26122552e+00,  -4.24317860e+00,   1.77783783e+01,   1.83269431e+01, 
              2.28773878e+01,  -1.06896956e+01,  -4.68937270e+00,   3.90174023e+01,  -2.29316708e+01, 
              3.98838361e+01,   2.19210600e+01,  -7.87620278e+00,  -6.80474165e-01,  -8.53760283e+00, 
              1.01048046e+01,   8.80665691e+00,   1.02189842e+01,  -4.16932702e+01,   2.06367536e+00, 
             -8.65440500e+00,   5.24049981e+00,  -1.58118856e+01,  -1.93988798e+01,  -1.97239759e+01, 
             -2.50262120e+01,  -1.85644431e+00,  -8.87269573e-01,   6.46893996e-01,  -1.99489734e+00, 
             -8.86337371e-03,  -7.91205904e+00,   4.33643540e+00,  -2.63893193e+01,   3.64528430e+01, 
             -2.82673229e+01,   1.95267965e+01,  -8.98385467e+00,   2.96494086e+01,   2.69899155e+01, 
              1.94231457e+01,   4.21525685e+01,   3.86501931e-01,  -6.32635556e+00,  -1.11968456e+01, 
             -6.98391252e+00,   7.22893948e+00,   9.51154283e+00,  -1.33128264e+01,  -2.15109873e+00, 
             -9.41065731e+00,   3.08753414e+01,  -4.63176115e+01,   1.26489907e+00,   2.89566782e+01, 
             -1.03964120e+01,  -8.01145134e+00,   3.16475032e+00,  -1.49923930e+01,  -6.49920756e+00, 
             -4.88551731e+00,   4.26896370e+00,   8.67854818e+00,   2.02557390e+01,   1.84659564e+01, 
             -3.03996218e+01,   1.20766017e+01,   2.69729333e+01,   8.54233319e-01,  -9.29113999e+00, 
             -2.68951223e+00,   4.18273030e+01,  -3.14334747e+00,  -5.01928122e+00,   3.49966710e+00, 
              1.43679330e+00,  -6.59089897e+00,  -4.27502476e+00,   3.46218360e+00,   1.44316324e+01, 
              1.12810350e+01,   1.25819452e+01,  -3.19142337e+01,  -3.45689716e+00,   4.01595487e+01, 
              2.03937972e+01,   3.06510467e+01,  -5.69463608e+00,  -7.17092976e-01,   3.76452990e+00, 
             -1.23847643e+01,  -4.93850764e+00,   5.37150426e+00,   9.49889800e+00,  -1.73649511e+01, 
              1.77180305e+01,  -8.56912173e+00,  -1.93659005e+01,   1.96977428e+01,   1.36422645e+01, 
              2.91453436e+01,   5.94913122e+00,  -1.20235498e+01,  -6.05332821e+00,  -1.42636867e+00, 
              5.72779740e+00,  -6.11080253e+00,  -7.12315502e+00,  -1.99220006e+01,  -2.70743087e+01, 
             -1.90477810e+01,  -8.66399399e+00,   2.07768665e+01,  -3.47431916e+01,   3.03490995e+01, 
              3.30594768e+00,   3.27632021e+00,  -8.67916832e+00,  -2.08182893e+00,   7.04128775e+00, 
              3.79641543e+00,   1.14845198e-01,  -4.73454628e+00,  -2.54193837e+00,   3.08013883e+01, 
             -5.14274425e+00,   2.40556212e+01,  -6.89488450e+00,  -2.05045852e+01,  -7.59192390e+00, 
             -2.64745152e+00,  -5.52237327e+01,   5.77818952e+00,   7.88753365e+00,  -5.69728422e-01, 
              1.73971741e+00,  -2.10686095e+00,  -5.37662602e+00,  -3.20560892e+00,  -4.96636640e+00, 
             -9.51239282e+00,  -5.25243714e+01,  -9.07934584e+00,  -7.26843672e+00,  -3.03084733e+01, 
              6.23779602e+00,   8.35251935e+01,  -1.74569903e+00,  -1.32603179e+00,  -1.96482319e+00, 
             -2.15337988e+00,  -8.20111088e+00,   6.30782184e+00,   4.02036762e+00,   4.52755867e+00, 
              2.39813118e+01,  -3.87195068e+01,   2.73589044e+00,  -3.00587660e+01,  -5.88293978e+00, 
              2.93873697e+01,  -1.61884415e+01,  -1.15455747e+01,   3.11376445e+00,  -3.16980869e+00, 
              5.00080448e+00,  -8.59104767e+00,   3.75502568e+00,   5.26101954e+00,  -1.34877847e+01, 
              9.64981190e+00,  -7.79297666e+00,   6.63610480e+00,   2.69296552e+01,   2.38647836e+01, 
             -1.34621776e+01,   2.90417208e+01,   3.09117227e+00,  -1.28138711e+01,   3.28383717e+00, 
             -4.40365663e+00,  -1.60704857e+00,  -3.30578161e+00,   2.41931786e+01,  -6.47499367e+00, 
             -8.32174971e+00,   1.74137532e+00,   1.34571498e+01,   6.82924376e+00,  -2.07496757e+01, 
              1.89131080e+01,   2.95691748e+01,  -5.67123352e+00,  -2.67589606e+00,   9.82983284e+00, 
              3.18526618e+00,   8.58454822e+00,   2.26605867e+00,   1.14098284e+01,  -4.39713452e+01, 
             -3.52937762e+00,   1.95249922e+01,  -2.02992366e+01,   2.37675109e+01,   3.68409776e-01, 
              3.13813613e-01,   4.59413130e-01,   2.01955042e+00,   2.03750476e+00,  -8.89218003e+00, 
             -9.88584228e+00,  -6.80654153e+00,  -5.88603123e+00,  -1.74346328e+01,  -3.99957917e+01, 
             -1.97786312e+01,   6.02553759e+00,  -1.09383879e+01,  -1.41730036e+01,  -5.25997343e+01, 
              4.15049370e+01,  -3.88604701e+01,   5.15591799e+00,  -5.78494504e+00,  -4.49254964e-01, 
             -6.61162859e-01,   5.54397553e+00,  -3.91265294e+00,  -1.65385026e+01,   2.61541891e+01, 
              2.70713399e+01,   3.44478620e+00,  -3.31683876e+01,  -1.83917255e+01,  -6.75848171e+01, 
             -3.01006930e+01,   2.34922250e+01,  -2.35813863e+00,  -3.55849762e+00,  -8.98693350e+00, 
              3.99824917e+00,  -4.97772020e+00,   9.82867954e-01,   9.36959049e+00,   1.89550502e+01, 
              3.87348657e+01,  -1.77482021e+00,  -3.63457459e+01,   3.20897569e+01,   2.41817035e-01, 
              8.13964958e+00,  -2.24210392e+01,   6.48626439e+00,   1.24623207e+01,  -1.07022713e+01, 
             -5.93022238e-01,  -5.02905309e+00,   1.31734359e-01,  -1.38358627e+01,   2.48026396e+01, 
              1.30776441e+01,   2.49344661e+01,  -9.59132213e+00,   4.04722019e+00,   1.24778477e+01, 
              2.70418531e+00,   2.32037583e+01,  -8.52045045e+00,  -1.12297550e+01,  -5.93111626e+00, 
             -2.76958319e+00,  -5.08480777e-01,  -7.44192504e+00,   3.23914752e+01,  -1.84427483e+00, 
              9.36764983e+00,   1.92138550e+01,   1.71114188e+01,  -3.17656830e+01,  -2.63000560e-01, 
              3.07721966e+00,  -3.62990232e+01,   4.14873057e+00,  -4.27861642e-01,  -9.09905669e+00, 
             -3.14757246e+00,   1.41499865e+00,   4.06293841e+00,  -3.28991040e+00,  -7.26580459e+00, 
              1.02780138e+01,   1.94686485e+01,  -3.20224566e+01,   6.86558211e+00,   1.76533084e+01, 
             -4.59027406e+00,  -1.54867316e+01,  -4.97370480e+00,   1.20649358e+00,   8.61361434e+00, 
             -5.14307142e+00,  -5.80091388e+00,  -4.95492294e+00,   3.30012494e+01,   3.58285744e+01, 
             -9.66997471e+00,   2.78290203e+01,  -2.14107883e+01,   7.42427351e+00,  -2.91947746e+01, 
              1.79458065e+01,   7.08358802e+00,  -4.09375736e+00,   6.74247508e+00,  -1.22890895e+01, 
             -4.30348101e+00,  -7.50487361e-01,  -4.03881609e+00,  -3.82116135e+00,  -8.52334071e+00, 
              2.33040657e+00,  -8.41265566e+00,   5.15070603e-01,  -5.84115387e+01,   2.25844041e+01, 
             -5.32690926e+01,   1.00397876e+01,  -3.78371849e+00,   2.11924843e+00,  -3.83724396e+00, 
              3.49984257e+00,   6.00861767e+00,  -8.31454540e-01,   1.48877346e+01,  -1.12868414e+01, 
             -5.82781387e+00,   1.06284742e+01,   4.37361462e+01,  -4.00246991e+00,   2.02551180e+01, 
              1.01438965e+01,  -5.36604891e+00,   1.54397436e+01,   6.50830510e+00,  -2.17463753e+00, 
             -3.04062074e+00,  -3.14808270e+00,   7.11587060e+00,  -1.51791953e+01,  -1.85267704e+01, 
             -8.21942839e-01,   4.30643624e+01,  -2.06505906e+01,  -8.02834765e+00,   4.28610621e+01, 
              3.72347408e+00,  -3.23785672e+01,   2.68062296e+00,   4.78419494e+00,   1.02398091e+01, 
              1.08229621e+01,   9.69599372e+00,   5.49473777e+00,  -1.59425543e+01,   8.16010033e-01, 
             -7.61097220e+00,  -7.60564973e+00,   3.75582381e+00,  -8.73281920e-01,   4.95709039e+00, 
              1.88768829e+01,   4.23183859e+00,   9.27529424e+00,  -3.56372102e-01,   9.11673055e+00, 
              6.21842287e+00,  -2.36829639e-01,   3.38784328e+00,   1.52189200e+00,  -1.89060855e+01, 
             -4.19079784e+01,  -1.53067210e+01,   1.73070113e+01,   6.21104784e+00,   3.85825067e+00, 
              2.97902812e+01,   4.32877428e+01,   7.95125550e+00,   4.79203393e+00,  -2.81626507e+00, 
             -6.60612253e+00,  -1.29625478e+00,  -7.91184800e-02,  -6.89693454e+00,  -5.09211677e+00, 
             -1.46645525e+01,  -5.45618848e+00,   1.79606377e+00,   2.44875931e+01,   1.81039193e+01, 
              1.01167749e+01,   1.41173395e+01,   4.15256371e+00,  -1.30747762e+00,  -4.77922526e+00, 
             -6.35097470e+00,  -2.08457087e+00,   5.81603614e-01,  -4.69209708e-02,   9.03796737e+00, 
              2.28175977e+01,   3.29278865e+01,  -5.00177363e+00,  -3.28512153e+01,   5.48219458e-01, 
              1.05602315e+01,   1.65713343e+00,  -4.58498260e+00,  -3.55695070e+00,   1.96706862e+00, 
             -2.45823388e+00,  -6.30160373e-01,   7.10099771e+00,   2.27658073e+01,   4.90405339e+00, 
             -1.33469137e+01,   3.96457760e-01,   1.87191223e+01,   1.61844034e+01,   1.27224203e+01, 
              1.35075828e+01,   9.47714136e+00,   5.26497951e+00,  -5.95956225e+00,  -4.91791596e+00, 
              2.06746462e+00,   5.05817056e+00,  -6.55176762e+00,  -5.44698268e-01,   1.37484568e+01, 
             -2.30084341e+01,  -3.33387414e+01,   6.32704739e+00,  -3.80288156e+01,  -1.90315111e+01, 
             -8.50571244e+00,   1.76826793e+01,   9.22465929e-02,  -7.61804851e+00,  -6.62392871e+00, 
             -3.55054351e+00,  -1.70820697e+00,  -2.62300320e+00,  -8.54974912e+00,   1.41188808e+01, 
             -3.35233404e+01,   3.23778211e+01,   2.23388394e+01,  -4.48541604e+01,  -5.85629989e+00, 
              1.35209266e+01,  -3.99226817e+01,   1.15058628e+00,   2.41942652e+00,   1.24919912e+01, 
             -8.86353301e+00,  -2.63784698e+00,   1.95727401e+00,  -2.67317483e+01,  -1.99427333e+01, 
             -1.87044876e+01,  -1.28499997e+01,   2.03912860e+01,   1.96754197e+00,  -2.94610356e+01, 
             -5.24891037e+00,   2.79677685e+00,   9.62466772e-01,  -5.67063147e+00,  -1.10967248e+01, 
              4.88767192e+00,  -7.66260126e+00,  -4.64486988e+00,  -3.61256146e+00,  -1.03891106e+01, 
              3.01447015e+01,  -4.74876027e+00,  -4.85550607e+00,   4.06795284e+01,  -1.85116287e+01, 
              2.53093661e+01,   5.40523173e+00,   7.17950654e+00,  -7.55319964e-01,  -3.64968267e+00, 
             -4.52996985e+00,  -1.29045822e+01,   4.72158295e+00,  -3.71999934e+01,  -1.89398799e+01, 
              1.51563427e+01,  -7.49975668e+00,   5.88519531e+00,  -2.18948033e+01,  -2.48958003e+00, 
              3.86136218e+00,  -5.99045206e+00,   7.72895998e+00,   6.60167262e+00,  -5.44390119e+00, 
             -1.64635711e+01,  -5.76132335e-01,   3.02081297e+00,   3.58187621e+01,  -7.70297877e+00, 
              2.55369368e+01,  -3.92895832e+01,   4.70194842e+00,   2.72638794e+01,   3.01824377e+01, 
             -2.22804647e+01,   6.97378900e+00,   5.28963548e+00,  -4.52427367e+00,   3.34868075e+00, 
              1.50268259e-02,   1.00705099e+01,  -4.93213570e+00,  -6.64067228e+00,  -5.76781269e+01, 
              1.85970193e+01,  -2.07616096e+01,   2.82154674e+01,  -3.45521333e+01,   4.85847797e+00, 
              1.84066689e+01,  -2.45600786e+01,  -7.02314849e-01,   4.77032416e+00,  -6.41780704e+00, 
             -2.48285748e+00,  -9.57563531e-01,   4.54339572e+00,   1.06894540e+01,  -7.41256115e+00, 
              2.66374464e+01,   5.09680839e+01,   1.43494335e+00,  -5.56731736e+00,   2.00182367e+01, 
              3.70952141e+00,  -4.84361249e+01,   1.75394006e+00,  -2.90988193e+00,  -9.24122821e+00, 
              1.46341994e+01,  -2.38906796e+00,  -4.08577411e+00,   2.07586009e+00,   2.20106490e+01, 
              9.98179475e+00,  -5.61021651e+00,  -1.12151260e+01,   3.17942435e+01,   2.40599199e+01, 
             -4.85955303e+00,   3.12775530e+01,  -4.20149178e+00,   7.63849913e-01,  -7.84693713e-01, 
             -7.22167697e+00,   7.38301270e+00,   2.22458566e+00,  -1.08251332e+00,   2.98744118e+01, 
             -1.43258822e+01,  -1.01479745e+01,  -1.02712851e+01,   9.44734051e+00,   1.32901638e+01, 
              2.45312064e+01,   5.13808895e+01,   7.33802058e+00,  -3.86370764e-01,  -4.83095376e+00, 
              2.10068933e+00,  -1.15557429e+01,  -4.01295169e+00,  -2.77436572e+01,   1.25337899e+01, 
             -1.18196459e+01,  -2.79821995e+01,   1.10857975e+01,  -2.79704459e+01,   3.13474332e+01, 
              2.78325334e+01,  -1.51744079e+01,  -8.69689245e+00,   1.62520408e+01,   5.03177394e-01, 
              6.52213863e-01,  -3.11605092e+00,   8.78620136e+00,   4.13825930e+01,  -4.06107876e+01, 
             -2.65516136e+01,  -2.22432102e+01,  -3.35325029e+01,   4.11967945e+01,  -5.49351179e+00, 
             -1.49595922e+01,  -1.33824578e+01,   5.65451829e+00,   1.27877812e+00,   4.39200155e+00, 
              4.78004056e-01,   5.74897065e+00,  -5.27630287e+00,   4.09587928e+01,  -1.88107500e+01, 
              3.60351396e+01,   8.68695821e+00,   1.19928267e+01,  -1.98056630e+01,  -3.77465901e+01, 
              2.04651755e+01,   6.38047481e+00,  -2.58793303e+00,   1.01069437e+01,  -1.22078693e+00, 
              7.18966976e+00,  -4.55457226e+00,   3.33529481e+00,   9.22303699e+00,  -5.06170419e+00, 
              2.65580127e+01,  -2.60683346e+01,  -4.44761931e+01,   3.64571644e+01,  -3.62032873e+01, 
             -2.67104437e+01,  -3.92335598e+01,   1.17948178e+01,  -9.27657464e-02,   3.13678175e+00, 
              1.48902081e+00,   1.32590884e+00,   7.74093740e+00,   2.35730772e+01,   1.47096573e+01, 
             -1.82753615e+01,   3.33365789e+00,  -3.28401971e-01,   2.90243705e+01,  -3.52942634e+01, 
              2.91590856e+01,  -7.35829205e+00,   8.63422839e-01,  -7.91127449e-01,   1.40886896e+00, 
             -1.19013639e+01,  -1.01388743e+01,  -6.34609027e-01,   2.72796379e+01,   2.88076163e+01, 
              2.75522663e+01,   2.23844887e+01,  -3.61541904e+01,   3.84737966e+01,  -4.85009976e-01, 
              2.05866020e+01,  -4.21801502e+00,  -1.05239310e+01,   4.45371087e+00,   1.17180159e+00, 
             -2.17362517e+00,   7.67956630e+00,   1.09897724e+01,   1.85098247e+01,  -1.51726152e+01, 
             -1.16815142e+01,   7.07243022e+00,   3.04518494e+01,  -4.01334883e+01,   7.86338717e+00, 
             -2.44339328e+01,  -5.99336464e+01,   8.26601385e-02,   1.05388120e+01,  -9.84278705e+00, 
              9.06535483e-01,  -2.29571710e+00,   6.13137728e+00,   1.18724494e+01,  -4.20759720e+00, 
              2.92310828e+01,   7.80988126e+00,  -4.39275953e+01,   2.41566517e+01,   5.83669571e+00, 
              1.28097439e+01,  -2.78452744e+01,   9.49761413e+00,  -6.18333635e+00,  -4.18911214e+00, 
             -3.60716890e-01,   1.21533479e+00,   5.96205010e+00,  -2.00006401e+01,   3.13442023e+01, 
             -1.91154035e+01,  -4.71007005e+01,   3.22432272e+01,   2.69742026e+00,   4.03228866e+01, 
              9.02892428e+00,  -3.25016740e+01,  -2.40441726e+00,  -4.48143204e+00,  -1.45589802e+00, 
             -4.09668726e+00,   1.76974828e+01,   1.21443266e+00,   2.06110579e+01,  -5.85406722e+00, 
              1.31324499e+01,   2.99330054e+01,   1.44097406e+01,   1.95062021e+01,   1.12359318e+01, 
             -1.90504306e+01,  -1.83084903e+00,  -1.15848710e+01,  -5.33150973e+00,   6.22183686e+00, 
              1.99330228e+00,  -1.17040956e+01,  -4.29428486e+00,  -1.99112301e+01,   3.71340225e+01, 
              1.02530095e+01,  -2.48398231e+01,  -3.23588939e+01,  -7.89915763e+00,   1.73836346e+01, 
             -2.69836584e+01,  -9.39719458e+00,   1.85146738e+00,   1.75582068e+01,   2.19980680e+00, 
             -1.58996194e+00,   5.87833497e-01,  -7.26891115e+00,  -2.87418634e+01,  -2.46828126e+01, 
              1.75790049e+00,  -1.92510878e+01,  -2.47119624e+01,   2.34084137e+01,  -1.44464763e+01, 
             -1.96760675e+01,  -4.14436561e+01,  -7.17376243e+00,  -2.34396540e+00,  -4.14853587e-01, 
              9.15039616e-01,   5.45337131e+00,  -1.86507530e+00,   3.99502864e+01,   3.61556730e+01, 
              2.08278610e+01,  -2.37892729e+01,  -2.24295969e+00,   1.15074307e+01,  -1.35690477e+01, 
              7.41791010e+00,   2.22489735e+00,  -1.49578427e+00,   9.16722939e+00,  -8.98664792e+00, 
             -1.17895734e+00,   5.02057894e+00,  -1.00580268e-01,   4.94404334e+01,   1.71913567e+01, 
              4.64959569e+00,   1.51167036e+01,  -3.51329789e+01,   1.35471903e+01,  -5.85879578e+01, 
             -2.36902053e+01,   1.52007086e+01,   4.51171515e+00,   3.35224319e+00,  -1.20606894e+00, 
             -3.78050074e+00,  -4.19468083e+00,   9.37917203e-01,   4.55495516e+01,   1.89801189e+01, 
              1.43653115e+01,  -5.18419145e+01,   6.03796606e+01,  -1.00291947e+01,   3.33942091e+01, 
              1.71378914e+01,  -2.70686250e+01,   3.05636161e+00,   3.31713335e-01,  -3.80628027e+00, 
              1.23312250e+01,   1.06810668e+00,  -2.02466127e-01,   2.64804991e+01,  -2.81279772e+01, 
              2.12870966e+01,   4.63236979e+01,  -4.62761892e+01,   2.31553689e+01,   4.93507167e+01, 
             -2.25949168e+01,  -6.93821036e+01,   2.05932514e+00,  -8.60568583e+00,   4.10457008e+00, 
              1.95989110e+00,   4.71366027e+00,  -2.74415165e+00,  -4.92527737e+00,   7.20983081e+00, 
              4.47015071e+01,   2.51437976e+00,   2.47323425e+01,  -4.71080241e+01,  -4.31895717e+01, 
              2.93943033e+01,  -1.64202253e+01,  -9.53615942e+00,   1.64530903e+01,   3.13494609e+00, 
             -6.30805397e+00,  -6.00817964e-01,   6.15316719e+00,  -1.32726329e+01,  -2.80741014e+00, 
              9.50514691e+00,   7.29463083e+00,   2.15563915e+01,  -4.09044154e+01,  -1.35558890e+01, 
             -1.52212755e+01,   1.01061187e+01,  -7.44979183e+00,  -1.26638594e+00,  -8.53602066e+00, 
              1.59885329e+01,  -1.08422500e+01,   3.59831340e+00,   4.66212593e+00,  -8.46593768e+00, 
              7.94356910e+00,  -3.26057554e+01,   7.23438934e+00,  -1.23112849e+01,  -6.33435406e+00, 
             -1.71612798e+01,  -7.56716693e+00,  -3.05227060e+00,   6.63333388e+00,   1.98290236e+00, 
             -1.11864451e+00,  -8.94067265e+00,  -2.85911917e+00,   5.36160751e+01,   1.78747874e+01, 
              2.72350085e+01,  -4.18302629e+01,  -7.10940593e+00,  -8.02333755e+00,  -2.79389128e+01, 
              2.32235104e+01,   4.89183099e+00,   7.88295924e+00,   8.99729678e+00,   4.17927917e+00, 
             -2.45819778e+00,   1.52856786e+01,  -1.22341171e+00,  -1.70792551e+01,   2.92121091e+00, 
             -1.17035525e+01,  -7.43315680e+00,   6.79854092e+00,   2.30237633e+01,  -1.96079020e+01, 
             -3.48866965e+01,  -1.41509594e+01,   5.27012215e+00,   8.10751700e+00,   1.12008325e+00, 
              9.52953736e+00,   5.91517179e+00,   1.38874943e+00,   2.01519921e+01,  -8.45346058e+00, 
              1.56297823e+01,   9.92893764e+00,  -2.90311076e+01,  -8.21194509e+00,  -2.69519511e+01, 
             -3.06359626e+00,   4.88412302e+00,  -1.15385534e+01,  -8.94312240e+00,  -1.31763744e+01 ]
         </p>
         <m shape='(10)'>
          [   1.83736223e+03,   2.18941669e+04,   2.91651223e+04,   2.91651223e+04,   1.83736223e+03, 
              1.83736223e+03,   2.18941669e+04,   2.91651223e+04,   2.91651223e+04,   1.83736223e+03 ]
         </m>
         <names shape='(10)'>
          [ H, C, O, O, H, 
            H, C, O, O, H ]
         </names>
      </beads>
      <cell shape='(3, 3)'>
       [   5.66917830e+01,   0.00000000e+00,   0.00000000e+00,   0.00000000e+00,   5.66917830e+01, 
           0.00000000e+00,   0.00000000e+00,   0.00000000e+00,   5.66917830e+01 ]
      </cell>
   </system>
</simulation>
