<!--
 Unable to retrieve Git information.

 Simulation information:
           Machine Name: f1a6c3fc78b4
      Working Directory: /workspace
          Date and Time: 2026-06-02 09:29:14
-->
<simulation>
   <prng>
      <seed>1780392454702</seed>
      <state>[{"bit_generator": "MT19937", "state": {"key": [4160490625, 3206831814, 3566914078, 3143289409, 2269599586, 2545389053, 1796300797, 1443825572, 2318518768, 454390274, 2172890412, 228521847, 1778704975, 872995199, 645598175, 1031612674, 1406533082, 2967050516, 3787870630, 210595257, 3010470398, 2510040673, 3489084058, 479475723, 4199790415, 1699442693, 2182999025, 3710538417, 992348819, 741857541, 3584675162, 884029960, 1456898680, 187167374, 2496038745, 1445939944, 3108673134, 6572826, 1214375961, 1639075523, 4129005391, 3868121165, 1742824530, 1233949342, 4155583569, 213605789, 2605117963, 1049397276, 2686576893, 2743602954, 2348406778, 3686376006, 1364108409, 1952622119, 1957878443, 3081169202, 718615690, 568161542, 4121877169, 753081112, 2382090315, 3409681536, 3076373921, 2027917706, 3158389966, 4189327493, 1750193990, 3833247283, 1259855890, 135964087, 853634454, 2294498240, 1178121291, 4008978842, 2393493853, 3242881590, 852974582, 892426756, 686082979, 483575798, 2545089179, 2711603582, 1053482054, 2125020249, 2583685075, 1557701624, 400496473, 3027854754, 146590661, 670909178, 566832728, 1261724909, 4172014193, 3620194549, 1563582734, 2887394326, 1719341742, 2801762353, 1768172551, 462442946, 2186326520, 2155217758, 1295415117, 2733613016, 3530325499, 2850084298, 52566326, 3049664739, 439392986, 510995144, 2464371037, 3839464463, 1268437637, 2272717326, 1062097838, 1730556723, 3792707053, 3370958573, 3134655582, 688140669, 2549848031, 2690927767, 2083431004, 2391987017, 816145630, 234151676, 1534938968, 1338694182, 3678076811, 991997336, 3231800084, 3376483970, 1274333952, 304257143, 2867133075, 3675015535, 3463427703, 3601796493, 4219521459, 2988157728, 3726111679, 2221028594, 4246331372, 393500073, 3402128453, 259134692, 4130378998, 643685423, 2376145609, 3520165089, 489259168, 846981709, 2475507866, 3755866300, 2733340575, 2179074537, 904646905, 3339481302, 4125681361, 1404650135, 2065860047, 4174534572, 1152743690, 2320249452, 4124816617, 4004090191, 3517990370, 2057130350, 2328634032, 1145383385, 2070632146, 81481453, 3077961178, 772591049, 1897981254, 253832652, 1458399633, 3313808946, 4153579407, 1106035388, 2302175993, 49383435, 1385174384, 3928013005, 2625988156, 1866188864, 1362044670, 2652076690, 726816990, 2250292889, 3350677386, 1292147180, 1848228601, 538847298, 4199402492, 2476207601, 2859147290, 2045482337, 443294247, 2109628142, 2140169385, 3854251115, 3748870141, 1225328540, 2480066301, 3129204813, 2383297740, 2472840994, 1587731956, 3598408266, 105138912, 602278127, 1767963433, 4211140798, 2324117340, 2942331464, 903403411, 570288415, 1992840789, 3030998464, 1453065310, 386820078, 4092560470, 2469458977, 1512085232, 2918898092, 546689784, 3926490794, 4227539661, 566667089, 3094833815, 3232748104, 3982567633, 2773881738, 3450066499, 2192425448, 444329562, 1226761797, 3771407745, 3795596368, 2354490786, 233597325, 4264701989, 2546839913, 3718224756, 2725854479, 1879376047, 1743743029, 3487103335, 3672714856, 4236702895, 500611312, 1322071871, 3311094893, 4250192034, 3258783519, 638790946, 2971828863, 2121657438, 2193623328, 712167758, 745318389, 3986850030, 1129762591, 3162369892, 1153015272, 4097465256, 641165540, 3401360576, 1197512020, 2571865431, 1054670782, 1889690005, 2856404168, 3469585249, 90601480, 1828605551, 1270408325, 640176308, 1898678523, 1680464206, 578730365, 716555440, 1836995650, 2024015019, 3428988468, 1230386444, 3257466704, 457850102, 2605062685, 3153849011, 136322260, 2386849730, 3954529243, 2444027806, 1758887239, 2019914394, 257671762, 1874137441, 2803368274, 118379318, 1111320148, 3617556868, 2488781774, 2726789177, 4070285374, 640142625, 903493930, 432553956, 453099825, 225842762, 3087029620, 2492928876, 1154475025, 2240088988, 4081298502, 3203509255, 3340753284, 2785511299, 2928326199, 2230696856, 1040069595, 760536813, 183776755, 3984896325, 1476806145, 4049977750, 1123167341, 2684889312, 1094768632, 3028547085, 286110641, 2144027963, 3197069786, 689709247, 1766103943, 291139667, 3069033954, 1835981592, 1356659464, 4091229887, 3048251233, 1965426466, 1044045210, 129505680, 2769414691, 676435461, 1940160783, 2236739441, 514609824, 522299506, 865425752, 2678366787, 2415616134, 3961920723, 1467317603, 3488751662, 1297804850, 3791087603, 1293563268, 3150453544, 2271184278, 265534292, 2982343372, 2795779246, 440389877, 4045786298, 2867457590, 2348710671, 1277484464, 1553173710, 1695590111, 4220370523, 1203896829, 4079077463, 2479634060, 2971870280, 3704807111, 3156187478, 1539361747, 1478415148, 3562960696, 3279399335, 4135343551, 2430371788, 3532177335, 3356282116, 3710439165, 2975190776, 1400486113, 3277428166, 1322785165, 2382839454, 3365297535, 1696706718, 2074605632, 2233707092, 1123678880, 1054107584, 2269087347, 2612681701, 470566030, 1664181718, 1654555353, 2689475055, 2460578596, 2335165424, 2442697459, 2790917486, 3259158278, 797501280, 690661988, 3541349507, 1274657973, 991389666, 1714822006, 1574573610, 2505401927, 2555916995, 887585707, 944529086, 502405736, 3052365097, 114941941, 1537952464, 5523453, 2323508566, 3143276761, 3743852338, 1757657191, 3611284422, 3338242622, 4002903240, 3807030052, 1367498086, 1567056173, 4020340230, 2225472114, 4155631352, 1096910029, 1139302489, 1956173277, 2053833759, 2298293445, 2936948727, 816768198, 1810936354, 995872105, 4085218669, 3382211189, 3312080080, 2688206448, 883142162, 678484899, 2543298498, 2703813993, 1427991117, 3625075467, 2333446449, 321658403, 442598227, 3875099410, 4143532262, 1692493474, 1658794678, 740552701, 506934216, 1409299546, 2622916851, 2602879519, 2930496310, 3981922965, 3378544507, 3371040099, 1001206703, 2227211028, 3623788417, 3945123733, 376406052, 428296622, 1849589974, 3095216044, 3958934981, 2077383377, 1109631470, 476697441, 630960305, 2215597210, 1126751814, 3844819338, 2366670398, 2687737098, 1516008299, 501225977, 3823608867, 3210507185, 1071327743, 1775787426, 1459712727, 1037687577, 3375258908, 3546673818, 2612513827, 993205414, 3184893499, 2941041855, 3572432883, 3610994889, 999496123, 2297621319, 2581297084, 3902589324, 898768519, 1644467802, 1316990631, 929812877, 213116867, 3170516146, 3524682581, 2587839579, 125968200, 566093089, 210289789, 3089298444, 3717189316, 491745925, 434240221, 1568270330, 3003145470, 3715915979, 1878861815, 329778701, 1995263996, 3895719490, 1656129580, 3682598481, 770518582, 150425430, 1722071589, 1496517973, 3190310395, 3780432107, 1230491908, 51218806, 3864990478, 3838149224, 1309820805, 493304453, 2490358391, 403231531, 2844817984, 2578820477, 2973919623, 2223715363, 4212274287, 3878487744, 1408524969, 3183473143, 2201015077, 3034287838, 4222724920, 3745563813, 3463095072, 3647270897, 2281975471, 3492261761, 1723952643, 167214206, 893799510, 753814807, 3342355325, 4065007274, 3070647483, 1531096117, 1949025857, 710757108, 1219620659, 431124493, 2022536739, 2118980688, 1422631238, 3574091847, 1293476797, 2508560882, 3028739828, 324555726, 389176172, 2753769317, 2941564583, 2139410988, 3282612159, 1745269376, 147735674, 3616121815, 1892193096, 3240742560, 2105225287, 3282475756, 1215305063, 2822840416, 2329476249, 65259912, 4234261219, 722077050, 4227521164, 3114016833, 2744850500, 109209132, 3712665485, 4253977883, 3465384076, 3266351587, 4177546132, 3509205626, 1777352300, 986107861, 723420179, 3781112043, 400003666, 118966517, 1997860355, 4259236145, 1786120322, 1742019787], "pos": 531}}]</state>
   </prng>
   <output prefix='ipi_out'>
      <properties shape='(4)' filename='md' stride='10'> [ step, time{picosecond}, potential{electronvolt}, temperature{kelvin} ] </properties>
      <trajectory filename='pos' stride='100' cell_units='angstrom' bead='0'>positions{angstrom}</trajectory>
   </output>
   <step>400</step>
   <total_steps>400</total_steps>
   <smotion mode='metad'>
      <metad>
         <metaff shape='(1)'> [ plumed-bias ] </metaff>
      </metad>
   </smotion>
   <ffsocket mode='unix' name='physnet-ff'>
      <address>physnet</address>
      <slots>32</slots>
      <timeout>  5.00000000e+00</timeout>
   </ffsocket>
   <ffplumed name='plumed-bias'>
      <file units='angstrom' mode='xyz'>init_fad.xyz</file>
      <plumed_dat>plumed_fad_wtmetad.dat</plumed_dat>
   </ffplumed>
   <system>
      <forces>
         <force name='physnet-ff' forcefield='physnet-ff'>
         </force>
         <force name='plumed-bias' forcefield='plumed-bias'>
         </force>
      </forces>
      <ensemble>
         <temperature>  6.33363040e-04</temperature>
         <eens>  7.09681136e-02</eens>
         <hamiltonian_weights shape='(2)'> [   1.00000000e+00,   1.00000000e+00 ] </hamiltonian_weights>
         <time>  8.26827460e+03</time>
      </ensemble>
      <motion mode='dynamics'>
         <dynamics mode='nvt'>
            <thermostat mode='pile_l'>
               <ethermo> -9.96132492e+00</ethermo>
               <tau>  2.06706865e+04</tau>
            </thermostat>
            <timestep>  2.06706865e+01</timestep>
            <nmts shape='(1)'> [ 1 ] </nmts>
         </dynamics>
      </motion>
      <beads natoms='10' nbeads='32'>
         <q shape='(32, 30)'>
          [   1.73039643e+00,   9.56163377e-01,   1.21359206e+00,  -5.16493875e-01,   3.41344433e+00, 
             -1.68105162e-01,   1.27891076e+00,   4.41377752e+00,  -1.07962291e+00,  -2.78122246e-01, 
              1.13462090e+00,   9.29787924e-01,  -2.57720933e+00,   4.33686983e+00,  -5.40826033e-01, 
              4.43916084e+00,   3.53746237e+00,  -1.07690456e+00,   6.08746870e+00,   1.01090031e+00, 
              3.25866641e-01,   4.37657593e+00,  -2.62350988e-01,   1.13909118e+00,   6.01348984e+00, 
              3.05941839e+00,  -9.23788945e-01,   8.06727928e+00,   4.21106992e-01,   3.08094941e-01, 
              1.67867046e+00,   7.10664716e-01,   9.62712726e-01,  -5.26488003e-01,   3.44208360e+00, 
             -1.84247230e-01,   1.30582811e+00,   4.45814865e+00,  -1.06876250e+00,  -2.67562994e-01, 
              1.16819215e+00,   9.68174227e-01,  -2.49961388e+00,   4.34716218e+00,  -2.24175783e-02, 
              4.07893788e+00,   3.70170469e+00,  -1.18491721e+00,   6.06531645e+00,   9.66868985e-01, 
              3.29076756e-01,   4.31982413e+00,  -2.70514936e-01,   1.11496196e+00,   5.99633883e+00, 
              3.04993783e+00,  -1.03822839e+00,   8.04132499e+00,   5.38469083e-01,   3.04537239e-01, 
              1.56947821e+00,   6.68992613e-01,   9.82081149e-01,  -5.14452740e-01,   3.42320054e+00, 
             -2.36046525e-01,   1.24654567e+00,   4.46717003e+00,  -1.07005773e+00,  -2.40514738e-01, 
              1.16392411e+00,   9.39883572e-01,  -2.48842596e+00,   4.18793331e+00,  -2.36250655e-01, 
              4.03046440e+00,   3.58790915e+00,  -1.18082507e+00,   6.07840284e+00,   9.40775972e-01, 
              2.09772140e-01,   4.42580115e+00,  -2.19193341e-01,   1.13003926e+00,   5.99431646e+00, 
              3.00123926e+00,  -1.07154098e+00,   8.16050012e+00,   3.84569588e-01,   2.96425403e-01, 
              1.57853764e+00,   5.65285936e-01,   9.26240845e-01,  -6.06614902e-01,   3.39542937e+00, 
             -2.21850746e-01,   1.24816586e+00,   4.50703369e+00,  -1.02689475e+00,  -2.93094801e-01, 
              1.15751306e+00,   9.18284806e-01,  -2.32894408e+00,   3.96737771e+00,  -1.88477655e-01, 
              4.03436772e+00,   3.44660362e+00,  -1.31301044e+00,   6.06163164e+00,   9.08934004e-01, 
              2.82209199e-01,   4.42949028e+00,  -2.15456424e-01,   1.10302389e+00,   5.92546946e+00, 
              2.98638109e+00,  -1.07636323e+00,   8.07945408e+00,   2.07113461e-01,   4.36717639e-01, 
              1.49309449e+00,   6.72251300e-01,   8.52086799e-01,  -6.49358049e-01,   3.29559322e+00, 
             -1.29216135e-01,   1.25790698e+00,   4.45150797e+00,  -1.02917940e+00,  -2.75999651e-01, 
              1.11017256e+00,   8.62704367e-01,  -2.34709476e+00,   4.02740694e+00,  -3.43071939e-01, 
              3.95657486e+00,   3.48096180e+00,  -1.28163317e+00,   6.07008736e+00,   8.86246117e-01, 
              2.43972436e-01,   4.45061845e+00,  -1.50302432e-01,   1.10148476e+00,   5.87711391e+00, 
              3.01242526e+00,  -1.13279383e+00,   8.01188735e+00,   4.38660481e-01,   6.07889183e-01, 
              1.45572739e+00,   7.63156466e-01,   6.98208569e-01,  -6.21312972e-01,   3.26922957e+00, 
             -2.48957313e-01,   1.21859054e+00,   4.47915077e+00,  -1.07277185e+00,  -3.11513021e-01, 
              1.10668553e+00,   8.35660718e-01,  -2.42651324e+00,   3.87447928e+00,  -5.00245961e-01, 
              3.94810405e+00,   3.50456948e+00,  -1.16524770e+00,   6.14767780e+00,   8.60764859e-01, 
              2.54707124e-01,   4.43184902e+00,  -1.90513712e-01,   1.10100920e+00,   5.85699262e+00, 
              2.99230321e+00,  -1.17594270e+00,   8.13974014e+00,   2.47698783e-01,   6.36916172e-01, 
              1.52039986e+00,   6.89436120e-01,   6.69846712e-01,  -6.18429980e-01,   3.31048686e+00, 
             -2.88348716e-01,   1.24561849e+00,   4.49022893e+00,  -1.10434768e+00,  -3.48288802e-01, 
              1.13542412e+00,   8.72346144e-01,  -2.47261795e+00,   3.95954090e+00,  -8.18300763e-01, 
              4.10651324e+00,   3.63352070e+00,  -1.21107105e+00,   6.21852564e+00,   8.95260902e-01, 
              2.62904496e-01,   4.40156114e+00,  -2.09237574e-01,   1.09930042e+00,   5.87927929e+00, 
              2.98860666e+00,  -1.19820225e+00,   8.35572519e+00,   1.75194220e-01,   7.94584161e-01, 
              1.57200162e+00,   7.49195814e-01,   8.32160082e-01,  -5.17907026e-01,   3.25843173e+00, 
             -2.39068338e-01,   1.22743394e+00,   4.50952068e+00,  -1.06010696e+00,  -3.41358431e-01, 
              1.12340337e+00,   8.83288432e-01,  -2.33048696e+00,   3.79699505e+00,  -8.11627884e-01, 
              3.97952363e+00,   3.31966762e+00,  -1.19940359e+00,   6.26737978e+00,   8.60703626e-01, 
              2.34078456e-01,   4.35689484e+00,  -2.52491440e-01,   1.20064748e+00,   5.88731869e+00, 
              3.02795443e+00,  -1.21641620e+00,   8.02041624e+00,   3.06139646e-01,   8.70287045e-01, 
              1.66617863e+00,   7.44200809e-01,   7.28699962e-01,  -5.04427512e-01,   3.21468087e+00, 
             -2.76227272e-01,   1.26857759e+00,   4.52897017e+00,  -1.09938554e+00,  -3.63589103e-01, 
              1.10027200e+00,   8.55826635e-01,  -2.24368331e+00,   3.97344365e+00,  -8.22052399e-01, 
              4.05321450e+00,   3.53121190e+00,  -1.33170500e+00,   6.23535019e+00,   8.81663509e-01, 
              2.11141506e-01,   4.38817568e+00,  -2.40251255e-01,   1.14056642e+00,   5.91928472e+00, 
              3.03222505e+00,  -1.16739116e+00,   8.00028087e+00,   5.53463299e-01,   8.34888754e-01, 
              1.47763884e+00,   7.42711983e-01,   6.60325648e-01,  -4.38000309e-01,   3.26552767e+00, 
             -2.55658445e-01,   1.32219761e+00,   4.49850033e+00,  -1.10844457e+00,  -3.23334319e-01, 
              1.10388118e+00,   8.24793666e-01,  -2.25341918e+00,   4.01146730e+00,  -6.87961454e-01, 
              4.02464879e+00,   3.45637750e+00,  -1.19383744e+00,   6.15568260e+00,   9.11619668e-01, 
              2.24859873e-01,   4.38796072e+00,  -2.29208168e-01,   1.18742043e+00,   5.98437167e+00, 
              3.03631050e+00,  -1.23147760e+00,   7.95891135e+00,   5.58329083e-01,   7.68798077e-01, 
              1.42190043e+00,   5.36474603e-01,   5.50712616e-01,  -3.94269343e-01,   3.20805045e+00, 
             -2.66199644e-01,   1.29598104e+00,   4.45920865e+00,  -1.09293904e+00,  -3.60907037e-01, 
              1.09513680e+00,   8.18469157e-01,  -2.16279307e+00,   4.02249108e+00,  -6.14889161e-01, 
              4.14698643e+00,   3.60941650e+00,  -1.38806538e+00,   6.13051463e+00,   9.57203411e-01, 
              2.59115927e-01,   4.34342902e+00,  -2.36803161e-01,   1.21815537e+00,   6.04734361e+00, 
              3.00364502e+00,  -1.20424796e+00,   7.97083877e+00,   6.04557215e-01,   8.16715211e-01, 
              1.13707517e+00,   2.71042417e-01,   7.35202368e-01,  -4.41996585e-01,   3.19906656e+00, 
             -3.22309325e-01,   1.28686004e+00,   4.45293984e+00,  -1.13911457e+00,  -4.27258331e-01, 
              1.01067773e+00,   8.96438138e-01,  -2.24894120e+00,   4.17780228e+00,  -5.10240178e-01, 
              4.18324806e+00,   3.86572534e+00,  -1.31019513e+00,   6.15020411e+00,   9.82303036e-01, 
              3.70127364e-01,   4.33121426e+00,  -1.41055281e-01,   1.32102929e+00,   5.99883661e+00, 
              2.96493128e+00,  -1.23665802e+00,   8.21361114e+00,   6.79702629e-01,   6.82583737e-01, 
              1.29708484e+00,   4.19335423e-01,   9.37744056e-01,  -4.12887771e-01,   3.22116086e+00, 
             -2.68561200e-01,   1.26791127e+00,   4.43232330e+00,  -1.11965382e+00,  -3.92836171e-01, 
              9.30032414e-01,   9.17617251e-01,  -2.62902727e+00,   3.87488621e+00,  -3.95500606e-01, 
              4.13239222e+00,   4.04860890e+00,  -1.38762650e+00,   6.15937521e+00,   1.02113903e+00, 
              3.35365581e-01,   4.37007620e+00,  -9.60721071e-02,   1.28213824e+00,   5.99686469e+00, 
              2.93890400e+00,  -1.20831172e+00,   7.89105879e+00,   7.81483667e-01,   6.50201301e-01, 
              1.45653316e+00,   6.74199656e-01,   8.51676755e-01,  -4.79935017e-01,   3.24439731e+00, 
             -2.58330675e-01,   1.26852213e+00,   4.40110497e+00,  -1.12113100e+00,  -2.97517452e-01, 
              9.81064791e-01,   9.28140111e-01,  -2.42934616e+00,   4.00555302e+00,  -5.89451346e-01, 
              4.16333629e+00,   3.63758707e+00,  -1.18698500e+00,   6.17237189e+00,   1.03352773e+00, 
              3.23110269e-01,   4.38849750e+00,  -5.32861197e-02,   1.30271598e+00,   6.00283254e+00, 
              3.00986847e+00,  -1.17457502e+00,   7.90823001e+00,   8.13706095e-01,   7.63778031e-01, 
              1.56721611e+00,   4.06046513e-01,   9.61213245e-01,  -4.74029288e-01,   3.25645623e+00, 
             -2.04022781e-01,   1.27599406e+00,   4.42630777e+00,  -1.20018067e+00,  -2.92576635e-01, 
              9.82046326e-01,   9.39543513e-01,  -2.36742830e+00,   3.98089237e+00,  -3.86521053e-01, 
              4.31742217e+00,   3.60966005e+00,  -1.36825867e+00,   6.14316206e+00,   1.06803037e+00, 
              3.35781764e-01,   4.37508982e+00,  -9.07779150e-06,   1.28282630e+00,   6.04325465e+00, 
              3.05155613e+00,  -1.08908097e+00,   7.81601130e+00,   4.61811061e-01,   8.99797111e-01, 
              1.53304372e+00,   3.68962124e-01,   7.71369246e-01,  -4.38848346e-01,   3.27000329e+00, 
             -1.75639955e-01,   1.30376280e+00,   4.48930232e+00,  -1.30185149e+00,  -2.90130246e-01, 
              1.02791894e+00,   9.48751492e-01,  -2.36141694e+00,   4.02668347e+00,  -5.23180488e-01, 
              4.09164385e+00,   3.40699010e+00,  -1.33715660e+00,   6.15487896e+00,   1.14177609e+00, 
              2.87346068e-01,   4.42426436e+00,   3.81604201e-02,   1.25795056e+00,   6.04172168e+00, 
              3.04030445e+00,  -1.11894696e+00,   7.98896264e+00,   6.04535032e-01,   6.94813305e-01, 
              1.65804371e+00,   5.42253610e-01,   5.74175001e-01,  -4.16158630e-01,   3.32522784e+00, 
             -2.01966599e-01,   1.30925162e+00,   4.45262729e+00,  -1.32100762e+00,  -2.52709848e-01, 
              1.07890390e+00,   1.04693407e+00,  -2.50502187e+00,   3.88941871e+00,  -3.58170272e-01, 
              4.24991749e+00,   3.53042676e+00,  -1.38486822e+00,   6.22226106e+00,   1.09539786e+00, 
              2.92733451e-01,   4.42463491e+00,  -3.67671234e-02,   1.37034190e+00,   6.03077916e+00, 
              3.06239922e+00,  -1.06542013e+00,   7.95064223e+00,   6.23405834e-01,   7.32397069e-01, 
              1.39639445e+00,   4.06615120e-01,   5.24540573e-01,  -4.50126129e-01,   3.40558813e+00, 
             -2.28155085e-01,   1.33861695e+00,   4.48926685e+00,  -1.30403570e+00,  -2.62003319e-01, 
              1.12190992e+00,   1.02138080e+00,  -2.47660734e+00,   3.97649535e+00,  -1.43820739e-01, 
              4.25282404e+00,   3.54025678e+00,  -1.41572285e+00,   6.21330502e+00,   1.10852032e+00, 
              3.88422152e-01,   4.38178141e+00,  -8.07295863e-02,   1.34859093e+00,   6.04559947e+00, 
              3.01283925e+00,  -1.05278088e+00,   7.96299228e+00,   6.28701951e-01,   6.23508963e-01, 
              1.15591078e+00,   4.74335943e-01,   7.14958034e-01,  -4.36193374e-01,   3.35673059e+00, 
             -2.06389553e-01,   1.26794825e+00,   4.52184051e+00,  -1.26164079e+00,  -3.59155446e-01, 
              1.10917944e+00,   1.00410679e+00,  -2.31221542e+00,   3.95096421e+00,   2.02835128e-01, 
              4.24093253e+00,   3.60000303e+00,  -1.65059098e+00,   6.21265301e+00,   1.10320792e+00, 
              4.01175441e-01,   4.32949889e+00,  -6.05234536e-02,   1.27880122e+00,   6.11354185e+00, 
              3.00428350e+00,  -1.06287287e+00,   8.08943814e+00,   6.82955849e-01,   5.00487811e-01, 
              1.30594637e+00,   3.02723894e-01,   6.10207746e-01,  -4.09382564e-01,   3.36662814e+00, 
             -2.35732352e-01,   1.23641708e+00,   4.52539137e+00,  -1.26914752e+00,  -3.81650341e-01, 
              1.12131702e+00,   9.61346328e-01,  -2.38060820e+00,   4.18262940e+00,  -5.48308428e-02, 
              4.22947231e+00,   3.44949110e+00,  -1.39080585e+00,   6.17152701e+00,   1.08367958e+00, 
              4.08799078e-01,   4.30509844e+00,  -8.41147708e-02,   1.27449045e+00,   6.12353819e+00, 
              2.99020039e+00,  -1.03892565e+00,   7.99439796e+00,   7.67822531e-01,   4.22901308e-01, 
              1.44118988e+00,   9.07857851e-02,   4.57962165e-01,  -4.87800538e-01,   3.35554689e+00, 
             -2.55271112e-01,   1.20322893e+00,   4.53500952e+00,  -1.20809291e+00,  -4.01951084e-01, 
              1.08411077e+00,   9.34110126e-01,  -2.37343177e+00,   4.15326883e+00,  -3.51263262e-01, 
              4.32335358e+00,   3.30621345e+00,  -1.23903671e+00,   6.17655436e+00,   1.03506445e+00, 
              4.03514868e-01,   4.34950944e+00,  -7.45696371e-02,   1.21276307e+00,   6.09254799e+00, 
              3.03373056e+00,  -1.02788339e+00,   8.25108946e+00,   5.17414202e-01,   4.31995496e-01, 
              1.39951514e+00,   8.84993786e-02,   7.19134180e-01,  -4.21924509e-01,   3.33810474e+00, 
             -2.05221989e-01,   1.19752419e+00,   4.59931631e+00,  -1.18341999e+00,  -4.17585460e-01, 
              1.04766528e+00,   9.68403334e-01,  -2.47420352e+00,   3.91987025e+00,  -3.84459359e-02, 
              4.32373352e+00,   3.30970428e+00,  -1.38948398e+00,   6.21700494e+00,   1.09226775e+00, 
              3.74669160e-01,   4.35043463e+00,  -8.41959124e-02,   1.27764646e+00,   6.01198821e+00, 
              2.98598607e+00,  -1.07667054e+00,   8.05590474e+00,   4.60018672e-01,   5.30146822e-01, 
              1.42586225e+00,   2.63908646e-01,   8.40557640e-01,  -4.32954470e-01,   3.36763494e+00, 
             -1.67543120e-01,   1.21332297e+00,   4.48499148e+00,  -1.17981932e+00,  -3.46362064e-01, 
              1.09159552e+00,   1.02685788e+00,  -2.61727751e+00,   3.79278320e+00,  -3.56867096e-01, 
              4.17625946e+00,   3.17369930e+00,  -1.51376304e+00,   6.22957512e+00,   1.01312376e+00, 
              3.41595322e-01,   4.47507232e+00,  -1.31824111e-01,   1.25275330e+00,   5.99577883e+00, 
              2.97239545e+00,  -1.07382802e+00,   8.20088782e+00,   3.30044033e-01,   3.98178281e-01, 
              1.53809964e+00,   5.16036313e-01,   1.00819025e+00,  -4.64231586e-01,   3.31032729e+00, 
             -1.35947020e-01,   1.17911728e+00,   4.49300932e+00,  -1.14086531e+00,  -3.92147167e-01, 
              1.03884699e+00,   9.60762275e-01,  -2.72053577e+00,   3.90923327e+00,  -2.25268397e-01, 
              4.30541338e+00,   3.08829798e+00,  -1.50282345e+00,   6.27326415e+00,   1.04123559e+00, 
              3.24497707e-01,   4.54161901e+00,  -1.89541480e-01,   1.17649058e+00,   5.98115499e+00, 
              2.99149954e+00,  -1.07474667e+00,   8.48595012e+00,   2.46304760e-01,   4.84899884e-01, 
              1.60143735e+00,   3.71564318e-01,   1.08016587e+00,  -4.63305537e-01,   3.31454302e+00, 
             -1.34593179e-01,   1.15858642e+00,   4.49299551e+00,  -1.11278850e+00,  -3.72547304e-01, 
              1.06078457e+00,   9.57173796e-01,  -2.81292885e+00,   4.06805358e+00,  -2.27524804e-01, 
              4.34437760e+00,   3.31218596e+00,  -1.38457940e+00,   6.21451439e+00,   1.02259587e+00, 
              2.86443276e-01,   4.48141339e+00,  -1.77608439e-01,   1.22283362e+00,   6.06391286e+00, 
              2.95513579e+00,  -1.07648431e+00,   8.43381604e+00,   5.88257783e-01,   5.20343209e-01, 
              1.48722203e+00,   3.92923134e-01,   1.20760491e+00,  -4.38859248e-01,   3.36006338e+00, 
             -1.28093398e-01,   1.18621681e+00,   4.54264908e+00,  -1.11134813e+00,  -3.30666810e-01, 
              1.09726057e+00,   9.37329488e-01,  -2.63993882e+00,   4.17112356e+00,  -2.53141255e-01, 
              4.33032372e+00,   3.35998355e+00,  -1.46714432e+00,   6.22351343e+00,   1.06381666e+00, 
              3.33891277e-01,   4.49664616e+00,  -1.55648519e-01,   1.17980987e+00,   6.07631902e+00, 
              2.99241109e+00,  -9.95715879e-01,   8.36938871e+00,   4.82395448e-01,   6.08477872e-01, 
              1.57801205e+00,   5.83252926e-01,   1.40440882e+00,  -4.38020067e-01,   3.38721288e+00, 
             -5.94981377e-02,   1.27330705e+00,   4.53237320e+00,  -1.04897590e+00,  -2.99022080e-01, 
              1.13873807e+00,   8.85681563e-01,  -2.41417920e+00,   4.22905258e+00,  -1.84975152e-01, 
              4.38546283e+00,   3.45005432e+00,  -1.35534391e+00,   6.22242315e+00,   1.01172961e+00, 
              3.96791243e-01,   4.47709810e+00,  -1.78780937e-01,   1.17943415e+00,   6.07862541e+00, 
              2.98342020e+00,  -9.90245944e-01,   8.37295533e+00,   7.80755489e-01,   5.19208339e-01, 
              1.71289569e+00,   7.15567050e-01,   1.47781582e+00,  -4.63620435e-01,   3.34333739e+00, 
             -2.94521410e-02,   1.28331442e+00,   4.51124814e+00,  -1.03211754e+00,  -2.54007907e-01, 
              1.19553214e+00,   8.57729061e-01,  -2.38379530e+00,   4.11077187e+00,  -9.86701292e-02, 
              4.39630735e+00,   3.56375244e+00,  -1.50070598e+00,   6.24179228e+00,   1.04883107e+00, 
              3.70114505e-01,   4.47504634e+00,  -1.65909973e-01,   1.19895022e+00,   6.07605011e+00, 
              2.98236446e+00,  -1.01071077e+00,   8.17881453e+00,   6.19835993e-01,   5.57681209e-01, 
              1.58321444e+00,   7.74895185e-01,   1.39954439e+00,  -5.11041852e-01,   3.36679634e+00, 
             -5.65859822e-02,   1.23504700e+00,   4.57658445e+00,  -1.02327429e+00,  -3.23430901e-01, 
              1.17397077e+00,   9.00845498e-01,  -2.14090221e+00,   4.43592004e+00,  -1.92089083e-01, 
              4.39130788e+00,   3.58419572e+00,  -1.35895894e+00,   6.21735956e+00,   1.05245861e+00, 
              3.63166644e-01,   4.52892858e+00,  -1.87412482e-01,   1.11599271e+00,   6.03302670e+00, 
              3.01117950e+00,  -9.79866624e-01,   8.25123163e+00,   6.30629325e-01,   7.12759313e-01, 
              1.61165209e+00,   9.20694109e-01,   1.06860720e+00,  -5.20508916e-01,   3.36779990e+00, 
             -9.19907341e-02,   1.29277653e+00,   4.58258335e+00,  -1.05136266e+00,  -3.15163853e-01, 
              1.19531072e+00,   9.47732157e-01,  -2.15910483e+00,   4.45466469e+00,  -3.05203209e-01, 
              4.36148347e+00,   3.32282356e+00,  -1.23824225e+00,   6.28090027e+00,   1.07361440e+00, 
              3.69704612e-01,   4.41957685e+00,  -1.86852128e-01,   1.13626578e+00,   5.98412724e+00, 
              3.01475425e+00,  -9.97193881e-01,   8.28967964e+00,   5.76276885e-01,   8.00516446e-01, 
              1.51711020e+00,   5.85493007e-01,   1.11259530e+00,  -4.91360983e-01,   3.40528614e+00, 
             -1.15497553e-01,   1.25631515e+00,   4.55298478e+00,  -1.02657110e+00,  -2.79477541e-01, 
              1.22437599e+00,   9.41914369e-01,  -2.25153592e+00,   4.22034316e+00,  -5.90665113e-01, 
              4.12971688e+00,   3.45619501e+00,  -1.39024451e+00,   6.25665370e+00,   1.04154041e+00, 
              3.65607794e-01,   4.36199231e+00,  -1.73663975e-01,   1.13686675e+00,   5.96199004e+00, 
              3.04845496e+00,  -9.51928216e-01,   8.08790656e+00,   7.85007779e-01,   6.42672129e-01, 
              1.53179282e+00,   7.13783590e-01,   1.15623178e+00,  -5.78190895e-01,   3.39403632e+00, 
             -1.39870786e-01,   1.26382448e+00,   4.51108650e+00,  -1.07826193e+00,  -2.90673236e-01, 
              1.16768717e+00,   8.65162604e-01,  -2.44843246e+00,   4.06080493e+00,  -5.04576159e-01, 
              4.27323939e+00,   3.52662841e+00,  -1.15131302e+00,   6.11414704e+00,   1.04823936e+00, 
              3.11169396e-01,   4.37502972e+00,  -2.50951732e-01,   1.12867628e+00,   5.97711513e+00, 
              3.03260197e+00,  -9.37584289e-01,   8.17837565e+00,   5.55198489e-01,   6.36622589e-01 ]
         </q>
         <p shape='(32, 30)'>
          [   9.80472149e-01,  -1.14602288e+01,   2.89850434e+00,  -2.40095804e+01,  -3.67514097e+01, 
             -1.31430281e+01,   3.32715687e+01,   4.93504897e+01,  -8.17945826e-01,   5.01288918e+00, 
             -2.60867313e+01,  -4.78476759e-01,  -5.60675225e+00,   2.33020152e+00,  -2.02182842e+00, 
              1.24591800e+00,   7.30955765e+00,   1.30971660e+01,  -1.05328301e+01,  -4.62243617e+00, 
             -2.28657960e+00,   2.56270678e+00,   1.94547127e+01,   1.08752468e+01,   4.87951735e+01, 
             -3.48003647e+01,   3.65429232e+00,   1.53219106e+01,  -1.29033023e+01,  -8.69228597e+00, 
             -3.21575125e+00,  -5.94360387e+00,   3.94409694e+00,  -3.19496387e+00,   6.08558333e+00, 
              1.19870966e+01,   6.66633475e+01,  -1.75698677e+01,  -1.31410040e+01,   1.24468775e+01, 
              2.30775787e+01,   4.84064915e+00,  -9.03732366e+00,  -1.57193284e+00,   2.42288070e-01, 
              3.59552159e+00,  -6.97618279e+00,  -9.79159928e+00,   5.43660700e+00,   5.28531645e+00, 
             -3.02632554e+01,   4.91431400e+01,   8.59826601e+00,   3.43606759e+01,   4.96134071e+01, 
              2.06568412e+01,  -8.38034082e+00,  -3.52327725e+00,  -3.33480742e+00,  -9.04837539e+00, 
             -5.34350763e-01,   4.99954883e+00,   6.12775259e+00,  -7.86287927e+00,   1.26749543e+01, 
             -3.37395306e+01,   1.31796245e+01,   4.19366434e+01,  -2.44686654e+01,  -5.66089654e+00, 
              6.67535912e+00,   2.21729957e+00,  -2.71965646e+00,   1.10732923e+01,   3.68706196e+00, 
              1.03109972e+01,   1.40329202e+01,  -4.95931295e+00,  -4.09355710e+01,  -1.35600216e+01, 
             -2.19603621e+01,   5.94868446e+00,   1.44000384e+01,  -3.00160955e+01,   1.56361673e+01, 
             -3.34338263e+00,  -7.07666033e+00,  -2.97742322e+00,  -2.52535146e+00,  -4.62143954e+00, 
              3.76191355e+00,  -5.39914338e+00,   3.98795744e+00,   2.15515857e+01,  -9.73567546e+00, 
              1.98008784e+01,  -5.81885968e+00,   3.93495754e+01,  -2.14729051e+01,  -2.79880021e+01, 
              3.91894719e+01,   2.48989440e+01,  -1.22616405e+00,  -7.35145406e+00,  -1.50420629e+01, 
              7.65700422e+00,  -1.86966645e+00,  -9.23154715e+00,  -1.44756878e+00,  -4.09723097e+01, 
              1.93221689e+00,  -1.91030135e+01,  -5.72873009e+00,  -1.14239922e+01,  -9.91439600e+00, 
             -2.12599525e+01,  -6.41181377e+00,  -1.23632052e+00,  -6.63758359e+00,   8.06739031e+00, 
              6.94010082e+00,   7.53011164e-01,   1.34222775e+00,  -1.78844150e+00,   3.95515654e+00, 
              1.70172321e+00,  -1.64744123e+01,   3.23182171e+01,  -7.79087994e+00,   2.01542734e+01, 
             -1.61490890e+01,  -2.95732427e+01,   3.55728007e+00,   6.42769079e+00,  -6.71741299e+00, 
             -9.30256570e-01,  -2.39831966e+00,  -5.44278565e+00,   1.17337286e+01,   1.93146765e+01, 
              1.50084326e+00,  -3.10059983e+01,  -6.26014258e+00,   9.69105384e+00,  -9.45160174e+00, 
              2.34624421e+01,  -3.05279864e+00,  -3.46269860e+00,   4.38681498e+00,   3.58680375e+00, 
              2.14681727e-01,   4.30897681e+00,  -3.65330195e+00,   6.13914170e-01,   1.20384201e+01, 
              5.68923776e+00,  -2.62859570e+00,  -6.22240903e+00,  -2.45404890e+01,   7.63738062e+00, 
             -3.22855348e+00,  -2.21045940e+01,  -1.25139718e+00,   3.13355082e+00,   3.32476770e+00, 
              3.48309886e+00,  -1.43966667e-01,  -7.17925207e+00,  -4.66016385e+00,  -3.96482077e+01, 
             -1.39322263e+01,  -1.03348727e+01,  -1.45916350e+01,   2.84787064e+01,  -3.60627211e+01, 
             -2.47099406e+01,   2.89517282e+01,   8.77644770e-01,   2.85585024e+00,  -2.25073578e+00, 
              1.21143367e+00,  -1.01973766e+01,  -1.79344435e+00,  -4.09119074e+00,  -4.96886607e+00, 
             -3.40028068e+01,  -4.76739065e+00,   3.86673951e+01,  -1.46979216e+01,  -1.67123342e+01, 
             -2.49859873e+01,   1.28754986e+01,   1.88529934e+00,   8.81369376e+00,  -3.46696410e+00, 
             -7.54284782e+00,   2.56634460e+00,   3.75158944e+00,  -3.34203325e+01,   9.17922323e+00, 
             -2.32677433e+01,   1.26650786e+01,   2.25089987e+01,  -3.00230294e+01,  -2.27147140e+01, 
              1.12943233e+01,   5.44740995e+00,  -9.72254217e+00,   4.56319229e-01,   6.09668655e+00, 
             -2.89578291e+00,   3.79020851e+00,  -9.04052807e+00,   1.04728482e+01,   2.22492289e+01, 
             -1.83697912e+01,   1.81196985e+01,   1.50322596e+01,  -7.93964422e+00,   2.11206525e+01, 
              2.86520856e+00,   1.56302404e+01,  -1.86309389e+00,  -5.64285818e+00,   2.58547542e+00, 
             -1.35117651e+01,   5.11759177e+00,  -1.24777894e+00,  -2.17073448e+00,   9.20447652e+00, 
             -3.83354050e+01,  -2.63231461e+00,  -3.90669830e+00,   1.42923688e+01,   2.02512391e+01, 
             -1.04325095e+01,   2.01871185e+01,   4.46179161e+00,  -3.91389228e+00,  -3.13031533e+00, 
              5.00552751e+00,   1.27974302e+00,  -7.70414450e+00,  -5.42954370e+01,   1.34241829e+01, 
             -1.69746761e+01,   4.15128908e+01,   2.07435430e+01,  -4.58848345e+01,  -2.69136651e+01, 
             -4.86691843e+01,  -4.24031955e+00,   9.21002336e-01,  -6.34822127e+00,  -4.32308317e+00, 
             -5.34150695e+00,   1.60347264e+01,   1.98850098e+00,  -3.40867017e+01,  -4.32444769e+01, 
             -8.75800754e+00,   4.83888515e+01,   1.90061966e+01,  -1.17489446e+01,  -2.37278844e+01, 
              2.53739561e+01,   1.04980358e+01,  -1.18012581e+01,  -2.53424496e+00,   5.04009446e+00, 
              1.04606412e+01,   3.28978210e+00,   3.57851699e+00,  -4.33587063e+00,  -1.18861772e+01, 
             -7.21757992e+00,   1.14835234e+01,   2.69738872e+01,  -6.04908182e+00,  -2.42579131e+01, 
              2.24459224e+01,  -2.31959325e+01,   1.01084798e+01,  -7.02318290e+00,   1.70917415e-01, 
              5.85717397e+00,   9.24283199e+00,   1.18181348e+01,   7.30223615e+00,  -1.92131605e+01, 
             -2.05244769e+01,   1.22049106e+01,   7.00082237e+00,  -8.40025100e+00,  -2.21992092e+01, 
             -9.74598562e+00,   1.86850952e+01,   6.17625696e+00,  -3.16350454e+00,  -7.83665050e+00, 
              4.92358234e+00,  -1.17169546e+01,  -1.13136783e+00,  -6.99350306e+00,  -1.47907905e+00, 
              3.46718931e+01,   1.05363095e+01,   1.00119197e+01,  -2.32332731e+01,   3.07974271e+01, 
              1.68014314e+01,  -3.17578906e+01,   5.75271621e+00,  -2.52974165e+00,  -2.82290389e+00, 
             -2.53132625e+00,   1.14315739e+00,   1.56081015e+01,  -1.90350040e+01,  -6.02345566e+00, 
              3.17292759e+01,  -1.67094110e+01,  -3.02609009e+01,  -4.86333005e+00,  -3.18158042e+01, 
             -2.18285696e+01,  -5.24425028e+01,   3.05188938e-01,  -8.84272979e-01,  -4.56303803e+00, 
             -3.06729346e+00,   6.65478142e+00,  -6.32317644e+00,  -1.77523222e+01,  -5.15805617e+01, 
              4.19418161e+00,   4.35960450e+01,  -1.97993814e+01,   1.51906065e+01,   2.45008021e+01, 
              3.28285707e+01,  -1.54463020e+01,  -4.09062132e+00,  -1.51620993e+00,  -9.94007155e+00, 
              2.00221216e+00,   1.01017815e+01,   1.04674389e+01,   1.58368817e+01,   3.18725545e+01, 
              2.42661584e+00,   1.45438012e+01,   3.20957246e+01,   2.10060900e+01,   4.54086591e+00, 
             -1.03813213e+01,   1.56005398e+01,  -4.61518623e+00,  -4.96973535e+00,   8.35195612e+00, 
              6.75782097e-01,   7.07395842e+00,   3.29514776e-01,  -4.58217939e+01,  -6.07274355e+00, 
              1.11985508e+00,   3.86410880e+01,  -3.22687852e+01,  -1.67529252e+01,  -5.00612687e+01, 
              2.60299328e+01,   1.46321806e+01,   3.29312930e+00,   8.51178121e+00,  -4.17148310e+00, 
             -2.34263974e-01,  -3.94665619e+00,   4.21133019e+00,  -3.25133192e+01,  -7.14342920e+00, 
              5.91167983e+00,   3.66186995e+01,  -2.82705532e+00,   2.78772960e+01,  -2.26980052e+01, 
             -3.86349048e+01,   1.94886962e+01,  -1.20265238e-01,  -3.73494228e+00,   2.51374621e+00, 
              5.02178493e+00,   8.78149362e-01,  -1.61229767e+00,   1.69571059e+01,  -1.05809503e+01, 
              1.95723958e+00,   1.54396536e+01,  -2.25192428e+00,   1.55435347e+00,   8.19839518e+00, 
              2.97825500e+01,   3.34143709e+01,   7.61555820e+00,  -8.64348185e+00,  -3.82977054e+00, 
              2.11795513e+00,  -3.44334475e+00,   5.42127377e+00,  -4.46897185e+01,   3.33381330e+01, 
              3.05459014e+01,   4.64389261e+00,   4.10858932e+01,  -3.35673659e+01,  -2.97334911e+01, 
             -3.11879964e+01,   3.44198154e+01,   3.87337387e+00,  -3.87824186e+00,  -2.33729780e+00, 
              4.12462136e+00,  -2.70642605e+00,  -1.00016481e+01,   3.38866059e+01,  -6.37470470e+00, 
             -8.20344987e+00,   3.86694416e+01,   3.95749016e+01,  -2.49259069e+01,  -3.28313333e+01, 
              2.02897656e+01,  -3.75703212e+01,   7.43020059e+00,  -9.44900526e+00,   3.31269004e+00, 
              1.80266960e+00,   4.21078338e+00,   1.50338119e-01,   1.59885340e+01,   2.89292672e+00, 
             -4.61769621e+01,  -1.14167678e+01,   4.50166833e+01,  -4.83668391e+00,  -1.06782968e+01, 
             -4.07472394e+01,   2.96060517e+01,  -4.09435154e+00,   2.53508701e+00,   7.42651967e+00, 
             -1.02066558e-01,   1.37154957e+00,   1.36636686e+01,   2.25598009e+01,  -2.88441166e+01, 
             -5.97000799e+01,  -2.80010104e+01,  -1.76273186e+00,  -3.10613841e+01,   3.01396393e+01, 
             -1.32291229e+01,  -1.91229576e+00,  -1.90833171e+00,  -1.05896898e+01,  -2.11733070e+01, 
             -3.59361577e+00,  -1.75169402e+00,   1.36093203e+01,   6.02707844e+00,   7.54075953e+01, 
              8.25448482e+00,   3.44852159e+01,  -7.71805329e+00,   4.41630611e-01,  -2.38687424e+01, 
             -4.32001862e+01,  -5.51532731e+01,  -6.94269252e+00,  -5.70951712e+00,   7.49305279e+00, 
             -4.58161231e-01,   5.32342963e+00,  -7.98233961e+00,   1.48374971e+01,  -2.59564357e+01, 
             -8.55656835e+00,  -2.60484218e+01,  -3.04258469e+01,  -1.16716776e+01,  -4.09798925e+00, 
             -1.55198514e+01,   1.88291147e+01,  -2.39229242e+00,  -3.51171399e-01,   7.42105955e+00, 
             -8.87032109e+00,  -9.49598156e-01,  -4.61219068e-01,   4.09079739e+00,  -1.90621723e+01, 
              3.24465258e+01,   2.39971815e+01,   7.79659942e+00,   1.52288035e-01,   1.48116148e+01, 
              1.15238584e+01,  -1.10808281e+00,   1.18477885e+00,  -5.40505387e+00,   1.53028635e+00, 
              6.33642683e+00,   2.88765101e+00,  -5.08294952e+00,   7.41619925e+00,   7.81019917e+00, 
             -5.78806117e+00,   1.05091050e+01,  -1.38525518e+01,   2.51676441e+01,   3.18236343e+01, 
              3.05285306e+01,   1.45774899e+01,   3.51572785e+00,  -6.76527328e+00,  -7.82994962e+00, 
             -8.67110893e+00,   3.57642936e+00,   3.34271862e+00,   3.99045589e+01,   2.56262794e+00, 
             -1.50904317e+01,  -7.43871674e+00,   9.96678815e-01,   5.50558529e+00,  -2.22190340e+01, 
              4.23715227e+01,  -6.04690797e+00,  -8.79693422e+00,  -2.91243814e+00,   4.68179358e+00, 
             -4.99021291e-01,   7.66144210e-01,  -8.78676726e+00,   2.67505146e+01,  -2.20909338e+01, 
             -2.25654619e+01,  -1.74102100e+01,   3.65501510e+01,   6.79809005e+00,  -1.84680620e+01, 
              1.32527464e+01,  -4.92388441e-01,  -1.07038284e+01,   1.27119854e+01,   9.99493133e-01, 
              3.59752193e-01,  -5.92894560e+00,  -4.30660154e+00,   1.17092081e+00,   1.17014199e+01, 
              1.45632277e+01,  -3.88621520e+01,  -1.88035588e+01,  -1.06981521e+00,   1.12425272e+01, 
             -2.36803298e+01,  -3.66860796e+00,   1.82073559e+00,  -2.98209126e+00,   1.27693478e+00, 
             -9.09836353e+00,   1.35714902e+00,   5.85889056e+00,  -8.63114787e+00,  -6.59806346e+00, 
             -5.34240441e+00,   2.36648645e+01,   1.03153389e+01,   1.27064454e+00,   4.02611731e-03, 
             -3.81244273e+01,   5.12068283e+01,   1.13608563e+01,  -2.31045673e+00,   1.27192614e+01, 
              8.04089608e+00,  -8.70239673e+00,   5.33956862e+00,   1.40298306e+01,  -2.54319954e+00, 
             -1.56658230e+01,  -2.04679049e+01,  -9.01029523e+00,   1.71177990e+01,   8.53024733e+00, 
             -3.51053012e+01,  -2.00657299e+01,  -1.11094417e+01,  -1.54348548e+00,   2.43537782e+00, 
              3.63901825e+00,   8.06700223e-01,  -9.02656197e+00,   2.02436901e+01,  -3.56238715e+00, 
              2.48697300e+01,  -5.54932151e+00,   2.01536656e+01,  -2.66238050e+01,   2.42230551e+01, 
              3.13529539e+01,   4.36829906e+01,  -5.42798635e+00,   7.89770073e+00,  -1.99014386e+00, 
             -2.10220473e+00,   3.56214833e+00,  -3.52947935e+00,   9.38942907e+00,  -2.86299846e+01, 
              1.50320079e+01,   1.62211629e+01,   1.64689138e+01,   1.40901236e+01,   1.77560363e+01, 
             -1.72934720e+00,  -4.38148301e+01,  -9.86620557e-01,  -8.57896646e+00,  -5.45882531e+00, 
             -6.13914723e-01,   7.22932617e+00,  -7.05094787e+00,  -2.88432594e+01,  -1.10811135e+01, 
              4.99740324e+00,   1.26719843e+01,   1.04162638e+01,   5.29408888e+00,   6.11908217e+00, 
              3.54922634e+01,   2.42688367e+01,   1.57415614e+00,  -5.77945630e+00,  -1.46856607e+01, 
              3.81910134e+00,  -1.27627878e+01,   1.52680117e+00,  -8.51762519e+00,  -1.72990534e+00, 
             -1.23770390e+01,  -4.15304736e+01,   2.24398459e+01,   1.06775117e+00,  -2.95211121e+01, 
             -1.55178123e+01,  -8.25836029e+00,   1.30646351e-01,  -1.56342563e+01,   3.45969034e+00, 
             -6.76995085e+00,  -4.34859168e+00,   3.77092533e+00,   1.20156987e+01,  -9.92166739e-01, 
             -3.11834814e+00,  -8.88107253e+00,  -2.20621486e+01,   9.82535071e+00,   1.85864327e+01, 
              7.96533271e+00,   7.07572951e+00,   2.90715269e+00,  -2.41063138e+00,   7.30481384e+00, 
              8.64764891e+00,   1.92813764e+00,  -6.06255732e+00,  -1.23625304e+01,  -2.18165933e+01, 
              3.95719598e+00,  -2.25258762e+01,   6.03111104e+00,   6.45186922e+00,  -1.90438792e+01, 
              3.94686181e+01,  -3.30108570e+00,  -5.70621255e+00,  -1.08763802e+00,   3.69234946e+00, 
             -2.52578094e+00,  -4.43279768e+00,   2.66090798e+00,   1.68227956e+01,  -3.25881048e+01, 
             -5.13613563e+00,   5.97173918e+00,  -1.14796947e+01,   1.30238815e+01,   4.57707337e-01, 
              3.91920280e+01,   2.34054676e+01,  -2.25913013e+00,   5.28382677e+00,  -2.35471158e+00, 
              5.71204621e-01,   1.52415495e+00,  -6.64265542e+00,  -6.58739801e-01,   1.05446165e+00, 
             -1.92681345e+01,  -7.30872088e-01,   1.06813631e+00,   5.94241830e+00,  -5.08977543e+00, 
             -2.52979077e+01,  -4.75348420e+01,   6.41187689e-01,   2.60643234e+00,  -7.62852700e+00, 
              5.16592997e+00,   2.69218803e+00,  -1.62076297e+00,   2.36731342e+00,   1.78975470e+01, 
              1.79345304e+01,   5.03192510e+00,   3.72343324e+01,  -4.51958911e+00,  -4.83370505e+01, 
             -5.37554774e+01,  -2.19718930e+01,   2.99150432e+00,  -2.12736822e+00,   4.47575878e+00, 
              4.79383738e+00,  -3.10343748e+00,   7.42515774e+00,  -1.97424489e+00,   4.34498206e+01, 
              1.31896684e+01,  -3.83986320e+01,   1.86843734e+01,   3.15804803e+01,   2.39167645e+01, 
              3.05842111e+01,   1.21169931e+01,   3.22315365e+00,  -2.83325174e+00,  -9.61540502e+00, 
              5.03796448e+00,   5.10650525e+00,  -1.17535597e+01,  -9.23771690e+00,  -4.25387143e+01, 
              1.66896582e+01,  -2.14822746e+01,   1.05445625e+00,  -1.06627462e+01,   5.46195938e+01, 
             -2.24094953e+01,   5.41430192e+01,   4.50767113e+00,  -1.09899906e+00,  -5.71552726e+00, 
             -7.67187055e+00,   6.66879452e+00,   5.93032047e+00,   2.05755760e+01,  -3.90897812e+00, 
              8.32136696e+00,  -1.71904114e+00,  -1.94565524e+01,   3.83179236e+01,  -2.87438406e+01, 
              3.40794120e+01,  -1.52955311e+01,  -2.23216824e+00,   7.28154528e+00,  -6.00576080e+00, 
              5.94912333e+00,   4.66301518e+00,  -3.34332793e+00,   4.16612580e+00,   5.53701185e+00, 
              2.80318535e+01,   2.01327127e+01,  -2.23686197e+01,   2.02327710e+01,   4.33482859e-01, 
              4.02520689e+01,  -1.62992158e+01,   4.53403192e+00,   2.93444329e+00,   8.14929370e+00, 
              7.20396460e-01,  -2.77816163e+00,  -1.00326324e+01,  -1.20651736e+01,   1.32385292e+01, 
              7.09237550e+00,  -1.31051159e+01,  -5.06873708e+00,  -1.95158294e+00,  -1.93172249e+00, 
             -2.72688500e+01,   3.36161085e+01,   5.43974162e+00,  -4.42862910e+00,   1.97398414e+00, 
             -6.69263958e+00,  -3.76418353e+00,  -1.27019691e-01,  -5.05278680e+01,   1.40744268e+01, 
             -5.26938448e+00,  -4.70189613e+00,  -2.90134262e+01,   7.48800396e+00,  -4.60209472e+00, 
              5.96330334e+00,   3.51277302e+00,   9.59026861e+00,   7.75940360e+00,   8.26090427e+00, 
              8.73298830e+00,   5.38817514e-01,  -1.03298463e+01,  -2.57151793e+01,   1.52837633e+01, 
              1.77453799e+01,   1.43935452e+01,  -1.99561253e+01,   6.34360595e+01,   3.13872381e+01, 
             -1.45027800e+01,  -1.30682400e+01,   2.10898536e+00,   7.83337945e-01,  -3.91908357e+00, 
              6.89475898e+00,  -1.71217257e+00,  -7.29478140e+00,   2.73589898e+01,   9.55051162e+00, 
             -2.98400534e+00,  -1.30528102e+01,  -4.55915271e+00,   3.69114010e+01,  -2.78938027e+01, 
              5.68901956e+01,  -1.33948201e+00,  -2.86175468e+00,   3.65896789e-01,   2.10427687e+00, 
             -1.50592482e+00,   7.00382600e+00,   2.08192958e+00,   1.42589608e+01,  -1.09294542e+01, 
              1.43302881e+01,  -2.60763671e+01,  -4.95683113e+01,  -4.67645653e+01,  -1.31811831e+01, 
             -4.30243306e+01,  -1.23370478e+00,   1.36559181e+01,  -1.22670735e+01,   4.81960350e+00, 
             -1.64631333e+00,   4.64267262e+00,   1.04437229e+00,   1.46618038e+00,  -1.38826037e+01, 
              1.88209035e+01,   1.88556605e+01,  -2.92764581e+00,   3.98316378e+00,  -1.03512356e+01, 
             -3.62263089e+01,   1.41315711e+01,  -3.96718352e+00,   4.06386558e+00,   6.43729753e+00, 
             -6.77130297e+00,  -1.08447424e+00,  -1.43253943e+00,   1.90830697e+00,  -3.60721057e+00, 
             -1.06325245e+01,  -1.24960623e+01,   4.85037923e+00,   1.08672793e+01,  -1.16788736e+01, 
             -3.41936327e+01,  -7.50048386e+00,   9.03540187e-01,   1.16155084e+01,  -3.02269784e+00, 
             -1.08256021e+01,   5.27297887e+00,   1.50672419e+01,   2.74999980e+01,  -1.08417002e+01, 
              3.31878868e+01,  -2.37585998e+01,   1.99445781e+01,   2.75687406e+01,  -4.75944804e+00, 
              2.15077000e+00,  -1.43840537e+01,   3.47990535e+00,  -1.89420326e+00,   6.93685873e+00, 
             -5.05005358e-01,   1.97970081e+00,   2.22549959e+00,   2.44809934e+01,  -2.81596106e+01, 
              1.56714467e+01,  -2.38539980e+01,   2.24021305e+01,  -7.81797268e+00,   2.27217871e+01, 
              9.92824260e+00,   7.75864999e+00,  -8.27947172e+00,   4.23397886e+00,   7.32356295e+00, 
              6.54682527e+00,   2.25509436e-01,   1.87817502e+00,  -6.83114884e+00,  -5.13188198e+00, 
             -1.00060685e+01,   4.33223875e+00,  -3.13257270e+01,   1.57714228e+01,  -7.93141105e-01, 
             -1.03509136e-01,   1.49177807e+01,   8.15786839e+00,   5.21220247e-01,  -1.51937095e+00, 
             -1.76836808e+00,   1.24796266e+01,  -1.66627212e+00,   1.60947171e+01,   1.80637151e+01, 
              1.23129137e+01,  -3.35397878e+01,  -1.33817261e+01,   2.15242016e+01,  -1.74668679e+01, 
             -3.36267581e+00,  -2.28555453e+01,   7.66190772e+00,   6.58448331e+00,  -3.05705438e-01 ]
         </p>
         <m shape='(10)'>
          [   1.83736223e+03,   2.18941669e+04,   2.91651223e+04,   2.91651223e+04,   1.83736223e+03, 
              1.83736223e+03,   2.18941669e+04,   2.91651223e+04,   2.91651223e+04,   1.83736223e+03 ]
         </m>
         <names shape='(10)'>
          [ H, C, O, O, H, 
            H, C, O, O, H ]
         </names>
      </beads>
      <cell shape='(3, 3)'>
       [   5.66917830e+01,   0.00000000e+00,   0.00000000e+00,   0.00000000e+00,   5.66917830e+01, 
           0.00000000e+00,   0.00000000e+00,   0.00000000e+00,   5.66917830e+01 ]
      </cell>
   </system>
</simulation>
