<!--
 Unable to retrieve Git information.

 Simulation information:
           Machine Name: 1c1363225d8b
      Working Directory: /workspace
          Date and Time: 2026-06-02 09:34:43
-->
<simulation>
   <prng>
      <seed>1780392769523</seed>
      <state>[{"bit_generator": "MT19937", "state": {"key": [2403260457, 1027441746, 2252127320, 3270572005, 1671878733, 2755883251, 2634971534, 3660111871, 2568056334, 1900036148, 2287897275, 3488836611, 3657114907, 2862690723, 3148723909, 3843264598, 656573545, 1098754593, 223034072, 3907056087, 1653979382, 1614681558, 2560802146, 2643765531, 1003106610, 4141963550, 628813248, 438963129, 1841101038, 1978767110, 4012211466, 3246206341, 3632237311, 3760756427, 2404995780, 1667378294, 3620120786, 291685159, 3885457190, 380490719, 658763096, 1088876574, 2476209739, 1309948356, 3428572695, 407492460, 2224069689, 1855245553, 3380975550, 3243074400, 3553741999, 527556451, 428551432, 3697290723, 2126678401, 1720778940, 1792446003, 2790502775, 757234515, 1031105221, 596795298, 59408339, 302669654, 2503005280, 4055626345, 569218937, 868769260, 2136570737, 1793021533, 765728166, 133737727, 415005300, 1210414510, 2191162565, 1183147159, 2534685840, 2584343056, 4243425306, 1478923338, 3865720452, 1961921722, 1248456290, 2243986572, 3248085091, 2644442457, 923917424, 3801341720, 1872823398, 1876831032, 227377488, 2859123450, 2113415314, 1300014689, 111554370, 3365358986, 2161449681, 1661288600, 3259778092, 568024801, 3211672153, 278550372, 612774616, 3957369866, 2821865143, 673623841, 1157130228, 3415368680, 1627176510, 2901515487, 585452322, 1571234859, 3206223576, 2110167998, 3273548810, 2201998970, 482096197, 1542190380, 3008189095, 888799581, 1004429805, 371361520, 3924562364, 2796352741, 3083978310, 2692242860, 1420586121, 3273830539, 901188516, 2867615353, 2287094606, 537168954, 3201017002, 4104322849, 3579411915, 93713019, 1673607252, 3307576749, 1978047406, 1194803470, 1655025057, 3617091593, 2160514893, 2626798010, 4045561072, 856754374, 1413601329, 2215469638, 2374998475, 791933699, 813164445, 3739511931, 2598141273, 2732985683, 3804849584, 640877737, 1766664906, 689432354, 4038364675, 3941725734, 952059714, 260491718, 99168503, 2199737263, 1071033202, 2366611380, 1241860809, 3423364385, 1650965949, 3072414155, 2894633813, 3685630169, 1342007796, 1945198662, 846568549, 4044119016, 881843348, 4207688977, 2805784905, 1561292134, 2081904644, 738496933, 2481699343, 850035547, 1691066510, 1541269471, 298690738, 1553009319, 3284823108, 2018020704, 813808506, 4182528661, 4111994867, 946002620, 3174917569, 329043856, 3316065455, 3395489421, 2089444794, 2669091958, 635436401, 4114162522, 3557920743, 1932844038, 3030839611, 4067171618, 2840614188, 709066700, 1466931794, 2832348512, 670290106, 266291150, 2885506273, 2588954699, 3227960751, 2460823771, 2662603214, 2864531623, 4217053148, 3487898953, 4051403855, 2970950640, 3209825821, 871159738, 3252535748, 2502176172, 2384823565, 1442420552, 1713193828, 3419631566, 956439170, 713915231, 3641324075, 459268314, 1288710851, 564609085, 2460833496, 1730408650, 2479062352, 3913902265, 2587587210, 5777064, 1471616017, 1409761106, 468970510, 2393386152, 3187704749, 3187125751, 1675670598, 3456391812, 3650539819, 2480562292, 3481554571, 3581899292, 3570076058, 3420282031, 1096476755, 424022013, 3819218427, 2331393037, 1963479241, 2257862944, 3849788944, 3507455980, 4191425532, 1150509353, 4027491032, 2850224000, 3772546887, 3161437901, 2643480249, 1643105040, 1535140018, 1247726559, 4005294650, 4131195309, 893380127, 3742560934, 968046929, 1874071204, 91164863, 1069441934, 1308452985, 144945173, 56877364, 2069728086, 653597722, 4226238668, 2882583050, 3071575929, 2259275441, 1762332170, 2883802057, 290362717, 1731658618, 4250341619, 2024856605, 1189169683, 1024064195, 3493593847, 2167018306, 3141656479, 1727753518, 3770229718, 2589560528, 2435679054, 1897423208, 1055198033, 931471234, 104381541, 3234111025, 1465181023, 1614540812, 845969084, 708614463, 900531320, 3209587924, 480563840, 2370022867, 2634956075, 4104250958, 2407192250, 3906365660, 3513061859, 571978600, 3953884500, 3788023457, 2243214842, 1736068411, 2360743994, 847175386, 185685701, 4274465951, 1747396457, 4089825521, 534468151, 3625671155, 574540442, 3925677819, 513319241, 2849868566, 4231448161, 1752221629, 2304717030, 4229929204, 1445443729, 436315832, 243184282, 3704830576, 4086103983, 1036485216, 2236266250, 2550704626, 1134386552, 2211967164, 53534640, 1983834137, 1510437986, 2519430531, 1063329177, 1149248901, 2500685863, 2829622377, 3204764323, 2417723793, 555235978, 491541804, 1274336087, 3616864601, 3819060663, 4237718075, 2315964965, 2141942860, 129522988, 4087944903, 1602815146, 2964682444, 3820746987, 1238831030, 3347880897, 4170904640, 3664015540, 2015273357, 167480864, 2332300368, 2549152703, 2552091846, 1629354640, 1627560268, 3510058355, 297020254, 753012727, 3872835506, 452062954, 2959857875, 227187223, 2389132795, 819821222, 3514130372, 536331027, 4189755137, 70299920, 236622527, 3930006227, 2346214807, 918786741, 1695146754, 3048253341, 2368595130, 2026418685, 3162740793, 2647095105, 4068940798, 2904253362, 1847896533, 1170030128, 772419456, 4091504284, 2409212121, 3989178555, 1713822217, 2399592300, 456044445, 348563291, 2166470945, 4086499606, 635313961, 4094797487, 3034216592, 3638005323, 227244888, 3625374064, 1227414166, 3867947079, 2195039026, 3136035737, 2508364050, 2424953666, 958289499, 1269029191, 3469428401, 4162555784, 2193472912, 3809159910, 742160258, 2565011636, 3942487795, 2871276687, 1353161159, 1748679487, 589973322, 1026137106, 3102202284, 1404555064, 1830102492, 4220481761, 731613958, 2312447432, 3487841626, 3597011869, 1895581958, 1765724302, 3542468949, 629487776, 2254006005, 3896936202, 1053000703, 676082694, 2849849043, 1208568314, 436851591, 2507412986, 1159632366, 2433616890, 2005491256, 4032911013, 3142978820, 555664270, 1137699913, 3340445401, 357647601, 3595537938, 468198792, 919169490, 109692915, 951120995, 2744513150, 2998935066, 2245967361, 273275239, 2983635439, 3651892061, 3328946341, 2081540436, 1450252586, 1374167176, 4260890892, 2581840745, 3085852669, 3958684757, 2946022422, 2887374594, 4037206169, 1204608936, 3969572487, 1954613183, 333854931, 944138039, 1676391078, 784646372, 2198666443, 4154504488, 1261574838, 1137678319, 15361233, 2590783664, 3121667772, 2664200939, 859257228, 907697429, 3631195032, 2598200963, 130204467, 1313227264, 561974441, 2669859273, 3099724180, 3940157046, 3429109438, 1116321091, 2693994508, 4026878178, 2618729653, 3796704641, 1928303558, 4221528406, 323283769, 1540650327, 653096537, 1637045531, 2594846702, 3374444704, 424380136, 837772104, 1876338351, 3258734150, 3489053166, 1303636357, 18458842, 1323412809, 815901367, 980940402, 3164973848, 97539522, 387039051, 4026590488, 102636274, 1658511724, 2514217093, 2228301070, 2134052068, 4163831884, 2416737579, 2915797473, 1006358563, 2376258583, 998107597, 3084065548, 1000522876, 3188250128, 2905870626, 2391050781, 2615140202, 4031224231, 1587859110, 394287878, 100119218, 78018784, 3013943594, 2038523565, 551667957, 497319296, 2322433261, 1499900701, 3068139755, 3169279106, 778080410, 1189895479, 4180166834, 219653875, 554506135, 1693736522, 2522712056, 1125466313, 2917876006, 1320288986, 850292461, 4030418848, 1159995235, 4265735386, 92688284, 2112026477, 1320236095, 744327695, 645261762, 2598442460, 3557305898, 2458417386, 517961018, 1894104389, 1320676917, 153596150, 3994662177, 613053122, 3550439593, 1472381853, 3417086244, 2367794046, 362693605, 2648868230, 3760632175, 1418147497, 3170693234, 3408578077, 3997869677], "pos": 3}}]</state>
   </prng>
   <output prefix='ipi_out'>
      <properties shape='(4)' filename='md' stride='10'> [ step, time{picosecond}, potential{electronvolt}, temperature{kelvin} ] </properties>
      <trajectory filename='pos' stride='100' cell_units='angstrom' bead='0'>positions{angstrom}</trajectory>
   </output>
   <step>400</step>
   <total_steps>400</total_steps>
   <smotion mode='metad'>
      <metad>
         <metaff shape='(1)'> [ plumed-bias ] </metaff>
      </metad>
   </smotion>
   <ffsocket mode='unix' name='physnet-ff'>
      <address>physnet</address>
      <slots>32</slots>
      <timeout>  5.00000000e+00</timeout>
   </ffsocket>
   <ffplumed name='plumed-bias'>
      <file units='angstrom' mode='xyz'>init_fad.xyz</file>
      <plumed_dat>plumed_fad_wtmetad.dat</plumed_dat>
      <plumed_step>401</plumed_step>
   </ffplumed>
   <system>
      <forces>
         <force name='physnet-ff' forcefield='physnet-ff'>
         </force>
         <force name='plumed-bias' forcefield='plumed-bias'>
         </force>
      </forces>
      <ensemble>
         <temperature>  6.33363040e-04</temperature>
         <eens>  3.94015698e-02</eens>
         <hamiltonian_weights shape='(2)'> [   1.00000000e+00,   1.00000000e+00 ] </hamiltonian_weights>
         <time>  8.26827460e+03</time>
      </ensemble>
      <motion mode='dynamics'>
         <dynamics mode='nvt'>
            <thermostat mode='pile_l'>
               <ethermo> -8.05416022e+00</ethermo>
               <tau>  2.06706865e+04</tau>
            </thermostat>
            <timestep>  2.06706865e+01</timestep>
            <nmts shape='(1)'> [ 1 ] </nmts>
         </dynamics>
      </motion>
      <beads natoms='10' nbeads='32'>
         <q shape='(32, 30)'>
          [   1.69927660e+00,  -1.14858878e-02,   1.70600472e-01,  -5.72275879e-01,   3.08944734e+00, 
              5.63919923e-01,   1.00910309e+00,   4.71404839e+00,   1.58823611e-01,  -2.69929061e-01, 
              6.22714658e-01,   3.81097265e-01,  -2.69500449e+00,   3.20251080e+00,   8.68297654e-01, 
              4.09387194e+00,   3.91394002e+00,  -1.70146238e-01,   6.27875498e+00,   1.13039670e+00, 
             -3.39134773e-01,   4.66822840e+00,  -5.20569088e-01,  -2.09968892e-01,   5.86592817e+00, 
              3.70743490e+00,  -4.67825349e-01,   8.31373462e+00,   7.38177214e-01,  -5.30385453e-01, 
              1.72800545e+00,   7.56142530e-02,   2.46119925e-01,  -6.33736526e-01,   3.05669608e+00, 
              5.68871434e-01,   9.76126794e-01,   4.68242871e+00,   5.96680742e-02,  -2.68757599e-01, 
              6.28087051e-01,   3.95597580e-01,  -2.89402359e+00,   3.18817430e+00,   9.21779348e-01, 
              4.04457365e+00,   4.00752824e+00,  -3.07098218e-01,   6.35267798e+00,   1.13424269e+00, 
             -3.22636371e-01,   4.68031259e+00,  -5.10156346e-01,  -2.18285871e-01,   5.84027755e+00, 
              3.67623886e+00,  -4.86785758e-01,   8.27311833e+00,   8.37278803e-01,  -4.63508730e-01, 
              1.55890404e+00,  -2.24931007e-02,   3.50706013e-01,  -5.73948814e-01,   3.07951536e+00, 
              4.89975986e-01,   9.42697481e-01,   4.78049120e+00,   2.36076211e-02,  -3.27085031e-01, 
              5.74699377e-01,   3.22828002e-01,  -2.76676905e+00,   3.23182255e+00,   9.30790118e-01, 
              4.16551884e+00,   4.05609163e+00,  -4.07235406e-01,   6.37735897e+00,   1.12151310e+00, 
             -3.66434841e-01,   4.66951874e+00,  -5.28670531e-01,  -1.92898538e-01,   5.86044073e+00, 
              3.61420683e+00,  -4.72139693e-01,   8.63742453e+00,   5.14850081e-01,  -3.27001541e-01, 
              1.55024534e+00,  -1.11654819e-01,   3.37238033e-01,  -6.02516715e-01,   3.08357065e+00, 
              4.85003931e-01,   9.27998469e-01,   4.78009431e+00,   4.13278040e-02,  -2.80548482e-01, 
              5.31403020e-01,   2.84438859e-01,  -2.54515390e+00,   3.02853930e+00,   7.33028313e-01, 
              4.18994521e+00,   3.80561275e+00,  -4.15154260e-01,   6.38968815e+00,   1.09452668e+00, 
             -3.50172624e-01,   4.73893326e+00,  -4.77395352e-01,  -1.77397289e-01,   5.94461245e+00, 
              3.61657755e+00,  -4.41778106e-01,   8.74027466e+00,   7.07588300e-01,  -4.64585804e-01, 
              1.68066049e+00,   3.44833370e-02,   3.32364301e-01,  -6.62141446e-01,   3.08574706e+00, 
              4.43719424e-01,   9.18397603e-01,   4.71492771e+00,   1.08271878e-01,  -3.04430149e-01, 
              5.47839569e-01,   3.54742027e-01,  -2.64537883e+00,   3.08448423e+00,   8.29586347e-01, 
              3.99648655e+00,   3.86788775e+00,  -6.22641791e-01,   6.35215495e+00,   1.08674080e+00, 
             -3.70617599e-01,   4.71677443e+00,  -4.34775110e-01,  -1.86621425e-01,   5.97188429e+00, 
              3.69414429e+00,  -4.80648768e-01,   8.56303417e+00,   6.97653844e-01,  -2.82251268e-01, 
              1.57351514e+00,   6.45688181e-02,   2.06380972e-01,  -6.24813186e-01,   3.07233857e+00, 
              4.23774791e-01,   9.08024435e-01,   4.73645733e+00,   1.69480031e-01,  -3.25758253e-01, 
              5.15075724e-01,   3.29799137e-01,  -2.34325343e+00,   3.20584148e+00,   8.81168500e-01, 
              4.05526102e+00,   4.24447493e+00,  -5.53685657e-01,   6.37434609e+00,   1.09173703e+00, 
             -3.55679508e-01,   4.70863644e+00,  -4.42301490e-01,  -2.29022676e-01,   5.93748880e+00, 
              3.70706653e+00,  -4.07676346e-01,   8.65788067e+00,   6.73293908e-01,  -4.45426398e-01, 
              1.60979337e+00,   3.65499386e-01,   2.78120478e-01,  -6.74998357e-01,   3.07081849e+00, 
              4.51666698e-01,   9.04633187e-01,   4.74793577e+00,   2.29510769e-01,  -3.08325123e-01, 
              4.94597243e-01,   3.33282805e-01,  -2.29076338e+00,   3.22634612e+00,   8.45975063e-01, 
              4.13763869e+00,   4.31888049e+00,  -3.11110294e-01,   6.34530643e+00,   1.10573460e+00, 
             -3.62647898e-01,   4.71309776e+00,  -4.24686718e-01,  -2.13310434e-01,   5.95811275e+00, 
              3.76209233e+00,  -4.03101324e-01,   8.11747445e+00,   6.93445398e-01,  -1.34113309e-01, 
              1.42584442e+00,   3.76887323e-01,   3.49021666e-01,  -6.58360580e-01,   3.09041335e+00, 
              4.52624384e-01,   8.80319930e-01,   4.78646311e+00,   2.33518243e-01,  -3.06470665e-01, 
              5.05262855e-01,   3.29906046e-01,  -2.49856140e+00,   3.29970055e+00,   9.49911925e-01, 
              4.06015782e+00,   4.30907107e+00,  -2.00191816e-01,   6.31458823e+00,   1.19782744e+00, 
             -3.42501022e-01,   4.72203165e+00,  -3.90000127e-01,  -2.24985515e-01,   5.97630194e+00, 
              3.79285976e+00,  -3.92358596e-01,   8.27013859e+00,   8.53804947e-01,  -3.07343949e-01, 
              1.62417258e+00,   4.50017366e-01,   2.22212696e-01,  -6.18121611e-01,   3.10316456e+00, 
              4.45413907e-01,   9.45915644e-01,   4.83887611e+00,   2.07958960e-01,  -3.63308270e-01, 
              5.32628749e-01,   2.90689562e-01,  -2.88734634e+00,   3.35718926e+00,   7.24501563e-01, 
              4.25933231e+00,   4.22197589e+00,  -4.29446272e-01,   6.33616781e+00,   1.22288442e+00, 
             -2.84874956e-01,   4.66562362e+00,  -3.39752881e-01,  -1.55955878e-01,   5.96397310e+00, 
              3.68584707e+00,  -4.14216526e-01,   8.16861938e+00,   9.83797328e-01,  -2.55897937e-01, 
              1.48686652e+00,   3.94387741e-01,   1.61260385e-01,  -7.15032063e-01,   3.16934450e+00, 
              4.70712183e-01,   9.52351409e-01,   4.85153336e+00,   1.87553611e-01,  -3.57795929e-01, 
              5.00994153e-01,   3.28115653e-01,  -2.70210329e+00,   3.48064340e+00,   6.14496250e-01, 
              4.12803907e+00,   4.00295974e+00,  -3.77633448e-01,   6.29048268e+00,   1.17739201e+00, 
             -2.92559432e-01,   4.70361664e+00,  -3.27600304e-01,  -1.16405498e-01,   5.99241694e+00, 
              3.63889094e+00,  -4.86981563e-01,   8.25704716e+00,   1.17132490e+00,  -4.83531032e-02, 
              1.51934209e+00,   3.85978799e-01,   1.62985645e-01,  -7.32217048e-01,   3.12461565e+00, 
              5.12331281e-01,   9.30255104e-01,   4.85540033e+00,   2.42302180e-01,  -3.35822322e-01, 
              5.31503957e-01,   2.78869716e-01,  -2.70642569e+00,   3.56432935e+00,   7.20376436e-01, 
              4.08825936e+00,   3.98572525e+00,  -4.56547935e-01,   6.31138519e+00,   1.19856871e+00, 
             -2.30964351e-01,   4.72164019e+00,  -3.99158258e-01,  -2.06103315e-01,   5.99087056e+00, 
              3.66722409e+00,  -5.08180118e-01,   8.18909519e+00,   1.30239246e+00,   2.19089319e-01, 
              1.77075513e+00,   4.60402390e-01,   2.36976624e-01,  -7.01091573e-01,   3.17853638e+00, 
              4.61467286e-01,   9.88959194e-01,   4.80831942e+00,   2.84955953e-01,  -2.93313260e-01, 
              5.49750111e-01,   2.75458912e-01,  -2.90029261e+00,   3.50663890e+00,   7.30260530e-01, 
              4.18864793e+00,   3.97437099e+00,  -6.41035150e-01,   6.28589720e+00,   1.21541929e+00, 
             -2.56266590e-01,   4.71612983e+00,  -4.74412761e-01,  -2.00100578e-01,   5.92885170e+00, 
              3.70671454e+00,  -4.39046374e-01,   8.22635371e+00,   1.10291444e+00,   1.79360710e-01, 
              1.47469651e+00,   6.94209847e-01,   2.75968310e-01,  -7.02276677e-01,   3.19799517e+00, 
              4.21144196e-01,   1.01350701e+00,   4.69465481e+00,   2.59888601e-01,  -3.04788717e-01, 
              5.47281408e-01,   2.57782348e-01,  -2.91271391e+00,   3.59260190e+00,   9.56704262e-01, 
              4.31896961e+00,   4.27120529e+00,  -5.42412258e-01,   6.24477548e+00,   1.17304174e+00, 
             -2.81521098e-01,   4.67098845e+00,  -4.83956173e-01,  -1.86456152e-01,   5.89217115e+00, 
              3.68364328e+00,  -3.72714775e-01,   8.31499512e+00,   9.27586097e-01,   2.96740363e-01, 
              1.32990015e+00,   3.71058583e-01,   3.15797751e-01,  -6.70743518e-01,   3.16658394e+00, 
              3.48055804e-01,   9.88915243e-01,   4.66354778e+00,   3.66605677e-01,  -2.66655879e-01, 
              5.35632919e-01,   2.29524251e-01,  -2.66514992e+00,   3.68479422e+00,   8.46854440e-01, 
              4.11766046e+00,   4.29075277e+00,  -8.18682500e-01,   6.26985780e+00,   1.15402946e+00, 
             -3.40190215e-01,   4.68342973e+00,  -4.88365910e-01,  -1.53657919e-01,   6.00867394e+00, 
              3.75020424e+00,  -3.71209734e-01,   8.28979308e+00,   1.00681327e+00,   2.49714373e-02, 
              1.52510305e+00,   2.71130382e-01,   1.07772152e-01,  -7.12623013e-01,   3.13239082e+00, 
              4.16643560e-01,   9.80308754e-01,   4.72664239e+00,   3.55915199e-01,  -3.29329792e-01, 
              5.02334044e-01,   2.39035464e-01,  -2.72874845e+00,   3.73112972e+00,   7.27711606e-01, 
              4.02009886e+00,   4.23976927e+00,  -8.87688450e-01,   6.32185956e+00,   1.15328841e+00, 
             -4.35135571e-01,   4.74598617e+00,  -4.71795673e-01,  -1.35982221e-01,   6.04640406e+00, 
              3.75633057e+00,  -3.76624027e-01,   8.33341606e+00,   7.95473987e-01,   1.51508397e-02, 
              1.43809274e+00,   2.25213996e-01,  -1.90286287e-02,  -7.09614905e-01,   3.04653873e+00, 
              3.76060613e-01,   9.30186573e-01,   4.68615953e+00,   3.41129204e-01,  -2.93397874e-01, 
              5.56941206e-01,   2.78996747e-01,  -2.94677061e+00,   3.77897601e+00,   8.07480127e-01, 
              4.28939691e+00,   4.07701809e+00,  -5.48189029e-01,   6.28259142e+00,   1.17070194e+00, 
             -3.99433222e-01,   4.74239860e+00,  -4.43537253e-01,  -1.72226526e-01,   6.06045054e+00, 
              3.74103668e+00,  -3.60386007e-01,   8.26061299e+00,   7.42874942e-01,  -2.40447623e-02, 
              1.45402222e+00,   8.68539767e-02,  -7.64726414e-03,  -7.08842941e-01,   3.07216947e+00, 
              4.01610322e-01,   9.32009846e-01,   4.66081922e+00,   3.06430589e-01,  -3.21379233e-01, 
              6.07590831e-01,   2.16822253e-01,  -2.91156400e+00,   3.73978085e+00,   7.49648381e-01, 
              4.41034151e+00,   4.06939058e+00,  -6.02045024e-01,   6.36081978e+00,   1.18974450e+00, 
             -4.00366039e-01,   4.73373825e+00,  -4.80511004e-01,  -1.81782418e-01,   6.05709235e+00, 
              3.77204575e+00,  -4.03021799e-01,   8.32918397e+00,   5.63130713e-01,  -3.25502896e-01, 
              1.50068976e+00,   1.95358803e-01,  -2.24442647e-02,  -7.13708396e-01,   3.12509147e+00, 
              3.50116164e-01,   9.40553544e-01,   4.64489147e+00,   3.03736639e-01,  -3.32116374e-01, 
              6.17797608e-01,   1.48575189e-01,  -2.87077831e+00,   3.61070605e+00,   9.48496176e-01, 
              4.29101514e+00,   4.04763641e+00,  -5.00572876e-01,   6.37040765e+00,   1.17150153e+00, 
             -4.19198830e-01,   4.69210583e+00,  -4.64632171e-01,  -1.94883513e-01,   6.04725390e+00, 
              3.76936394e+00,  -3.98924437e-01,   8.32649826e+00,   7.27171243e-01,  -3.88088783e-01, 
              1.46646800e+00,   2.64315490e-01,  -1.07463010e-01,  -7.04563942e-01,   3.07517493e+00, 
              4.05212558e-01,   9.60595406e-01,   4.62263853e+00,   2.79176893e-01,  -3.58990233e-01, 
              6.76375197e-01,   1.86571015e-01,  -2.79372656e+00,   3.62060156e+00,   6.09095823e-01, 
              4.18560691e+00,   4.26026880e+00,  -3.97276766e-01,   6.31445798e+00,   1.19524431e+00, 
             -3.78167695e-01,   4.66241420e+00,  -4.81125559e-01,  -1.65872235e-01,   6.05351936e+00, 
              3.78186811e+00,  -3.88040810e-01,   8.31693719e+00,   8.17173273e-01,  -3.32290721e-01, 
              1.20050229e+00,  -1.40178742e-01,  -2.31557502e-01,  -6.38193905e-01,   3.12253705e+00, 
              4.58228143e-01,   9.54993987e-01,   4.58449825e+00,   2.50873469e-01,  -2.58313056e-01, 
              6.34661168e-01,   1.88660139e-01,  -2.77486068e+00,   3.44393466e+00,   4.31613159e-01, 
              4.22941750e+00,   4.42420890e+00,  -5.79233727e-01,   6.34880714e+00,   1.18501545e+00, 
             -4.74473215e-01,   4.67457189e+00,  -4.69334762e-01,  -3.53868518e-02,   6.01252941e+00, 
              3.72837464e+00,  -3.78630838e-01,   8.26281951e+00,   7.71342729e-01,  -7.85595594e-01, 
              1.30777455e+00,   1.15212831e-01,  -2.28450127e-01,  -6.33387555e-01,   3.09579881e+00, 
              4.94019141e-01,   9.84585637e-01,   4.60702957e+00,   2.00281432e-01,  -3.00885353e-01, 
              6.07172138e-01,   1.94607516e-01,  -2.66706042e+00,   3.37399630e+00,   6.16276351e-01, 
              4.11236486e+00,   4.38339503e+00,  -4.59923313e-01,   6.29080028e+00,   1.17844580e+00, 
             -5.28482673e-01,   4.67027280e+00,  -4.52586928e-01,  -9.59625444e-03,   6.02795485e+00, 
              3.69901003e+00,  -3.75156510e-01,   8.14437855e+00,   7.63953952e-01,  -7.47743565e-01, 
              1.48664240e+00,   4.21631299e-02,  -1.79387510e-01,  -5.80422902e-01,   3.06632853e+00, 
              4.86963668e-01,   9.89743999e-01,   4.55801222e+00,   2.15378556e-01,  -2.89054343e-01, 
              6.00601828e-01,   2.30328046e-01,  -2.63363553e+00,   3.41354114e+00,   6.39380434e-01, 
              4.03337560e+00,   4.39305689e+00,  -1.08470019e-01,   6.29020492e+00,   1.09248249e+00, 
             -5.57680631e-01,   4.65604706e+00,  -4.46354420e-01,   4.47457088e-02,   6.02579851e+00, 
              3.68333874e+00,  -3.72528357e-01,   8.33890998e+00,   7.11891370e-01,  -9.77535082e-01, 
              1.45038507e+00,   1.78049277e-01,  -2.20502381e-01,  -5.41069809e-01,   3.00801437e+00, 
              4.23406522e-01,   9.51177646e-01,   4.60529635e+00,   1.88668226e-01,  -2.70301672e-01, 
              5.94513827e-01,   2.28173601e-01,  -2.70105488e+00,   3.36591545e+00,   8.75245382e-01, 
              4.17195908e+00,   4.41827377e+00,  -9.53326427e-02,   6.26335595e+00,   1.09535000e+00, 
             -4.48075142e-01,   4.64503586e+00,  -4.36375976e-01,  -3.50828682e-02,   6.02846511e+00, 
              3.64136320e+00,  -3.52819350e-01,   8.34945655e+00,   6.66198924e-01,  -8.02358205e-01, 
              1.56378690e+00,   2.01429413e-01,  -1.87648649e-01,  -5.60692481e-01,   3.09328046e+00, 
              4.08869164e-01,   9.84050530e-01,   4.64468550e+00,   1.89884550e-01,  -2.77233738e-01, 
              6.03305872e-01,   2.64315252e-01,  -2.63162544e+00,   3.40288946e+00,   7.49537466e-01, 
              3.97093047e+00,   4.56978259e+00,  -2.67150071e-02,   6.23927804e+00,   1.11282345e+00, 
             -4.69742730e-01,   4.59962535e+00,  -4.20734713e-01,  -3.33256535e-02,   6.02905775e+00, 
              3.67300584e+00,  -3.59952783e-01,   8.18735839e+00,   9.27480472e-01,  -7.47895504e-01, 
              1.66288600e+00,   2.68478725e-01,  -2.82161760e-02,  -5.38156719e-01,   3.04574689e+00, 
              4.21958297e-01,   1.00615865e+00,   4.60676871e+00,   1.80751121e-01,  -2.07317543e-01, 
              6.21702968e-01,   2.49265897e-01,  -2.58362905e+00,   3.37722052e+00,   4.80682308e-01, 
              3.92101430e+00,   4.37435186e+00,   2.13001745e-01,   6.24654120e+00,   1.17029248e+00, 
             -5.23987493e-01,   4.59542548e+00,  -3.94257674e-01,  -1.05553151e-01,   6.04742033e+00, 
              3.70676714e+00,  -3.31302470e-01,   8.37568323e+00,   8.66151156e-01,  -7.51739965e-01, 
              1.56925621e+00,   1.51845481e-01,   3.95260981e-02,  -5.23409956e-01,   3.01518432e+00, 
              4.67511196e-01,   1.00080235e+00,   4.57755012e+00,   1.38595163e-01,  -1.85442700e-01, 
              6.39499661e-01,   2.23115888e-01,  -2.43376949e+00,   3.38215289e+00,   6.32344568e-01, 
              4.02661360e+00,   4.38475537e+00,   4.26891291e-02,   6.26640499e+00,   1.16068455e+00, 
             -5.20835055e-01,   4.63376103e+00,  -4.05108906e-01,  -8.73773422e-02,   6.05094011e+00, 
              3.66455299e+00,  -3.09095424e-01,   8.30091078e+00,   6.65426159e-01,  -6.50468440e-01, 
              1.58229486e+00,   2.60751399e-01,   1.92762256e-01,  -5.11179069e-01,   2.98033958e+00, 
              4.66577565e-01,   1.02880175e+00,   4.59305356e+00,   1.73984128e-01,  -1.38300461e-01, 
              6.34917422e-01,   2.83122052e-01,  -2.34532115e+00,   3.53490005e+00,   8.24441669e-01, 
              4.14256748e+00,   4.19234171e+00,  -2.59088524e-02,   6.23678147e+00,   1.18825795e+00, 
             -5.12164975e-01,   4.60799999e+00,  -3.92903780e-01,  -1.40761650e-01,   6.04490429e+00, 
              3.66554685e+00,  -3.35851435e-01,   8.37408154e+00,   6.03620782e-01,  -6.84719822e-01, 
              1.56533375e+00,   2.64482710e-01,   1.92577929e-01,  -5.47574739e-01,   3.03364476e+00, 
              5.53983327e-01,   1.02564623e+00,   4.65367947e+00,   2.20340328e-01,  -1.24938507e-01, 
              6.15017312e-01,   3.52841138e-01,  -2.48225431e+00,   3.51649894e+00,   6.54610268e-01, 
              4.21678132e+00,   4.13980837e+00,  -7.85615766e-02,   6.31379829e+00,   1.14578878e+00, 
             -5.14300306e-01,   4.58348348e+00,  -4.27690411e-01,  -1.21529375e-01,   5.97899000e+00, 
              3.68157504e+00,  -3.22706321e-01,   8.43872426e+00,   5.69955753e-01,  -6.32220644e-01, 
              1.52064934e+00,   2.01279870e-01,   1.82414761e-01,  -6.09916351e-01,   3.09242205e+00, 
              5.39861000e-01,   1.05959364e+00,   4.66185204e+00,   1.83803319e-01,  -1.57436456e-01, 
              6.43429751e-01,   3.48738209e-01,  -2.62057093e+00,   3.47639093e+00,   9.16976142e-01, 
              4.03194722e+00,   4.44093731e+00,  -2.56060625e-01,   6.30528015e+00,   1.11291970e+00, 
             -4.18203134e-01,   4.65356260e+00,  -4.23864876e-01,  -1.85856573e-01,   5.93409331e+00, 
              3.63316570e+00,  -3.81947101e-01,   8.36245407e+00,   7.86527283e-01,  -7.47096274e-01, 
              1.63619503e+00,   9.42336868e-02,   2.53283279e-01,  -5.99707615e-01,   3.04425436e+00, 
              5.73052351e-01,   1.04641884e+00,   4.67078943e+00,   1.38778834e-01,  -2.06547239e-01, 
              7.09694612e-01,   4.26011567e-01,  -2.73716694e+00,   3.43524086e+00,   7.89508599e-01, 
              4.03090359e+00,   4.24986182e+00,  -3.63439369e-01,   6.31484062e+00,   1.08994821e+00, 
             -3.73823827e-01,   4.66852244e+00,  -4.53583922e-01,  -1.51533145e-01,   5.92365602e+00, 
              3.65604780e+00,  -4.22790424e-01,   8.19406516e+00,   8.76065925e-01,  -7.18682876e-01, 
              1.68015462e+00,   1.99232217e-01,   2.00844158e-01,  -5.86915239e-01,   3.01870369e+00, 
              5.30434292e-01,   1.04847911e+00,   4.66009397e+00,   1.55286331e-01,  -1.95042331e-01, 
              7.06172767e-01,   4.13942195e-01,  -2.61389324e+00,   3.39403471e+00,   8.20690003e-01, 
              3.84397777e+00,   3.91779630e+00,  -3.46164314e-01,   6.32172997e+00,   1.14806388e+00, 
             -4.03440112e-01,   4.62598147e+00,  -4.99612908e-01,  -1.95662901e-01,   5.90455096e+00, 
              3.65458538e+00,  -4.54237178e-01,   8.36349974e+00,   9.87773648e-01,  -7.88899986e-01, 
              1.73799366e+00,   9.92099131e-03,   2.33329050e-02,  -5.52928213e-01,   3.04257664e+00, 
              5.49839716e-01,   1.06212515e+00,   4.70285834e+00,   2.00595881e-01,  -2.30463154e-01, 
              6.69031124e-01,   4.28409703e-01,  -2.49991541e+00,   3.43153706e+00,   9.59015300e-01, 
              4.03995507e+00,   3.94148981e+00,  -2.94422874e-01,   6.35075490e+00,   1.13345378e+00, 
             -3.60459743e-01,   4.64364028e+00,  -5.18262000e-01,  -2.32019858e-01,   5.94165288e+00, 
              3.68851473e+00,  -4.99131143e-01,   8.44474799e+00,   9.41721110e-01,  -7.88253396e-01 ]
         </q>
         <p shape='(32, 30)'>
          [   4.51351408e+00,   4.38812381e+00,   1.45650238e+00,  -1.60242247e+01,   1.94408531e+01, 
             -3.75685493e+01,  -4.68426449e+00,  -1.92580881e+01,   3.55881455e+01,   1.40114872e+01, 
              3.57054530e+00,   3.29586577e+01,   4.50701716e+00,   1.58198368e+01,   3.80249505e+00, 
              4.20774237e+00,  -7.81559544e+00,   3.73579872e+00,  -9.03005614e+00,  -2.39948897e+01, 
              2.99011760e+01,   1.58105035e+00,  -3.51898793e+00,  -1.91233525e+01,   3.40138726e+00, 
             -2.04033633e+01,   4.90707047e+00,  -1.75858812e+01,  -7.81615218e-01,   4.93889513e-01, 
              1.55636127e+00,   5.39533370e+00,   1.74796885e+01,   3.33994125e+01,   2.45613550e+01, 
              2.18506056e+01,  -1.37863212e+00,  -2.79008177e+01,   1.96996001e+01,   2.29948386e+01, 
             -9.27653880e+00,  -1.55062035e+01,   6.54887731e+00,  -2.71788014e+00,   1.03759233e+01, 
             -5.18097570e+00,   1.12027127e+00,   6.23712460e-01,  -2.48463456e+01,   4.85765185e+00, 
              2.24958565e+01,   8.48045030e+00,  -1.70837698e+00,   6.22277651e+00,  -1.02878199e+00, 
              8.48484513e+00,  -4.11951522e+00,   2.93625747e+00,  -1.02348124e+01,   1.26731213e+00, 
              2.79785647e-02,  -1.80976711e+00,   6.67947265e+00,  -1.38923047e+01,  -1.25405202e+01, 
             -7.38296328e+00,  -4.31221087e+00,  -2.49060691e+01,  -5.60422373e+01,  -4.68938673e+01, 
              1.82502751e+01,  -9.28567361e+00,   1.34257431e+00,   1.31740911e+01,   8.09678903e+00, 
              5.39752923e+00,  -1.44926051e+00,   4.16138028e+00,   2.54767732e+01,  -1.22757846e+01, 
              1.64112861e+01,  -1.52878146e+01,   6.31973375e+01,   3.10712706e+00,  -2.38943750e+01, 
             -1.04646761e+01,   3.53614454e+01,  -4.08649813e+00,  -1.93643699e+00,   1.68852189e+00, 
              6.93337595e+00,  -3.97101804e+00,   1.87271175e+00,   8.96532625e+00,  -2.32926316e+01, 
             -1.52542118e+01,   5.16078744e+00,  -1.74182744e+01,   1.57801391e+01,  -4.05510947e+01, 
              3.64131220e+00,  -1.75979231e+01,   3.12562000e+00,   1.77295169e+00,   4.27876717e+00, 
             -1.11518557e+01,   2.15155973e+00,  -1.64031917e+01,  -3.96391705e+00,  -7.43839979e+00, 
             -1.90145336e+01,  -6.39907889e+00,  -3.68902335e+01,  -3.02009759e+01,  -6.09686862e+00, 
              3.08753422e+01,   3.04008885e+00,  -8.25717929e+00,  -3.67732035e+00,   9.03360556e-02, 
              6.26665138e+00,   4.35748973e+00,  -9.95726882e+00,   1.03104659e+00,  -2.68261164e+00, 
              6.92177132e+00,   9.08336903e+00,  -3.14103636e+01,  -1.47725225e+01,   1.56876943e+01, 
             -8.75178523e+00,  -3.15464291e+01,   4.54986340e+00,   7.73851753e+00,  -1.01654587e+01, 
             -7.36603217e+00,   1.78988512e+00,  -6.43393772e-01,  -9.10287548e+00,   2.29516028e+01, 
             -2.33417279e+01,   2.08756174e+01,   1.57226065e+01,   4.75715359e+01,   1.81964614e+01, 
              2.64605109e+01,  -1.35000662e+01,  -7.79559700e+00,  -4.68525805e+00,   6.86423941e+00, 
              7.48907272e-03,  -2.60570687e+00,  -3.48005292e+00,  -5.60498933e-01,   3.09946459e+01, 
              2.44077987e+01,  -9.06769428e-02,   1.22518434e+01,  -4.44744592e+00,   2.03771704e+01, 
              1.45613237e+01,   1.51070678e+01,  -5.87725636e+00,   1.05689495e+00,  -9.40366718e+00, 
             -8.06446504e-01,   3.06549474e+00,  -3.65491594e+00,  -5.92764848e+00,   2.90322450e+00, 
             -2.40622862e+01,  -1.26253827e+01,   1.50893130e+01,   2.26697062e+01,  -2.60922939e+00, 
             -4.77332090e+01,   7.25651649e+00,   3.71129463e+00,   1.24748022e+01,   2.29464756e+00, 
             -5.77403783e+00,   1.27739992e+00,   2.35226935e+00,  -4.85994029e+00,   2.77723999e+01, 
             -4.80782285e+00,   1.92976710e+01,  -6.99518479e-01,   3.76740049e+00,  -3.17534897e+01, 
              2.13510786e+01,   5.32625189e+01,  -8.70874949e+00,   1.13141899e+01,  -2.63763454e+00, 
             -6.81334526e+00,  -6.62597249e-01,  -5.58079294e-01,   1.70200504e+01,  -2.88087982e+01, 
              3.63420737e+00,   1.04732528e+01,  -1.78095827e+01,   2.03421716e+01,   2.47009880e+01, 
              1.54868334e+01,  -6.80207843e+01,   2.90615028e+00,   1.48579100e+01,  -3.13737648e-01, 
             -1.00103843e+01,  -2.72713658e+00,  -2.12682645e+00,   4.57607258e+01,   1.10781105e+01, 
             -2.55513468e+01,   2.17227891e+01,   6.61411198e+00,   2.21918396e+01,  -2.84581340e+01, 
              1.47602060e+01,   1.23408480e+01,   9.69959529e+00,   1.86347668e+00,  -1.80675150e+00, 
             -3.24868492e+00,   9.62667528e+00,  -7.45693474e+00,  -5.72551713e+00,  -3.46650471e+01, 
              6.95659168e+00,   3.80773870e-01,   4.59292593e+00,  -8.01087426e-01,   2.67305433e+01, 
             -7.24344244e+00,   2.37733846e+01,   5.95394373e+00,  -5.81474185e-01,   8.88062934e+00, 
              1.39538252e+00,   2.90390360e+00,  -1.29335319e+00,  -1.16523120e+01,  -3.79350543e+00, 
             -2.96940586e+01,   5.57320430e+01,   3.12051933e+01,   1.33843194e+01,  -7.68904660e+00, 
             -1.21257182e+01,  -3.80691760e+01,  -1.95499029e+00,  -1.94219962e-01,  -4.14572632e+00, 
              3.55593346e+00,  -5.00028328e+00,  -9.87339769e+00,   1.63126008e+01,  -2.59254277e+01, 
             -2.57189524e+01,   7.69780538e+00,  -1.14134050e+00,   3.70653581e+01,   8.02892809e+00, 
              4.09299658e+01,   3.03545438e+01,   1.37898696e+00,   4.67179657e+00,   1.62819075e+00, 
              4.10534478e+00,   2.01188513e+00,   8.27713457e-01,   3.85445114e+01,  -8.96350403e+00, 
              3.47067268e+00,  -2.55035003e+00,   1.82403155e+01,  -2.96689096e+01,   5.42920644e+00, 
             -2.09685094e+01,   2.67308865e+01,  -2.93537136e+00,   1.18277969e+01,   7.38653844e+00, 
             -5.18397031e+00,  -8.07637824e+00,   1.43727160e+00,   1.41059469e+01,  -5.00930827e+00, 
             -5.72183998e+00,   6.96860996e-01,   2.10080196e+01,   1.57509731e+01,  -2.54034584e+01, 
              1.39367087e+01,  -3.59688305e+01,  -1.01428483e+00,   7.46367930e+00,  -3.98680894e+00, 
             -4.14685142e+00,   1.18200660e+01,  -4.42577761e+00,  -1.61299809e+01,   2.45116023e+01, 
             -5.10800830e+00,   8.34498274e+00,   1.02218940e+01,  -1.91285987e+00,   3.23856088e+00, 
              3.45004012e+01,  -2.24198642e+01,  -3.94229373e+00,   9.64062471e+00,   6.28446777e+00, 
              2.26400165e-01,   3.03851405e+00,   5.82185240e-02,  -2.98766252e+01,   6.83681827e+00, 
              5.74321164e+00,   7.89083911e+00,  -1.92074189e+01,  -2.19623032e+01,   1.32699884e+01, 
             -7.51296318e+00,   1.11931721e+01,  -5.30830954e-01,  -1.36411874e+01,  -3.44167531e+00, 
              2.59504637e+00,   1.56982180e+01,  -4.89575363e-01,   2.09923450e+01,  -1.83191500e+01, 
              3.87579093e+01,  -8.61046978e+01,  -2.60918876e+00,  -1.94471381e+01,   4.42043892e+01, 
             -2.54168275e+01,   2.46173852e+01,  -7.50697643e+00,  -1.52907667e+00,   4.73168457e+00, 
             -1.23687323e+01,   1.16324687e+00,  -3.18650468e+00,  -5.48092510e+00,   5.84982632e+00, 
              1.19771339e+01,   2.90787551e+01,   6.70822763e+00,   1.35876562e+01,   2.14685231e+01, 
              1.16248232e+01,  -1.03560372e+01,   1.98395557e+00,   9.28453535e+00,   9.98119215e+00, 
              7.90677792e-01,  -5.17253862e+00,  -2.09158740e+00,   4.21970529e+00,   1.16410814e+01, 
             -1.96312053e+01,  -3.29903009e+01,  -3.64435561e+00,   2.92144990e+01,   5.01231828e+01, 
             -2.88558284e+01,  -4.95621467e+00,   4.99431555e+00,   3.20289251e+00,  -2.11128854e+00, 
             -7.83720275e+00,  -3.50909043e+00,   5.56358912e+00,  -1.14802423e+01,   5.22473656e-02, 
              9.91635930e+00,   2.05921320e+01,  -1.84039857e+01,   3.13853707e+00,   4.96439652e+01, 
             -3.21003586e+01,  -1.44953876e+01,   3.91986653e+00,  -1.84598331e+00,   1.17825586e+01, 
             -5.05701247e+00,   7.62067174e+00,  -3.00097332e+00,   2.71565241e+01,   7.48196579e+00, 
             -1.15814318e+00,  -1.01001529e+01,  -5.17597320e+00,  -2.49216076e+01,   9.87659768e+00, 
             -9.80636020e+00,  -8.66845054e-01,  -3.66222386e+00,  -4.49599417e+00,   3.85680024e+00, 
             -6.00739161e+00,   4.99467094e+00,  -5.34474618e+00,  -4.29059766e+00,  -2.60264391e-01, 
             -2.55332104e+01,  -5.04621387e+00,  -3.37164831e+01,  -1.52412936e+01,  -1.08584110e+01, 
             -3.18885110e+01,  -1.60907142e+01,  -2.92148799e+00,  -5.36984511e+00,   9.50069906e+00, 
              7.72634474e+00,  -4.66173137e+00,  -6.14994838e-01,   1.33910159e+01,  -1.99988197e+01, 
              2.88259354e+01,   7.81817494e+00,   5.21075703e+01,   2.33634657e+01,   7.82368898e+00, 
             -1.34347408e+01,  -9.83580574e+00,   2.05233631e+00,   2.44692613e+00,   1.67333872e+00, 
              2.76269330e+00,  -5.30359266e+00,  -3.68887443e+00,  -4.49106227e+01,  -1.16373749e+01, 
              9.51918825e+00,   1.77719421e+01,   5.11019682e+00,  -1.60264021e+01,   2.51636508e+01, 
              4.31765975e+00,   1.26640137e+00,   6.04653255e+00,  -4.41809185e+00,  -2.65008002e+00, 
             -1.69033919e+00,  -6.15593032e+00,   7.72537367e+00,   9.54684843e-01,  -2.07304481e+01, 
             -3.74507734e+00,  -1.21614891e+01,   1.28313596e+01,   1.74183646e+01,   1.05643791e+01, 
             -1.02670476e+00,  -5.05362844e+01,  -2.68997893e+00,   1.52249852e+00,  -3.06588610e+00, 
             -6.60727343e+00,   4.34303659e+00,  -1.31043339e+01,  -9.82846256e+00,   2.13838584e+01, 
              1.01559289e+01,  -2.71660356e+01,   7.98277852e+00,   1.38801569e+01,  -6.23866533e+01, 
              1.30717968e+01,  -1.29816084e+01,  -2.79183569e+00,  -1.84107698e+01,  -8.98276118e+00, 
             -1.19098233e+00,  -6.69727249e+00,   2.06084317e+00,   1.63471261e+01,  -9.69774750e+00, 
              4.07495911e+01,  -1.68169733e+00,   4.21685297e+00,  -3.17324436e+01,   2.67519149e+01, 
              1.13560521e+01,  -1.60876804e+01,  -3.94940893e+00,  -3.95193253e-01,   3.69119173e+00, 
             -1.12372958e+01,  -6.59797403e+00,   1.95398491e+00,   1.24427479e+00,  -1.08367374e+01, 
              4.25635967e+00,   1.46970480e+01,   2.09343652e+01,   5.29627623e-01,   7.14316997e+00, 
             -3.72492848e+01,   8.40196743e+00,   4.29806250e+00,   2.10299141e+00,   1.40796692e+01, 
             -2.02583474e+00,  -7.47326661e+00,  -1.24751097e+00,   6.77433430e+00,  -4.40533681e+00, 
             -4.44995473e+01,  -9.41987659e+00,   7.71726735e+00,  -3.53362151e+00,  -7.71862646e+00, 
              1.64470986e+01,  -3.91965596e+01,   1.16146960e+01,  -4.25508910e+00,  -9.09445731e+00, 
              1.70113976e+00,  -1.34770573e+01,  -3.35389281e+00,   3.96197895e+00,  -1.74678273e+01, 
             -8.40595268e+00,   1.43101557e+01,   1.05636703e+01,  -9.39006542e+00,  -2.50333107e+01, 
              7.95353490e+00,  -3.02919700e+01,   9.67867092e-01,   4.22096486e+00,  -4.92610782e+00, 
              3.75209719e+00,  -4.62773423e+00,  -8.27438090e+00,   1.41340159e+01,   2.82037766e+01, 
             -4.55900897e+01,   1.05476058e+01,  -5.02138138e+01,  -1.32377509e+00,   8.80085354e+00, 
             -9.12640892e+00,   1.71261814e+01,   2.44975363e+00,   2.57578458e+00,  -1.54046676e+01, 
              2.62088246e+00,  -6.74989398e+00,  -2.16257441e+00,  -7.12533608e+00,  -6.58335344e+00, 
              2.29880097e+01,  -4.83049044e+01,  -3.74742473e+01,  -3.23535623e+01,  -3.27861336e+01, 
             -1.23367278e+01,   2.15700743e+01,  -2.60219612e+00,   4.52890399e+00,   5.51476179e+00, 
              9.62175033e+00,   3.71663620e+00,  -1.03598731e+01,  -3.14257137e+01,   1.55304612e+01, 
              2.12094905e+01,  -2.33367408e+01,  -2.10116807e+01,   5.51594364e+00,  -3.24839554e+01, 
             -1.36926238e-01,   4.00959804e+01,   2.50257683e+00,  -4.93139203e+00,  -2.07035416e+00, 
             -1.79977278e+00,   4.13067470e+00,   9.16054393e-01,   2.84848094e+00,  -1.26464024e+01, 
             -5.14292208e+00,   1.20462223e+01,   2.61508268e+00,  -3.24643067e+01,   2.51530499e+01, 
              1.05035427e+01,   2.26283351e+00,  -3.21324421e+00,   4.47503114e+00,   8.41860288e+00, 
             -2.98434766e-01,   1.42638981e+00,   3.05470610e+00,   3.48845496e+00,  -3.12511049e+00, 
             -9.46368184e+00,   4.91000448e+00,   2.66706593e+01,   3.84373988e+01,  -4.56783379e+01, 
              3.12971785e+00,   2.20143552e+01,   1.23003987e+01,  -7.59325691e+00,   2.37000188e+00, 
              1.29764171e+01,   1.15581732e+00,   3.12543447e+00,  -9.41979778e+00,  -2.65313998e+00, 
              2.42047665e-01,   1.81270805e+01,  -2.60649522e+01,   4.55377961e-01,   1.26691075e+01, 
              2.54886583e+01,   2.34303000e+01,   2.77192722e+00,  -2.12365961e+00,   3.47628787e+00, 
              4.02051236e-01,  -4.08788497e+00,  -2.99537301e-01,   2.77064169e+01,  -2.07842307e+01, 
              2.21060416e+01,   4.72363270e+00,   1.58019321e+01,  -1.93784453e+01,  -2.80340631e+00, 
             -4.55651537e+01,   4.74997687e+00,   3.44947399e+00,   7.71316876e+00,  -1.04659395e+01, 
              1.33155319e+00,   1.59400385e+00,  -4.53247837e-01,   5.31152363e+00,  -1.24530576e+01, 
             -2.07661861e+01,  -2.46605146e+01,   4.18508286e+01,  -3.79546479e+01,   2.38019812e+01, 
             -4.58401998e+00,  -1.01045586e+01,  -6.72269679e+00,   8.35484748e+00,   4.28618038e+00, 
              2.62350361e+00,  -2.04794701e+00,  -1.11167077e+00,   1.13317273e+01,   1.17301536e-01, 
             -3.90012207e+00,   1.89072612e+01,  -2.14980665e+01,   3.84664554e+01,  -5.44911549e+00, 
             -2.79104864e+01,  -5.46078962e+00,  -3.58407102e+00,   3.02508104e-01,  -3.10758350e+00, 
              1.28171106e+00,  -1.50773075e+00,  -2.31086130e+00,   1.27528148e+01,   3.50387218e+01, 
             -4.51802435e+01,  -1.11597610e+01,  -6.37678467e+00,  -7.73579932e+01,  -4.72744209e+00, 
             -3.95521064e+00,  -3.31059888e+00,  -6.09288484e+00,   2.36334545e-01,  -7.51383084e-01, 
              1.79086936e+01,   2.42140146e+00,   4.32131980e+00,   1.68317818e+01,   3.58232990e+01, 
             -3.51384096e+00,  -1.04875199e+01,   2.49883628e+01,   2.62906778e+00,  -4.58825048e+01, 
              1.40035329e+00,   7.04089803e+00,  -2.31558396e+00,  -2.55094063e+00,  -2.26439036e-01, 
              1.12717198e+01,  -5.64365814e+00,   1.08701670e-01,  -3.39398709e+01,  -3.84781651e-02, 
              3.09875099e-01,   1.41164008e+01,  -3.34099313e+01,   1.40021158e+01,   2.43882479e+01, 
             -1.57680639e+00,   9.50565624e+00,   4.38821906e+00,  -1.18432823e+01,  -7.34656405e+00, 
             -2.02593702e+00,  -7.27310224e+00,  -1.86871805e+00,   3.72784476e+01,  -4.11870672e+01, 
              1.66970260e+00,  -2.28866016e+01,  -4.11438052e+00,  -1.94494134e+01,   2.38664281e+01, 
              3.29293369e+01,   4.59822262e+00,   1.10848047e+01,   4.55370746e+00,  -1.50377966e+01, 
             -1.07810094e+00,  -7.27046304e+00,  -3.94338681e+00,  -3.65613305e+01,  -3.80069815e+00, 
              1.34463652e+01,  -9.55110855e+00,  -2.72610855e+01,   1.29335558e+01,  -2.30144049e+01, 
             -1.29799111e+01,   5.72431327e+00,   6.10121104e-01,   6.97265827e+00,   2.85263318e+00, 
              1.13234540e+01,  -1.09604315e+01,  -7.07145505e+00,   1.54084891e+01,  -6.77752789e+00, 
              1.15955447e+01,  -4.36407497e+01,  -1.84942795e+01,   5.06672276e+00,   7.92339279e+00, 
              1.69081664e+01,   3.06645581e+01,   8.55822563e-01,   7.32207586e+00,  -2.91150140e+00, 
             -5.64680986e+00,   3.67091491e+00,  -5.47421792e+00,   1.45630572e+01,   2.14483215e+01, 
              7.93039926e+00,  -2.71809850e+00,  -7.18652933e+01,  -6.15775400e+00,  -4.38095853e+01, 
             -5.10818821e-01,  -1.55925354e+01,   2.12511328e+00,  -6.02913409e+00,   4.46127116e+00, 
              5.64863631e+00,   1.16920505e+01,   3.96573227e+00,  -6.64751414e+00,   7.94519098e+00, 
             -3.42542484e+01,   1.13267977e-01,  -2.20318067e+01,   2.56100604e+00,   2.76062254e+01, 
              2.14704491e+01,  -3.75252035e+01,   8.69013585e-02,  -8.77109481e+00,   5.52744927e+00, 
              6.22476014e+00,   1.28190231e+01,  -2.06456139e+00,  -1.66386335e+01,   3.56239952e+00, 
              9.66977123e+00,  -3.79571159e+00,   2.90926035e+01,   6.32937134e+00,  -1.15517136e+01, 
              1.23485419e+01,  -3.34216311e+01,  -3.32398451e+00,   2.93217990e+00,   2.18684372e+00, 
             -1.21185860e+00,   3.98046468e+00,   1.34740678e+00,  -2.32955228e+01,  -4.73506928e+00, 
              9.33175467e+00,  -3.99187333e+01,  -1.40981474e+01,   1.08632553e+00,   1.12831716e+01, 
             -1.86311182e+01,   3.27245810e+00,  -3.55032770e+00,  -1.20318616e+00,  -4.39715424e-01, 
              6.74007494e+00,   6.99126009e+00,   4.62302814e+00,   2.90331668e-01,   1.75114541e+01, 
             -2.54699710e+01,  -2.15316408e+01,   1.39639179e+01,  -7.18756590e+00,  -1.57467903e+00, 
              2.39719827e+01,  -2.33104929e+01,   4.39181185e+00,   4.75649789e+00,   9.78417086e+00, 
              2.78788879e-01,  -8.52701127e+00,   6.26283678e+00,  -1.51283007e+01,  -3.79142673e+00, 
             -8.25449415e+00,   7.65822766e+00,   4.37795794e+01,  -1.28066307e+01,  -5.52774311e+01, 
              2.77584724e+01,   3.56797287e+01,   2.23407813e+00,  -9.74007744e-01,   5.93168589e+00, 
              6.96249441e+00,  -3.26712718e+00,  -7.52641652e+00,   1.59628614e+01,  -1.11797049e+01, 
             -2.84818934e+01,  -2.19682945e-04,   4.60025879e+01,  -2.62866015e+00,   1.12011025e+01, 
             -2.15864804e+01,   7.12267079e+01,  -2.39654896e+00,  -2.06243672e+00,  -7.72300667e+00, 
              2.91385191e+00,  -3.99153495e+00,   5.79226438e+00,  -1.83289450e+01,  -2.96266935e+01, 
              3.52849907e+01,  -3.54290057e-01,  -1.14131553e+01,   5.49895374e+01,  -2.80277518e+01, 
             -2.63599054e+01,  -1.46468551e+01,  -1.25452313e+00,   1.26945472e+01,   5.95876480e+00, 
              5.26734383e-01,   5.21512079e+00,   5.69214424e+00,   1.28501530e+01,  -3.47104581e+00, 
              1.73470354e+01,   6.44149097e+00,   1.99628789e+01,   2.14044944e+01,   2.90807275e+01, 
              5.30939663e+00,   6.84426394e+00,   5.83986644e+00,  -9.54328828e+00,   1.31314226e+00, 
             -1.94417645e+01,  -8.41373893e+00,   1.73060009e-01,   2.54617834e+00,   4.36222136e+01, 
              1.36601938e+00,  -9.09600627e+00,  -1.59241834e+01,   1.37044031e+01,   1.50256307e+01, 
              6.32125697e+01,  -1.49912967e+01,   3.81093865e+00,   5.14255949e+00,  -2.81065572e+00, 
             -7.29104214e+00,  -1.81792443e+00,  -2.76620352e+00,  -3.25532780e+01,   1.58014490e+01, 
             -4.63989318e+00,   1.79988266e+01,  -4.19152037e+01,   5.00280216e+00,   1.34270719e+01, 
             -2.00327907e+00,   8.91757359e+00,  -5.70157974e+00,  -2.93767167e+00,   1.45629136e+00, 
              5.02319922e+00,   1.18084615e+00,   5.84947176e+00,  -2.00507041e+01,   3.86373223e+00, 
              2.51792995e+01,  -1.91357181e+01,   4.16191278e+01,   3.06201582e+01,   2.00256454e+01, 
             -6.08239491e-01,  -1.91915918e+01,  -7.22556042e+00,  -6.55388406e+00,   4.29972041e+00, 
              1.07720579e+00,   5.67265524e-01,  -2.73778634e-01,   1.44355572e+01,   3.38188471e+00, 
              1.90355592e+01,  -1.40516109e+01,  -5.52246159e+01,   2.07553947e+01,   6.23407041e+01, 
              2.97155687e+01,  -1.51808538e+01,   3.64301559e+00,   8.27357738e+00,  -1.38669591e+00 ]
         </p>
         <m shape='(10)'>
          [   1.83736223e+03,   2.18941669e+04,   2.91651223e+04,   2.91651223e+04,   1.83736223e+03, 
              1.83736223e+03,   2.18941669e+04,   2.91651223e+04,   2.91651223e+04,   1.83736223e+03 ]
         </m>
         <names shape='(10)'>
          [ H, C, O, O, H, 
            H, C, O, O, H ]
         </names>
      </beads>
      <cell shape='(3, 3)'>
       [   5.66917830e+01,   0.00000000e+00,   0.00000000e+00,   0.00000000e+00,   5.66917830e+01, 
           0.00000000e+00,   0.00000000e+00,   0.00000000e+00,   5.66917830e+01 ]
      </cell>
   </system>
</simulation>
