<!--
 Unable to retrieve Git information.

 Simulation information:
           Machine Name: 7044ab849100
      Working Directory: /workspace
          Date and Time: 2026-06-01 01:21:38
-->
<simulation>
   <prng>
      <seed>1780276813483</seed>
      <state>[{"bit_generator": "MT19937", "state": {"key": [3918789546, 3999107832, 3335600875, 2591153738, 3172187575, 3565988728, 155556625, 1667410289, 906432494, 2073787219, 2218703950, 1338221330, 3071390010, 3617299325, 196582949, 2823922495, 2656559501, 1017240880, 236000875, 2304572012, 522262650, 3935531591, 2289770630, 1841633686, 3659802026, 2689614831, 3290304921, 151475380, 1973080513, 1702851632, 3592346299, 1782522183, 3215216556, 3754486998, 3539868837, 766664413, 2700589699, 949347740, 384877989, 1948934690, 88717741, 2105643445, 3343157259, 671645526, 156779913, 38961904, 304388888, 2654680891, 361364555, 3907175933, 13658324, 3494685410, 1668226515, 2717856771, 2661519737, 3209595507, 1611665118, 3976058305, 3685433920, 448646202, 2691236032, 3607798562, 1258978385, 702374151, 581178914, 3883231695, 166526781, 2738491200, 1093920484, 2373777854, 2922829379, 3133410558, 474548666, 2353262554, 1441901944, 722080874, 374225518, 1061334189, 2759643948, 2743447497, 3106963920, 3657240826, 4240272348, 684055656, 1131301515, 235653528, 78026405, 3155490094, 3170432930, 1875953761, 1282884275, 3548621075, 1644029889, 2773350531, 3847631453, 252788586, 2884917515, 2455721572, 3005660531, 1332195035, 4143307509, 3303854542, 54658787, 214073941, 115583548, 3032928513, 862340861, 910100672, 2769076046, 2283819843, 637730980, 3438279555, 924662545, 1934164826, 735760076, 174893141, 3856150931, 4074378969, 4268804884, 3132471443, 3718705482, 3920854164, 2200961642, 1423049199, 3575319717, 3083235359, 2355917000, 103061865, 33483788, 2749061007, 1859778738, 2057893544, 302004545, 3573699984, 1198645861, 3317998419, 2200908573, 399742659, 3711378213, 869855399, 2920980629, 133072227, 1078292538, 3473614057, 1652979660, 2339028644, 3823202760, 1593799836, 2175580010, 196426694, 264035003, 454866062, 693270009, 1934720980, 2530943370, 2230449305, 3616555483, 912634708, 119372265, 2565035118, 2974275940, 1055424508, 3896162378, 1573047766, 579260888, 3128470818, 2938837266, 776419393, 1989441898, 1557155956, 3586745128, 1799380662, 2723791851, 1189385724, 2151310250, 2172807318, 1930739690, 2785067483, 2647215542, 2043089556, 75800112, 2075510370, 2150594896, 3776146761, 1833462356, 3901363264, 3124637341, 3760728929, 1823593434, 2701072238, 1460123641, 4014710373, 1359510701, 2277568891, 432955493, 2384711227, 384130549, 3757574228, 3544523474, 1455602870, 2659113111, 3858644658, 3209439476, 2659000393, 712984471, 3219738722, 3129049972, 3800777845, 2768620603, 3077173284, 1063913048, 129323644, 2256298140, 1868802083, 2329423522, 1109843036, 1650881721, 607414879, 807218387, 3481092929, 1104306426, 3329789645, 74061664, 3675588383, 4008698327, 541603932, 1077060441, 1308404235, 1379779844, 2177864270, 1689079073, 2013569083, 571262083, 3449988798, 2490616511, 1514983530, 657846452, 295062380, 40129512, 643672793, 115498262, 893101746, 986458807, 3150644427, 3960738764, 3427931180, 2733925818, 613601251, 144394349, 2631903655, 3830824573, 2015957443, 3907467231, 4152188752, 1189495924, 2156033280, 549970791, 3266907817, 921734210, 2642177174, 965524196, 3406863330, 497961186, 3516724411, 3898104422, 1494352449, 2957710163, 2682406824, 1706523405, 3012778135, 1233400226, 1852278062, 253407395, 3422966098, 2906664151, 4280933359, 397627236, 3048448403, 2951501837, 1269941072, 640782558, 1752167842, 2368574897, 1595137173, 422442602, 2996414447, 2992341487, 3585263419, 3644805781, 2263269203, 2026893716, 1987485810, 132004040, 57676696, 1204670404, 3795047636, 2165353957, 173144319, 616981483, 1566559687, 928781918, 3561595683, 2245235027, 1375595907, 251549789, 266417287, 3835617577, 223621835, 2691392879, 1527916860, 2452795295, 50915713, 4015279254, 2865777438, 429677665, 1299301044, 2688504262, 362420656, 380438228, 3992615646, 319566468, 3740579189, 835006259, 3922680276, 162578578, 2412363406, 1248761823, 1636298882, 575525896, 1283989752, 753955112, 3523238340, 1722563150, 262076228, 2578053777, 265324547, 2229052605, 494299171, 972502427, 2342618099, 1836362625, 671020295, 1742955392, 408377514, 1705759064, 3449332758, 809510885, 592280964, 3374472840, 2528028705, 1574916359, 3130650522, 736860604, 910123422, 2022072113, 1449451001, 816706563, 1452282876, 1793591309, 1783430971, 3255597882, 1399493771, 933415048, 98782216, 1443972303, 773490245, 3364721999, 2604589396, 3311514850, 2864302254, 3214100005, 3285922576, 457436775, 2350759255, 3003273035, 4279106102, 3043677220, 3676841018, 4027921337, 1675392105, 1104465233, 1114908815, 1571912010, 3383997981, 629632964, 832487974, 3919845939, 874988526, 627811571, 3423347887, 1328968956, 1885863899, 464171370, 578108836, 1702213328, 3095159526, 285724170, 1164578673, 3333410839, 3185623169, 1732193211, 3789763523, 808672637, 1481958684, 2759808870, 3103647948, 1379943961, 3736043719, 2482456338, 722443788, 2225111574, 1341561655, 2516708462, 3550935756, 110475989, 2779380124, 503123782, 1245885639, 1112594942, 3310663284, 3566064734, 3539807073, 4077027713, 4041337763, 1836310812, 2250444559, 3165450589, 1859249441, 2211571556, 3636231089, 319891275, 1120138608, 103896419, 1019859134, 980891122, 376714572, 3071966871, 2291623469, 745636765, 3076946287, 4243582566, 107024947, 4180078533, 3395837505, 2471732845, 811637075, 978454358, 1973763758, 1376629059, 2440075107, 2931295418, 68338521, 3064442913, 3289901696, 1801718856, 2014911980, 3427735286, 4228245287, 137728124, 3836015081, 2534749656, 3719740901, 1317812211, 692711807, 588490825, 3621984289, 3660463589, 2742379088, 1558749812, 4215514710, 611092675, 1566112271, 2871799325, 1820313364, 827866478, 178714087, 1099721173, 1173488956, 577506295, 1848632749, 2305804548, 3221739711, 2114184579, 1826340748, 1816324268, 3535944906, 585143832, 2212580836, 805647977, 2361726663, 3453147560, 2769109254, 2380364347, 2292736148, 4211636801, 392406829, 3847663299, 2412488155, 4006160151, 1732588628, 1993987517, 3982685911, 3825226070, 2810921099, 634700515, 4047573920, 3128047890, 1340826772, 2854974628, 119244726, 467059584, 4023021275, 309086962, 1086245677, 4008815213, 4034523820, 690799266, 1394457682, 3245498381, 1086826694, 1110259211, 1041291429, 160806092, 4073922153, 3682446341, 3267715330, 3164068163, 1829544971, 2833381157, 1840184052, 3117801170, 457102209, 1481465955, 3572260314, 2444763315, 3990555532, 3924925078, 462813291, 1439277483, 2641799243, 4233949834, 2958317699, 922416189, 1043727066, 3467977303, 3387821966, 2007042957, 2525477040, 2116833950, 1613599813, 1042223493, 2426740806, 435830167, 1050730018, 3318979561, 4025721819, 4051337315, 2464349402, 996563144, 904412672, 942073619, 1611841932, 2454189055, 2566560253, 1259527445, 2239074434, 3778129102, 1438338158, 2524610877, 2587763252, 3784610636, 1466375146, 4210901469, 4264744176, 3842542169, 1542810454, 4144771376, 593202487, 3491811645, 3420469656, 3612679820, 2843156933, 3716509785, 3343898604, 3014987125, 956726097, 65039634, 2137133508, 2157042748, 2872299796, 3529283528, 3786003168, 4048112718, 1564411771, 2525106041, 1052875840, 393644158, 1758397361, 2545167415, 3057625184, 749186875, 1737781372, 218592782, 1900605606, 1620050535, 3238208040, 3573517412, 3296013609, 4217196987, 503706380, 846306922, 1525214043, 1150644568, 845631581, 79595192, 4104615371, 3187426448, 1485073221, 1750401576, 3811436314, 284844137, 449497921, 3120192781, 1708012511], "pos": 539}}]</state>
   </prng>
   <output prefix='ipi_out'>
      <properties shape='(4)' filename='md' stride='10'> [ step, time{picosecond}, potential{electronvolt}, temperature{kelvin} ] </properties>
      <trajectory filename='pos' stride='100' cell_units='angstrom' bead='0'>positions{angstrom}</trajectory>
   </output>
   <step>400</step>
   <total_steps>400</total_steps>
   <ffsocket mode='unix' name='physnet-ff'>
      <address>physnet</address>
      <slots>32</slots>
      <timeout>  5.00000000e+00</timeout>
   </ffsocket>
   <ffplumed name='plumed-bias'>
      <file units='angstrom' mode='xyz'>init_fad.xyz</file>
      <plumed_dat>plumed_fad_wtmetad.dat</plumed_dat>
      <plumed_step>12832</plumed_step>
   </ffplumed>
   <system>
      <forces>
         <force name='physnet-ff' forcefield='physnet-ff'>
         </force>
         <force name='plumed-bias' forcefield='plumed-bias'>
         </force>
      </forces>
      <ensemble>
         <temperature>  6.33363040e-04</temperature>
         <eens>  3.65978071e-02</eens>
         <hamiltonian_weights shape='(2)'> [   1.00000000e+00,   1.00000000e+00 ] </hamiltonian_weights>
         <time>  8.26827460e+03</time>
      </ensemble>
      <motion mode='dynamics'>
         <dynamics mode='nvt'>
            <thermostat mode='pile_l'>
               <ethermo> -7.08682137e+00</ethermo>
               <tau>  2.06706865e+04</tau>
            </thermostat>
            <timestep>  2.06706865e+01</timestep>
            <nmts shape='(1)'> [ 1 ] </nmts>
         </dynamics>
      </motion>
      <beads natoms='10' nbeads='32'>
         <q shape='(32, 30)'>
          [   4.09079462e+00,  -1.25402780e-01,   4.18980338e-01,  -1.07591695e+00,   2.42510508e+00, 
              3.28627135e-01,  -4.76556458e-02,   4.60760479e+00,  -1.52762356e-01,   1.96077243e-01, 
              3.84438995e-01,   3.50732425e-01,  -3.03199662e+00,   2.51711987e+00,   3.81123028e-01, 
              1.92277439e+00,   4.33592810e+00,  -5.03100191e-01,   6.70745830e+00,   1.86943564e+00, 
             -2.87575453e-01,   5.83091707e+00,  -2.14720977e-01,   5.97538763e-01,   5.43238887e+00, 
              3.61390079e+00,  -8.82538444e-01,   8.96042403e+00,   2.02802403e+00,  -6.47765545e-02, 
              4.01715467e+00,  -2.84475778e-01,   4.34432858e-01,  -1.05674307e+00,   2.38579149e+00, 
              2.87520764e-01,  -5.32683041e-02,   4.55212873e+00,  -2.11557043e-01,   1.61292134e-01, 
              3.60330657e-01,   3.05352921e-01,  -3.06965174e+00,   2.46964069e+00,   2.28969907e-01, 
              1.80173848e+00,   4.29153104e+00,  -4.06414523e-01,   6.72870048e+00,   1.86177607e+00, 
             -2.65233070e-01,   5.86705732e+00,  -2.62124939e-01,   5.94104200e-01,   5.40209879e+00, 
              3.60002309e+00,  -9.07917656e-01,   8.84371653e+00,   2.12684762e+00,  -1.40397088e-01, 
              4.07538166e+00,  -3.15397732e-01,   5.62722753e-01,  -1.01018049e+00,   2.34419100e+00, 
              2.43323644e-01,  -7.02243972e-02,   4.56860901e+00,  -2.15855957e-01,   1.38286401e-01, 
              3.92208885e-01,   2.91898377e-01,  -2.93052464e+00,   2.43797124e+00,   2.62985095e-01, 
              1.83185871e+00,   4.30580332e+00,  -4.06034995e-01,   6.73985495e+00,   1.81759521e+00, 
             -2.84197848e-01,   5.89363900e+00,  -2.38709928e-01,   5.74753900e-01,   5.33150709e+00, 
              3.56637103e+00,  -9.27075283e-01,   8.72191775e+00,   2.09939554e+00,   6.20587946e-02, 
              4.04875175e+00,  -3.62705001e-01,   6.37068766e-01,  -1.03808656e+00,   2.34112153e+00, 
              2.42624913e-01,  -1.03762459e-01,   4.55807794e+00,  -1.07425907e-01,   1.79577026e-01, 
              3.66715262e-01,   3.47865592e-01,  -3.01748074e+00,   2.48862980e+00,   5.57253322e-01, 
              1.68117105e+00,   4.25193659e+00,  -5.45577705e-01,   6.76212470e+00,   1.81395173e+00, 
             -2.57106668e-01,   5.90160989e+00,  -2.49610829e-01,   6.42066425e-01,   5.40399956e+00, 
              3.62532154e+00,  -9.26883409e-01,   8.65881219e+00,   2.00738093e+00,   1.07611389e-01, 
              4.01623725e+00,  -3.68479213e-01,   8.59109327e-01,  -1.02909084e+00,   2.30640160e+00, 
              2.36526631e-01,  -9.97227319e-02,   4.60989792e+00,  -1.58211235e-01,   1.73538549e-01, 
              3.95159690e-01,   3.89695759e-01,  -3.14773719e+00,   2.55347434e+00,   5.95715696e-01, 
              1.71872271e+00,   4.48489784e+00,  -3.73095704e-01,   6.71644513e+00,   1.77442468e+00, 
             -3.22963035e-01,   5.98229716e+00,  -2.95436445e-01,   6.58674204e-01,   5.43930071e+00, 
              3.65930719e+00,  -9.74851864e-01,   8.89765983e+00,   2.30385836e+00,  -1.53492123e-01, 
              4.27349972e+00,  -4.23920029e-01,   8.19216362e-01,  -1.07888532e+00,   2.32856183e+00, 
              1.90240243e-01,  -1.30271154e-01,   4.59515664e+00,  -2.03838408e-01,   1.39294742e-01, 
              3.72069373e-01,   3.85309913e-01,  -3.13404219e+00,   2.49685637e+00,   5.88903500e-01, 
              1.86795152e+00,   4.48349382e+00,  -4.95398972e-01,   6.67689544e+00,   1.77192948e+00, 
             -2.78631353e-01,   6.01990616e+00,  -3.33621864e-01,   6.20918675e-01,   5.38132202e+00, 
              3.68805057e+00,  -9.99477855e-01,   8.84591557e+00,   2.25082373e+00,   9.57805562e-02, 
              4.29278854e+00,  -2.65179982e-01,   9.14371731e-01,  -1.11004288e+00,   2.33713315e+00, 
              1.84535412e-01,  -1.06396697e-01,   4.62177016e+00,  -2.44867695e-01,   1.18294226e-01, 
              3.66993241e-01,   4.13994146e-01,  -2.93144435e+00,   2.57339233e+00,   3.53066259e-01, 
              1.65334242e+00,   4.54873064e+00,  -6.88149203e-01,   6.68385748e+00,   1.72804474e+00, 
             -2.56129754e-01,   6.03360930e+00,  -3.06942438e-01,   6.74968412e-01,   5.41627247e+00, 
              3.64233239e+00,  -1.04403876e+00,   8.63089685e+00,   2.29371839e+00,   1.52277760e-01, 
              4.26830244e+00,  -1.70760091e-01,   9.53490873e-01,  -9.69818860e-01,   2.34965433e+00, 
              2.13543599e-01,  -8.41956784e-02,   4.60031780e+00,  -3.12794602e-01,   1.36915595e-01, 
              4.19334531e-01,   4.11096049e-01,  -2.85973188e+00,   2.66481471e+00,   2.38393687e-01, 
              1.81029514e+00,   4.50359221e+00,  -6.10055958e-01,   6.68278500e+00,   1.81471178e+00, 
             -1.83803920e-01,   5.99347398e+00,  -2.81341773e-01,   7.21969477e-01,   5.54196104e+00, 
              3.62176744e+00,  -1.12897120e+00,   8.66884650e+00,   2.43533032e+00,   1.13671915e-01, 
              4.25549818e+00,  -4.00670294e-01,   1.10519288e+00,  -9.88361504e-01,   2.29790123e+00, 
              2.55363570e-01,  -1.49954625e-01,   4.63755626e+00,  -3.04170229e-01,   1.87374926e-01, 
              4.41473891e-01,   4.32545787e-01,  -2.99343926e+00,   2.87115694e+00,   2.01461726e-01, 
              1.81378107e+00,   4.47668410e+00,  -6.11000559e-01,   6.70211339e+00,   1.87056244e+00, 
             -1.41527372e-01,   5.97342905e+00,  -3.04128009e-01,   6.49765906e-01,   5.52470181e+00, 
              3.65759858e+00,  -1.03618559e+00,   8.71727140e+00,   2.30798580e+00,   7.81044039e-02, 
              4.23122450e+00,  -2.06232238e-01,   9.93917191e-01,  -1.02295486e+00,   2.34441754e+00, 
              2.33205662e-01,  -1.55465596e-01,   4.66479200e+00,  -2.45164539e-01,   1.92961422e-01, 
              4.24290791e-01,   4.67893622e-01,  -3.18001214e+00,   2.77834669e+00,   4.15075324e-01, 
              1.77957153e+00,   4.90697094e+00,  -4.76379490e-01,   6.68849340e+00,   1.94345076e+00, 
             -1.03808858e-01,   6.01359893e+00,  -2.63548579e-01,   6.47166151e-01,   5.48048155e+00, 
              3.65923868e+00,  -1.07756886e+00,   8.83895955e+00,   2.15293732e+00,   1.79539366e-01, 
              4.18029638e+00,  -3.05652162e-01,   1.00574977e+00,  -9.54089230e-01,   2.36109857e+00, 
              3.00038267e-01,  -1.52598192e-01,   4.74664537e+00,  -2.59386662e-01,   2.20984342e-01, 
              4.42091079e-01,   5.67220822e-01,  -3.22618970e+00,   2.51222218e+00,   4.17932555e-02, 
              1.62847846e+00,   4.53977526e+00,  -4.93644075e-01,   6.67252196e+00,   1.96602409e+00, 
             -8.50109865e-02,   5.98830723e+00,  -2.00066152e-01,   6.54723998e-01,   5.45635965e+00, 
              3.68931744e+00,  -1.04043965e+00,   8.94463699e+00,   2.23344545e+00,   1.24670072e-01, 
              4.26909148e+00,  -3.91300364e-01,   7.97657928e-01,  -9.62162394e-01,   2.39820141e+00, 
              2.09296404e-01,  -1.81686836e-01,   4.71799997e+00,  -2.59948843e-01,   2.35309049e-01, 
              4.55387031e-01,   5.94746357e-01,  -3.29527213e+00,   2.34959447e+00,   4.27478564e-02, 
              1.48951390e+00,   4.33308611e+00,  -6.03545502e-01,   6.66875012e+00,   1.96755885e+00, 
             -1.03187941e-01,   5.95781648e+00,  -1.12183406e-01,   7.18373775e-01,   5.41591085e+00, 
              3.66460354e+00,  -1.11907851e+00,   8.89679180e+00,   2.24856745e+00,   7.08910471e-02, 
              4.14616513e+00,  -2.52499231e-01,   7.54243798e-01,  -1.00306611e+00,   2.35872872e+00, 
              1.67180694e-01,  -1.71643514e-01,   4.77704768e+00,  -2.86408205e-01,   2.74003436e-01, 
              4.48518328e-01,   6.23150741e-01,  -3.14795542e+00,   2.34784692e+00,  -9.99291970e-02, 
              1.63559585e+00,   4.38433436e+00,  -3.97470334e-01,   6.65088694e+00,   1.99697735e+00, 
             -1.06816839e-01,   5.98118360e+00,  -1.20636171e-01,   7.20905165e-01,   5.44090173e+00, 
              3.65979666e+00,  -1.09762149e+00,   8.89700216e+00,   2.16416130e+00,   9.08543900e-02, 
              3.96896771e+00,  -8.10364628e-02,   6.14245755e-01,  -9.86504940e-01,   2.24331317e+00, 
              2.35065641e-01,  -2.60945993e-01,   4.78489250e+00,  -2.59198412e-01,   2.43430931e-01, 
              4.08976923e-01,   5.64625370e-01,  -3.06785812e+00,   2.28489160e+00,   8.24260389e-02, 
              1.68344269e+00,   4.33949194e+00,  -4.85040618e-01,   6.54489973e+00,   1.97870804e+00, 
             -9.45925868e-02,   5.99611997e+00,  -1.60560799e-01,   7.19647746e-01,   5.47178062e+00, 
              3.67720706e+00,  -1.08126106e+00,   8.81145426e+00,   2.15939643e+00,   1.72453079e-01, 
              4.31202898e+00,  -6.09374958e-02,   4.57152138e-01,  -9.90845314e-01,   2.24431859e+00, 
              1.83125240e-01,  -2.11457153e-01,   4.72259969e+00,  -2.55222530e-01,   1.92208830e-01, 
              3.85911320e-01,   5.97747212e-01,  -3.15099669e+00,   2.26429121e+00,   3.87775827e-01, 
              1.63208437e+00,   4.26345938e+00,  -5.24574598e-01,   6.60101999e+00,   1.89937381e+00, 
             -3.23356265e-02,   6.00482343e+00,  -1.94343349e-01,   7.57313704e-01,   5.49048071e+00, 
              3.68289647e+00,  -1.05863561e+00,   9.02510902e+00,   2.05986558e+00,   2.70691725e-01, 
              4.18837689e+00,  -6.31885883e-02,   3.65612116e-01,  -1.03995574e+00,   2.25719481e+00, 
              2.16940736e-01,  -2.28498822e-01,   4.72521829e+00,  -2.39914749e-01,   1.85668750e-01, 
              3.92509078e-01,   6.44896622e-01,  -3.11518592e+00,   1.91915756e+00,   3.09916484e-01, 
              1.44492467e+00,   4.26780566e+00,  -5.02726722e-01,   6.64665313e+00,   1.94802013e+00, 
             -2.81008212e-02,   5.99562458e+00,  -1.89390652e-01,   8.01763832e-01,   5.36030371e+00, 
              3.61253035e+00,  -1.02789940e+00,   8.95107410e+00,   1.92342410e+00,   1.38751354e-01, 
              3.93889287e+00,   5.48766037e-02,   7.85515851e-01,  -1.04937771e+00,   2.31850936e+00, 
              2.14895812e-01,  -1.55629130e-01,   4.73166687e+00,  -2.53826276e-01,   1.67018953e-01, 
              4.06409220e-01,   6.29485457e-01,  -3.25982849e+00,   2.11966080e+00,   4.14387743e-01, 
              1.47851033e+00,   4.04273548e+00,  -4.84579150e-01,   6.60520990e+00,   1.94977889e+00, 
             -2.91813605e-02,   6.00704128e+00,  -1.39183985e-01,   7.45674979e-01,   5.32749663e+00, 
              3.60617212e+00,  -1.09042030e+00,   8.90256652e+00,   1.84988813e+00,  -1.67434117e-01, 
              3.92645092e+00,   1.27504983e-01,   8.40807527e-01,  -9.94337872e-01,   2.32310431e+00, 
              2.58283920e-01,  -1.76358640e-01,   4.67821383e+00,  -2.45548854e-01,   1.33227639e-01, 
              4.18359223e-01,   5.90024415e-01,  -3.44334388e+00,   2.13568196e+00,   5.67313704e-01, 
              1.55925383e+00,   4.07966289e+00,  -3.57710105e-01,   6.65849728e+00,   1.95891603e+00, 
             -6.71912654e-02,   5.98793393e+00,  -1.45887259e-01,   7.28473994e-01,   5.26377349e+00, 
              3.61266092e+00,  -1.03229481e+00,   8.92162289e+00,   2.10507215e+00,  -6.64069383e-02, 
              4.05095244e+00,  -1.01342996e-01,   8.80831086e-01,  -1.01408007e+00,   2.33745870e+00, 
              2.65896624e-01,  -1.58697067e-01,   4.66870070e+00,  -2.34463020e-01,   7.56683751e-02, 
              4.01917849e-01,   5.50911775e-01,  -3.35031320e+00,   2.31691103e+00,   6.40610043e-01, 
              1.64387281e+00,   4.09085516e+00,  -6.46581962e-01,   6.65438189e+00,   1.93691769e+00, 
             -4.99522768e-02,   5.98456592e+00,  -2.02749623e-01,   7.46833839e-01,   5.29989040e+00, 
              3.59946429e+00,  -1.04236856e+00,   8.87598136e+00,   1.94839307e+00,  -4.64657607e-02, 
              4.05203243e+00,  -1.02686014e-01,   8.93494330e-01,  -9.93236620e-01,   2.34112605e+00, 
              1.98892957e-01,  -1.99308173e-01,   4.58136689e+00,  -2.55305256e-01,   8.01943907e-02, 
              4.49524446e-01,   5.04462232e-01,  -3.21739239e+00,   2.33894342e+00,   6.67585666e-01, 
              1.71443958e+00,   4.18637081e+00,  -6.64521724e-01,   6.61386443e+00,   1.95580267e+00, 
             -9.79661706e-02,   5.95949887e+00,  -1.66955721e-01,   7.95539685e-01,   5.35021735e+00, 
              3.65076346e+00,  -1.05670654e+00,   8.90760178e+00,   1.98635386e+00,  -1.97791556e-02, 
              3.95543409e+00,  -8.17121518e-02,   6.62188394e-01,  -1.10792090e+00,   2.33450977e+00, 
              1.21471811e-01,  -1.56745639e-01,   4.57458712e+00,  -2.65134481e-01,   4.46592308e-02, 
              4.23030108e-01,   4.97392392e-01,  -3.16366147e+00,   2.46745967e+00,   5.60919741e-01, 
              1.71821735e+00,   4.09616598e+00,  -3.26487797e-01,   6.66990426e+00,   1.94856515e+00, 
             -1.42461499e-01,   5.93922755e+00,  -1.54453204e-01,   7.97335434e-01,   5.36582245e+00, 
              3.65436580e+00,  -1.05497751e+00,   8.78138035e+00,   1.96885258e+00,  -1.84621464e-01, 
              3.99254701e+00,  -1.51867262e-01,   8.40357255e-01,  -1.10140714e+00,   2.35833786e+00, 
              1.93425167e-01,  -1.45517565e-01,   4.63767095e+00,  -2.99847687e-01,   8.75478074e-02, 
              4.22618620e-01,   5.89980977e-01,  -3.32804295e+00,   2.55806969e+00,   4.97418882e-01, 
              1.77666999e+00,   3.92683623e+00,  -7.27526895e-01,   6.67518991e+00,   1.98256955e+00, 
             -2.02704746e-01,   5.87719256e+00,  -8.99205967e-02,   7.40962005e-01,   5.33471390e+00, 
              3.63806075e+00,  -1.09130004e+00,   8.88350609e+00,   1.84759234e+00,  -1.75280832e-01, 
              3.98016237e+00,  -2.21700108e-03,   5.18333521e-01,  -1.04909038e+00,   2.39946906e+00, 
              1.99992518e-01,  -8.61187946e-02,   4.59610889e+00,  -2.92974068e-01,   2.80408336e-02, 
              4.16117161e-01,   5.48258572e-01,  -3.17398689e+00,   2.58969190e+00,   5.35444907e-01, 
              1.75440162e+00,   4.23212506e+00,  -8.44743225e-01,   6.64312192e+00,   1.92602852e+00, 
             -1.86820808e-01,   5.89307287e+00,  -9.14141138e-02,   7.29091331e-01,   5.35370567e+00, 
              3.62653800e+00,  -1.04766925e+00,   8.51555901e+00,   1.84094185e+00,  -5.07142474e-01, 
              4.16422046e+00,  -2.02546715e-01,   4.74918355e-01,  -1.02528190e+00,   2.35735690e+00, 
              2.69657898e-01,  -1.86992813e-02,   4.63252227e+00,  -2.74207587e-01,   1.28178168e-01, 
              4.12476896e-01,   5.44174132e-01,  -2.95263541e+00,   2.37201650e+00,   5.34911627e-01, 
              1.61421114e+00,   4.20209169e+00,  -9.47453509e-01,   6.67408403e+00,   1.91986458e+00, 
             -2.96601983e-01,   5.85922069e+00,  -1.34261168e-01,   7.28996271e-01,   5.32486276e+00, 
              3.65598016e+00,  -1.01236212e+00,   8.48253322e+00,   1.90437955e+00,  -5.27798696e-01, 
              4.11208975e+00,   1.22651090e-01,   7.19177326e-01,  -1.03592118e+00,   2.38003435e+00, 
              1.91828531e-01,  -5.09077038e-02,   4.61811687e+00,  -2.63725584e-01,   1.21706629e-01, 
              4.21426182e-01,   5.22964577e-01,  -3.12116120e+00,   2.10851656e+00,   6.03629399e-01, 
              1.77153758e+00,   4.07873002e+00,  -9.65332735e-01,   6.64984936e+00,   1.90148244e+00, 
             -2.69631886e-01,   5.89813861e+00,  -1.09499555e-01,   7.66619459e-01,   5.31554643e+00, 
              3.61330978e+00,  -9.27563284e-01,   8.85986161e+00,   2.11298076e+00,  -6.09385791e-01, 
              4.19676391e+00,   3.78004745e-01,   9.40606341e-01,  -1.00524566e+00,   2.39357931e+00, 
              2.17940110e-01,  -5.90454640e-03,   4.63587070e+00,  -3.36394027e-01,   1.29988782e-01, 
              3.45658589e-01,   4.75062843e-01,  -3.19017863e+00,   2.41468482e+00,   5.66189485e-01, 
              1.81004497e+00,   3.88071552e+00,  -6.41793581e-01,   6.64812187e+00,   1.84279048e+00, 
             -2.91986249e-01,   5.86476622e+00,  -1.43525246e-01,   7.39583853e-01,   5.34157479e+00, 
              3.68250629e+00,  -9.45034155e-01,   8.94943734e+00,   2.22660761e+00,  -6.95897587e-01, 
              4.03597230e+00,   2.79647164e-02,   7.48120918e-01,  -9.80622710e-01,   2.42748938e+00, 
              2.79990477e-01,  -1.20885868e-02,   4.65616377e+00,  -2.90132926e-01,   1.19695359e-01, 
              3.84573365e-01,   5.00804689e-01,  -3.22356966e+00,   2.61659060e+00,   8.78388261e-01, 
              1.83902669e+00,   4.12657716e+00,  -4.42176649e-01,   6.62690162e+00,   1.85515973e+00, 
             -3.92309344e-01,   5.83012968e+00,  -1.28649834e-01,   6.64726946e-01,   5.36299986e+00, 
              3.72743911e+00,  -9.76186785e-01,   8.72609581e+00,   2.21116338e+00,  -5.16089536e-01, 
              4.18303385e+00,   1.37523281e-01,   6.61082193e-01,  -1.02640508e+00,   2.44007597e+00, 
              3.21607532e-01,  -1.77578609e-02,   4.67655453e+00,  -2.64239503e-01,   7.87244213e-02, 
              3.95791357e-01,   5.22491330e-01,  -2.87634727e+00,   2.57575934e+00,   9.02616272e-01, 
              1.87044017e+00,   4.16879243e+00,  -5.49976374e-01,   6.68015626e+00,   1.90083095e+00, 
             -3.37320476e-01,   5.81621900e+00,  -1.18371059e-01,   6.97264491e-01,   5.35967474e+00, 
              3.73926394e+00,  -9.41072078e-01,   8.93796379e+00,   2.08544460e+00,  -5.10509815e-01, 
              4.11920859e+00,   1.13831105e-01,   7.75329817e-01,  -1.02379511e+00,   2.43634438e+00, 
              3.25755947e-01,  -3.80679998e-02,   4.63827402e+00,  -2.74862438e-01,   1.38616886e-01, 
              3.88705331e-01,   5.17742097e-01,  -2.92543380e+00,   2.65802503e+00,   8.09415148e-01, 
              1.85939439e+00,   4.40176855e+00,  -5.44048863e-01,   6.71056663e+00,   1.92660908e+00, 
             -3.04988112e-01,   5.81069697e+00,  -1.36064323e-01,   7.15323952e-01,   5.37763142e+00, 
              3.71132421e+00,  -9.26126889e-01,   8.91159327e+00,   1.95285628e+00,  -3.96100679e-01, 
              3.99232527e+00,   2.50839884e-01,   6.85699295e-01,  -1.00220299e+00,   2.38871281e+00, 
              3.26216068e-01,   3.98467897e-03,   4.60957817e+00,  -2.71954295e-01,   1.37542978e-01, 
              3.40399950e-01,   4.73564201e-01,  -2.92369705e+00,   2.58475957e+00,   7.24932507e-01, 
              1.92770670e+00,   4.45420931e+00,  -5.36638638e-01,   6.74566682e+00,   1.97449667e+00, 
             -3.19052037e-01,   5.84197644e+00,  -1.15159638e-01,   7.11293142e-01,   5.38796826e+00, 
              3.64526437e+00,  -9.53098661e-01,   8.73125689e+00,   2.06908695e+00,  -1.86830463e-01, 
              3.98901290e+00,   1.06208813e-01,   4.22689095e-01,  -9.66382614e-01,   2.40397678e+00, 
              3.52303755e-01,  -1.73003100e-02,   4.56069577e+00,  -2.15102992e-01,   1.12415428e-01, 
              3.44690486e-01,   3.90310070e-01,  -3.04173650e+00,   2.52537685e+00,   6.50648534e-01, 
              1.79868676e+00,   4.22543209e+00,  -4.79430934e-01,   6.70770800e+00,   1.93194698e+00, 
             -1.81073104e-01,   5.91615383e+00,  -2.01584993e-01,   7.05949777e-01,   5.40086250e+00, 
              3.69571931e+00,  -9.03770593e-01,   8.77886746e+00,   2.10004832e+00,  -2.85722480e-01, 
              3.97894477e+00,   1.45892802e-01,   4.58074103e-01,  -1.04136800e+00,   2.41961169e+00, 
              3.54569706e-01,  -3.35393226e-02,   4.57024695e+00,  -1.62653330e-01,   1.54207930e-01, 
              3.65797585e-01,   3.28034552e-01,  -2.85088061e+00,   2.54469427e+00,   5.90030517e-01, 
              1.74409957e+00,   4.36028759e+00,  -5.99304642e-01,   6.73129996e+00,   1.91106845e+00, 
             -3.38392068e-01,   5.90390306e+00,  -2.34951335e-01,   6.37562101e-01,   5.44539562e+00, 
              3.66590722e+00,  -8.57255943e-01,   8.80376217e+00,   2.17214489e+00,  -1.67974229e-01 ]
         </q>
         <p shape='(32, 30)'>
          [  -7.88622225e+00,  -4.11526697e+00,  -6.64423191e-01,   2.89604567e+01,  -3.20273449e+01, 
              1.60931725e+01,   1.12414328e+00,  -2.39631960e+01,  -3.29834058e+01,  -1.09430195e+01, 
              3.04535510e+01,   1.93541340e+01,  -8.29642266e+00,   5.41865065e+00,  -6.27576934e+00, 
             -8.54513328e+00,  -9.47215849e+00,   2.43779853e+00,   2.68311043e+01,  -5.51602995e+00, 
              1.26610000e+01,   2.46647238e+00,   1.20215748e+01,  -1.49472560e+01,  -8.94842367e+00, 
              9.68891409e-01,   2.90368321e+01,  -4.06552967e+00,   3.73964274e+00,  -1.49639264e+00, 
              7.99104903e+00,   3.38989689e+00,  -1.49747017e+00,  -6.01994781e+00,  -1.18373630e+01, 
              9.99923053e+00,  -3.19681290e+00,  -3.07406294e+01,   1.32573762e+01,  -1.55511080e+01, 
             -5.04779620e+00,  -5.66363873e+00,   2.82098852e+00,   3.07243677e+00,  -1.17792645e+01, 
              7.28714148e+00,  -5.37830313e+00,   1.06530818e+01,  -2.24640467e+00,   1.72773925e+01, 
              1.79969425e+00,  -1.99601731e+01,   1.85828371e+00,   3.72589579e+01,   1.72842063e+01, 
             -6.34496653e+00,   4.59073658e+01,  -6.08218560e-01,  -1.01000661e+01,   5.52500403e+00, 
              4.50400631e+00,  -3.46818290e+00,   6.52113882e+00,   2.11400339e+01,  -3.27871406e+01, 
             -2.38317175e+01,  -4.36713905e+01,  -2.64528672e+01,  -5.99569029e+00,   2.46332015e+01, 
             -3.96623573e+00,   6.80126443e+00,   1.45991526e+00,  -1.98840146e+00,  -9.94569977e+00, 
             -9.22782760e-01,   7.47355482e+00,  -4.13483280e+00,   4.15603680e+01,   2.62624532e+01, 
             -2.53745531e+01,   3.25997993e+01,   1.87720938e+01,  -5.27142176e+01,   1.04127352e+01, 
             -1.16433018e+01,  -1.26080236e+01,   6.19281777e-01,  -8.76960295e-01,   8.97813050e+00, 
             -1.69331749e-01,   2.19376689e+00,   3.70604630e-01,   1.58584907e+01,  -7.96364576e+00, 
              9.70650863e+00,   1.53209104e+01,   2.42573995e+00,  -7.69809869e+00,  -4.11982906e+01, 
              4.87456410e+01,  -2.93729628e+01,  -1.10167114e+01,   7.01458726e+00,   1.63848564e+00, 
              7.36357970e+00,   4.02005360e+00,  -9.09905847e+00,  -7.41226690e+00,  -3.89658780e+01, 
              3.28105742e+01,  -2.42893292e+01,  -7.88402088e+00,   7.54560698e+00,   2.62896929e+01, 
             -1.98545730e+01,  -6.01033775e+00,  -7.93408445e+00,   3.02982711e+00,   4.87681837e-01, 
              7.96252337e+00,   2.46550948e+00,  -1.11084254e+00,  -3.66586277e+00,  -2.76215197e+01, 
             -3.10819970e+01,  -1.82886134e+00,   5.15671549e+01,  -1.22942637e+01,   4.52003906e+01, 
              5.62953549e+00,   1.24123997e+01,   8.39248102e+00,  -1.72906661e+00,  -1.41522195e+00, 
              1.39783546e+00,   6.13069285e+00,  -8.15456807e+00,   1.09593845e+00,   1.81969319e+01, 
             -2.69788646e+00,   5.61708959e+01,   1.84320717e+01,   1.86551605e+01,  -1.87290218e+01, 
             -3.57361496e+01,  -1.39015104e+01,  -3.43980688e+00,  -2.20902661e+00,   3.87608115e+00, 
              4.48483127e+00,  -4.47685779e+00,  -5.09942292e+00,   1.72141819e+00,  -8.65439260e+00, 
             -1.17177296e+00,  -2.86572610e+01,  -3.09876981e+01,  -2.51198708e+00,   3.24215860e+00, 
              3.81440494e+00,   1.35851627e+01,  -7.94584653e+00,   5.54770331e+00,  -2.70050643e+00, 
             -4.82948850e+00,   3.69509724e+00,  -1.29107686e+01,  -2.39467263e+01,   3.24749561e+00, 
             -2.25494203e+01,   8.59027463e+00,   2.92118658e+01,   2.15372107e+01,   1.79281296e+01, 
             -3.85033643e+01,   2.64089321e+01,   6.22117373e+00,  -2.50837266e+00,  -3.33403642e+00, 
              1.16579722e+01,  -7.02761474e-01,   6.10934439e+00,  -4.45345857e+01,   1.01463360e+01, 
             -3.61719950e+00,   3.65512496e+00,  -2.09678009e+01,   4.89041881e+00,   1.58899454e+01, 
              3.20613140e+01,   1.15321313e+01,  -9.18149466e+00,  -5.06353546e+00,  -4.89140169e+00, 
             -1.56714907e+00,   6.42151898e+00,   1.01232426e+01,   4.56829418e+01,  -6.87404126e+00, 
              3.63561563e+00,   1.34252141e+01,  -1.05369835e+01,   6.50716536e+00,  -1.11570487e+00, 
             -3.42382511e+01,  -2.27740109e+01,   1.33521094e+01,   1.94040970e+00,   8.24214394e-01, 
              2.47412501e+00,   4.35021562e+00,   6.03907984e+00,  -5.30432480e+01,   1.11935202e+01, 
             -3.06934539e+01,   1.16673194e+01,  -4.48480021e+01,   2.49528954e+01,  -2.16421958e+00, 
              5.10779838e+01,   5.08760542e+00,  -2.05437238e+00,   1.36788681e+01,  -2.61233702e+00, 
             -1.23600504e-01,  -1.85116251e+00,   1.04159441e-01,  -4.23557621e+01,  -1.82150393e+01, 
             -2.53918505e+01,  -7.02836652e+00,   2.24070005e+00,   1.14892058e+01,  -3.28169279e+01, 
             -1.04023695e+01,  -1.72874029e+01,  -1.33461683e-01,  -9.11758450e+00,   7.48551895e+00, 
             -3.16092715e+00,  -1.76908488e+00,  -1.21942332e+01,   2.03631436e+01,  -1.79621897e+00, 
              1.96908303e+01,   8.58918237e+00,   2.02693120e+01,  -2.13558458e+01,  -1.19161040e+00, 
              2.04817335e+01,  -8.88382542e+00,   4.49926065e+00,  -6.72498607e+00,  -4.61603477e+00, 
              3.93505850e+00,  -3.84922147e+00,   8.77947094e-01,  -1.04556642e+01,  -3.83591662e+01, 
              7.51089759e+00,   5.41884397e+00,   2.34620479e+01,   2.83085283e+01,  -1.56993203e+01, 
              1.75568132e+01,   2.09219520e+01,  -2.09238158e+00,  -3.83237820e+00,  -3.48405760e-01, 
              6.52420052e+00,   4.27763621e+00,  -2.97834668e+00,   4.48910940e+00,   1.15698769e+01, 
              8.93578662e+00,   1.44976773e+01,   3.13244430e+00,   8.60038622e+00,  -1.64567770e+01, 
             -6.88762618e+00,  -4.04131814e+00,   1.32113614e+00,  -4.21270850e-01,   1.07531446e+00, 
              1.03167514e+01,  -2.39171907e+00,   9.99601296e+00,   4.63557846e+01,  -5.25191842e+01, 
             -1.24034801e+01,   2.05706355e+01,   1.97481746e+01,  -1.86417072e+00,   1.33005419e+01, 
             -9.42957696e+00,   6.83097337e+00,  -7.79060992e+00,  -5.93362358e+00,  -5.58585706e+00, 
              1.41035818e+01,   2.01420070e+00,  -6.30670589e+00,   7.10886199e-01,  -2.26014087e+00, 
             -1.10698462e+01,   2.01995379e+01,   2.43409547e-01,   3.97224261e+01,  -2.85214597e+01, 
             -2.32653674e+01,  -5.16856114e+00,  -8.41792243e+00,  -1.12604740e-01,  -4.45218076e+00, 
             -1.06174221e+01,  -7.03064973e+00,   6.01287036e+00,  -6.67114539e+00,   3.04463783e+01, 
              3.84839093e+00,   1.76156640e+01,  -8.60256320e+00,   3.85862750e+00,   7.04513859e+00, 
             -3.87734074e+01,  -3.00245617e+01,   5.90482608e-01,  -1.39509509e+01,  -2.81748329e+00, 
              5.68831526e+00,   6.93289880e+00,   1.28995556e+01,  -4.12112808e-01,  -3.46069476e+01, 
              4.71941503e+01,   5.31462067e+00,   2.17835795e+01,  -3.86299615e+00,  -1.66977811e+01, 
             -2.02703659e+00,  -8.58553100e+00,  -9.88090759e-01,   2.64689707e+00,  -2.30419615e+00, 
             -6.15844647e-02,  -5.35599293e+00,  -3.35308499e+00,   1.01313939e+01,  -2.34196205e+01, 
             -1.71264495e+01,  -3.16802580e+01,  -1.84543988e+01,   1.47623604e+00,  -6.05280352e+00, 
              2.32451894e+01,   1.75551470e+01,  -6.54332771e+00,   5.02593074e+00,  -2.78589802e+00, 
              8.27376018e+00,   3.28646927e+00,   2.82388920e-01,   1.99538211e+01,   1.40997021e+01, 
              5.81445094e+00,  -1.73521312e+01,   1.10967609e+01,  -1.21642932e+01,   5.77612401e+01, 
             -2.01025902e+00,   1.50857192e+00,  -6.63558260e+00,   6.11314174e+00,  -6.87386975e+00, 
              4.13989736e-01,  -1.96149280e+00,  -2.27551905e-01,  -1.51993872e+01,  -6.91385144e+00, 
              3.09325020e+01,  -1.77827838e+01,  -2.07466289e+01,  -8.57213733e+00,  -3.60001722e+01, 
             -1.33348905e+01,  -4.05056684e+01,   3.57178930e+00,  -9.44998806e-02,  -8.72228343e+00, 
              8.60734923e+00,   8.24314816e+00,  -6.03108263e-02,  -1.53757315e+01,  -3.05629887e+01, 
             -1.23907469e+01,  -5.23335999e+00,   1.83386113e+01,  -3.73702771e+00,  -2.76887808e+00, 
              8.29238222e+00,   1.16090533e+01,  -3.82663704e-01,  -5.28368008e+00,   8.24913896e+00, 
              2.37015964e-01,  -8.11315944e+00,   1.82666865e+00,  -1.75383212e+01,   1.61320064e+01, 
             -3.58589267e+00,   2.69375253e+01,  -1.23434775e+01,   7.65070930e+00,   2.95602529e+01, 
              2.20522399e+01,   4.49696569e+00,  -1.41938039e+00,  -7.50297327e+00,   1.75182205e+00, 
             -7.44103607e-01,   2.57407662e+00,   1.98428415e+00,   5.17876499e+01,   2.20031631e+00, 
             -9.54675585e+00,  -7.42538838e+00,   1.52850553e+01,   3.45016349e+00,   9.11740126e+00, 
             -2.01592593e+01,   3.33773316e+01,  -4.78320007e-02,   2.13581353e+00,  -5.34121780e-02, 
             -1.42525690e+00,   4.87774415e+00,   4.90550264e+00,  -8.43915390e+00,   4.56287159e+00, 
              2.33290601e+01,   2.41521981e+01,  -8.44540747e+00,   5.77899558e+01,  -1.73230948e+01, 
             -9.03423791e+00,   3.53722833e+01,  -9.05866241e+00,  -7.68803289e+00,   1.52700043e+00, 
              2.09361224e+00,  -1.73005345e+00,  -1.24504561e-01,  -1.78052544e+01,   4.30723320e+01, 
              1.70062447e+01,  -3.12598764e+01,   3.61614003e+00,  -6.77559922e+00,  -2.43385236e+01, 
              1.74356874e+00,  -6.68771120e-01,  -6.02899307e+00,   8.63232910e-01,  -3.05341268e+00, 
              6.67106157e+00,  -8.68535233e-01,  -7.16940594e+00,  -1.09453669e+01,  -3.13309989e+01, 
             -3.43233564e+01,  -1.95845222e+01,   3.22355222e+01,   2.12897883e+01,   4.07475214e+01, 
              1.10387764e+01,  -3.74533819e+00,  -9.70357051e+00,  -2.32285958e+00,   4.38829019e+00, 
             -8.39240939e+00,  -9.18064683e+00,   3.78732491e+00,   4.38184985e+00,   1.26522565e+01, 
              1.13449486e+01,  -7.14903567e+00,  -7.39423982e-01,   3.50893699e+01,  -1.23929730e+00, 
             -1.55890300e+01,  -6.98968650e+00,  -7.07385882e+00,  -5.48379596e+00,   8.99654626e+00, 
             -2.23216555e+00,   1.65016270e+00,  -8.49220306e-01,   1.40329198e+01,  -3.87624272e+00, 
             -4.08919147e+01,  -3.09218398e-01,   1.29186109e+01,  -2.22591936e+01,  -2.76656631e+00, 
              2.07809810e+01,  -6.74983475e+00,   2.04910702e+00,   6.72918240e+00,   3.07665431e+00, 
             -2.96535069e+00,  -1.32364333e-01,  -1.72299145e-02,  -1.40208788e+01,   5.20544880e+00, 
             -5.87168002e-02,  -1.76861840e+01,   2.15934011e+01,   1.64419890e+01,  -2.04598422e+00, 
              4.72194549e+00,  -1.37148153e+01,  -1.68402198e+00,   7.52696748e+00,  -2.57054545e+00, 
             -5.37087980e+00,   3.97161881e+00,  -2.24279239e+00,  -1.98928493e+01,   2.55890130e+01, 
             -1.27807094e+01,  -3.14525959e+01,  -2.56744732e+01,   1.04609722e-01,   2.89032892e+01, 
              2.64409523e+01,  -1.57774563e+01,  -1.11585614e+01,  -2.71730199e-01,  -1.33134910e+01, 
             -4.87595208e+00,  -4.77069305e+00,  -5.08627745e+00,   5.37994203e+01,  -1.19560625e+01, 
              3.60814837e+01,  -1.73110295e+01,   4.76688967e+01,  -1.81502848e+00,  -1.60410563e+01, 
             -1.36727613e+01,   1.86674564e+01,   7.80507759e+00,   5.70628047e+00,  -1.00903535e+01, 
              5.02478135e+00,  -3.85896441e+00,   1.02896333e+01,  -1.71526162e+01,   1.91100913e+01, 
              1.12206335e+01,   3.64383716e+01,  -4.14684576e+01,  -1.72149627e+01,   2.43973633e+00, 
              5.47834214e+01,  -1.64647213e+01,   1.66797741e+00,   1.57691397e+00,  -4.36526171e+00, 
              2.88170110e+00,  -6.05592515e+00,  -3.43808132e+00,  -3.74000825e-01,  -1.10466534e+01, 
             -2.10061922e+01,   3.38982342e+01,  -6.06228063e+00,  -1.15720383e+01,  -1.19665281e+01, 
              1.28718400e+01,   2.22970310e+01,  -1.17718761e-01,   2.26300842e+00,   6.69881096e+00, 
              5.21065612e+00,  -5.69338124e+00,  -2.37371135e+00,   2.04826287e+01,   3.59106977e+01, 
              5.87705308e+00,  -3.46105210e+00,  -2.69411656e+01,   1.11583411e+01,   2.06293896e+01, 
             -6.78054776e+00,   4.51766013e+01,  -2.30979420e+00,   2.41470036e+00,  -2.67369649e+00, 
              2.24933007e+00,   2.23975665e+00,   5.12067746e+00,  -4.09046330e+00,   1.04552164e+01, 
             -4.89410430e+00,   1.04010227e+01,  -4.57156297e+01,  -2.85877599e+01,  -5.65599273e+00, 
              8.11886712e+00,  -1.47962467e+01,  -5.26384822e+00,   1.57176015e+00,   1.40159405e+00, 
              2.48026272e+00,  -2.45733229e+00,  -4.37738897e+00,  -4.69591491e-01,  -1.69720450e+01, 
              1.09506342e+01,  -1.74328522e+01,   4.71004539e+01,  -1.22655648e+01,  -3.18859943e+01, 
              1.60187208e+00,   1.09442972e+01,   1.20576981e+01,   5.61622377e+00,  -4.10991613e+00, 
             -8.73137076e+00,  -9.45387582e+00,  -2.13186852e+00,   1.48068426e+01,   2.34787317e+00, 
             -1.65486738e+01,   3.29549965e+01,  -4.03361123e+00,  -2.14916315e+01,   1.30998893e+01, 
              1.87538399e+01,  -2.17031743e+01,   1.25470694e+01,  -2.70704246e-01,  -2.05731199e+00, 
             -1.19964681e+00,  -6.53541818e-01,   1.90957469e+00,  -4.45478248e+00,   2.32212738e+01, 
             -1.82833371e+01,  -2.07491462e+01,   2.72469660e+01,  -2.24820366e+01,   5.57630985e+00, 
              1.67242282e+01,   3.04598237e+00,  -6.30551191e+00,  -6.10155613e+00,  -1.43629001e+00, 
             -6.86290112e+00,  -4.11280406e+00,  -7.37438277e+00,  -3.69991233e+01,   2.75884230e+00, 
             -5.75282744e+00,  -3.84194688e+01,   4.72449716e+00,   2.74519607e+01,   1.39207221e+00, 
             -5.98408065e+01,  -1.33014507e+01,  -9.63049063e+00,   3.93382985e+00,  -9.74512793e+00, 
             -1.84303886e+01,   1.07830877e+01,  -5.90289022e+00,  -2.10235289e+01,  -3.93348919e+01, 
              1.50541989e+01,   1.02815417e+01,   1.21934734e+01,  -2.51631477e+00,   1.11146786e+01, 
             -7.50314723e+00,   1.56852763e+01,   3.21597220e+00,  -6.33974822e-01,   9.67664652e-01, 
              2.92411963e-01,  -5.28083582e+00,  -1.05352966e+00,   1.45270421e+00,  -7.37609409e+00, 
              2.32976593e+01,   3.19938379e+01,  -2.95619503e+01,   7.56638085e-01,  -3.64869546e+01, 
              2.30042881e+01,   2.38798619e+01,  -7.46703243e+00,  -1.78093049e+00,  -7.99539409e+00, 
             -3.03882334e+00,   5.48277312e+00,   1.89016584e+00,   7.86081185e+00,   1.88381592e+01, 
             -5.58760967e+00,   3.32920088e+00,   4.36488751e+01,  -5.28669236e+01,  -3.33451681e+01, 
              2.73464327e+00,   4.34885862e+00,   2.55337990e+00,  -6.65200268e+00,  -1.70088961e+00, 
              4.50666473e+00,   4.97609666e+00,  -6.19085800e+00,  -1.29100109e+01,   3.17312685e+01, 
              4.35477850e+01,  -2.50183263e+01,   7.00602001e+00,  -1.81604385e+01,   2.39355157e+01, 
             -7.20854277e+00,   2.84571022e+01,   5.47096599e+00,  -3.84171924e+00,   7.64518507e+00, 
              5.21920200e-01,   1.06010064e+01,  -2.11974015e+00,  -1.09232973e+01,  -5.49561264e+00, 
             -2.33258158e+01,   3.27363041e+00,  -2.37528725e+01,  -2.51828733e+01,  -3.05552205e+01, 
             -1.71730814e+01,  -2.24611074e+01,   1.19905448e+01,   5.61266206e+00,   6.45952270e-01, 
             -6.46960163e+00,  -3.13026072e+00,   2.24257588e+00,  -3.43051824e+01,  -1.77180360e+01, 
              1.61064380e+01,   8.41606142e+00,  -2.85882138e+01,   6.34751389e+00,  -1.91793564e+01, 
             -2.41142622e+01,  -3.08263899e+01,  -3.02854870e+00,   5.70893513e+00,   7.86236026e+00, 
              6.04056291e+00,  -1.10546090e+01,   8.08893069e+00,   4.05249096e+01,  -9.16411412e+00, 
              2.17744546e+00,   1.68221317e+01,   4.53220505e+01,  -3.52895133e+00,   1.18902888e+01, 
             -9.12242825e+00,   2.28191387e+01,  -1.18984317e+00,  -5.47547650e+00,   1.16421843e+01, 
              9.97702464e-01,   4.33538549e+00,  -4.77566885e+00,  -2.28223837e+00,   8.16169017e+00, 
              1.49660085e+01,  -1.75723383e+01,  -2.66776870e+01,   8.04767047e-01,  -1.76472576e+00, 
              1.74603380e+01,   5.74323821e+00,   1.03631888e+01,   7.80947817e+00,  -3.62772791e+00, 
             -3.34219436e+00,   3.23674916e+00,   4.65907770e+00,   2.33138207e+01,   3.51193089e+01, 
              3.67408478e+01,  -9.42932259e+00,  -2.72410344e+00,  -1.56979899e+01,   3.10351976e+01, 
             -3.27223720e+01,  -1.25363508e+01,  -4.54569600e+00,  -3.16118430e+00,   9.71993420e-01, 
             -2.20096261e+00,  -6.70797492e+00,  -1.03296232e+01,  -2.76978160e+01,   3.99151253e+01, 
             -5.23640094e+00,   1.57440890e+01,   8.33020467e+00,   1.35986750e+01,  -6.69927436e+00, 
             -2.09859576e+01,  -5.42496247e+01,   1.02499564e+01,  -8.49685570e-01,   1.83433453e+00, 
              2.77396702e+00,  -2.93125351e+00,   4.85832644e+00,   6.70202962e+00,  -4.43957037e+00, 
              8.50080066e+00,   1.87025676e+01,  -2.28464970e+01,   7.30186057e-01,   2.24680491e+00, 
             -8.01050498e+00,  -5.16994290e+00,   1.04763426e+00,  -6.45898142e+00,   2.95357398e+00, 
              6.17611086e+00,   4.28803577e+00,   4.17462386e+00,  -2.59495603e+01,   1.01259969e+01, 
             -1.51426809e+01,  -5.46427969e+01,   3.34390800e+01,  -1.55622503e+01,   1.07930390e+01, 
              2.33050486e+00,   3.46524743e+01,   5.99526124e-01,  -6.49998216e+00,   1.43572716e+00, 
              7.96119253e+00,   2.45052866e+00,  -1.31831520e+00,   3.91420907e+00,   7.83756089e+00, 
              1.50231828e+00,   3.15947741e-01,  -2.74506579e+01,   3.10345705e+00,  -2.51446629e+01, 
             -1.71827671e+01,  -2.85351290e+00,   6.44647258e+00,  -3.37059137e+00,  -6.72065648e-01, 
             -1.65571040e+00,   7.86166056e-01,  -5.14494902e-01,  -2.27637070e+01,   4.56003572e+01, 
             -6.81502567e+00,  -3.99221145e+01,  -9.88870617e+00,  -3.84742165e+01,   3.85789813e+01, 
             -2.30562213e+01,   2.73509404e+01,   8.12932899e+00,  -5.89632697e+00,   7.93727324e+00, 
             -3.99091961e+00,   2.27133394e+00,  -9.78805300e+00,  -1.13849863e+01,  -2.89473457e+00, 
             -1.04556315e+01,  -2.60310679e+01,  -6.49682757e+00,   3.00241613e+01,   4.14259719e+00, 
              4.33018615e+01,  -7.65643510e-02,   3.64531304e+00,   1.02925615e+00,   9.63893011e-01, 
              5.19701889e+00,  -9.59412998e+00,   3.40707738e+00,  -5.38252724e+01,   2.79158635e+01, 
             -2.10681650e+01,  -8.62689576e-01,   1.02946942e+01,   4.22852548e+01,   1.39537689e+01, 
             -9.64476586e+00,   4.99979804e+00,   1.39812724e+01,  -7.79424713e+00,   3.48809313e+00, 
             -7.08907213e+00,  -1.73626032e+00,   7.63543377e+00,   1.04926151e+01,   2.98158241e+01, 
             -1.22877288e+01,  -2.03473574e+01,   1.98851346e+00,  -2.31454630e+01,   2.33099945e+01, 
              7.51313537e+00,  -1.09812001e+01,   4.67929865e+00,   1.36072462e+00,  -1.18003343e+01, 
              1.74073494e+01,  -2.36639431e+00,   3.68875658e+00,   1.58600558e+00,  -4.13202089e+00, 
             -2.68189815e+01,   1.19155652e+01,  -8.95309911e+00,  -6.31782291e+01,   3.12887633e+01, 
              8.96305131e+00,   1.18039765e+01,   2.03384494e+00,  -1.21192142e+01,  -2.66551257e+00, 
              7.76938056e+00,  -1.87862687e+01,  -4.72569988e+00,  -6.52495648e-01,  -9.76463473e+00, 
              1.73795564e+01,  -2.08603153e+01,   1.34528387e+01,   2.02166300e+01,   3.85591758e+01, 
              1.67390617e+01,  -1.23525596e+01,  -3.57683571e-01,   9.30815802e-01,   1.11539746e+01 ]
         </p>
         <m shape='(10)'>
          [   1.83736223e+03,   2.18941669e+04,   2.91651223e+04,   2.91651223e+04,   1.83736223e+03, 
              1.83736223e+03,   2.18941669e+04,   2.91651223e+04,   2.91651223e+04,   1.83736223e+03 ]
         </m>
         <names shape='(10)'>
          [ H, C, O, O, H, 
            H, C, O, O, H ]
         </names>
      </beads>
      <cell shape='(3, 3)'>
       [   5.66917830e+01,   0.00000000e+00,   0.00000000e+00,   0.00000000e+00,   5.66917830e+01, 
           0.00000000e+00,   0.00000000e+00,   0.00000000e+00,   5.66917830e+01 ]
      </cell>
   </system>
</simulation>
