<!--
 Unable to retrieve Git information.

 Simulation information:
           Machine Name: 59e431e8636b
      Working Directory: /workspace
          Date and Time: 2026-06-03 10:29:08
-->
<simulation>
   <prng>
      <seed>1780405508108</seed>
      <state>[{"bit_generator": "MT19937", "state": {"key": [4018648661, 58938596, 3109565978, 4025302223, 686518736, 2377511140, 2300698136, 4177571519, 3599849492, 1037396496, 2804935515, 3567853873, 1651311306, 2014718189, 2841445293, 3337409778, 1193979868, 880047585, 2243426743, 1125838311, 2895191054, 2504096143, 852516084, 4100305832, 940802402, 2235206071, 332989549, 1584753126, 4258720823, 1915482147, 1523789525, 2167445292, 994744461, 408960414, 1158886561, 912968501, 449395341, 3799948320, 2681896214, 1881065443, 3809769772, 3018377726, 3518093005, 814510838, 2355270585, 805598220, 3449639749, 782519664, 2939086794, 3353586263, 456295996, 38164017, 4121063107, 1325792310, 2290405153, 3052877800, 598427191, 2412111490, 3204106552, 338222695, 1524086267, 2266501496, 3465433269, 3372706078, 2207739328, 709986386, 3001965894, 1089668072, 1473648156, 123593436, 3838214616, 3759793296, 1841691330, 3418648981, 2111037320, 519104876, 1449780189, 2821869259, 4073622687, 293285740, 1695722677, 978953780, 1314302602, 2903330390, 3766837544, 3848273850, 2111238006, 1820521166, 3168240786, 2259433895, 2213583749, 2210425421, 3015641821, 933327947, 4087788030, 1782404798, 3943651673, 3999258275, 59933872, 3931956996, 1102610483, 2824966941, 3561893863, 4056071810, 2379088717, 980898015, 1590163948, 298786547, 1803038009, 3947548741, 4004354386, 449623416, 973277926, 3151390337, 886383944, 1157861226, 2343659187, 27643446, 3796070582, 3682304353, 650250241, 1647726519, 3912033760, 1855004023, 2785771271, 2997593546, 2518418912, 1404391744, 1556432137, 502251124, 2224936658, 4066748517, 3630863581, 3003267627, 1448741378, 2070081259, 350836243, 2984204685, 1112093903, 2232005225, 2338421868, 1035118347, 4287097923, 4105528818, 2372727202, 3374703533, 4137393954, 3117089349, 2894663574, 801452382, 181133533, 111572137, 137445986, 2130817762, 1296686759, 755499136, 3986233319, 3717202956, 102368064, 2778561731, 2758941398, 4169894105, 3358197998, 4121241540, 3153197536, 4073559803, 2396627483, 1303175687, 4121023909, 1370074389, 3434651191, 2370978739, 1221868523, 1541441452, 1794220385, 2360097995, 937400015, 3501006586, 676274971, 214220197, 2232592427, 3309825237, 3718252955, 2377799927, 1610741651, 3701614935, 621227872, 2939452244, 3552539165, 1169018601, 1214291927, 2521167398, 2256932097, 3914728386, 1272260109, 135365237, 3446007351, 211928088, 229696840, 399102940, 2095022147, 4287393310, 1354310933, 1058849818, 88526345, 4149842530, 4137579866, 204288840, 2557473832, 548535245, 1010705151, 4070583840, 2885787869, 3701998013, 1190038419, 98313792, 2431891854, 1874347143, 3569531223, 4161602728, 1466872587, 1466433652, 4024976028, 3901356968, 46416150, 3455004326, 2742624819, 2883687591, 1486080021, 2882331253, 3806139322, 1186292759, 3107036422, 1825406443, 1173752296, 3503196795, 3561606677, 557782792, 2020023970, 3551699242, 647672956, 2813189087, 4150393157, 2190625740, 221870917, 212045446, 103785213, 4038601322, 2093053057, 1016352591, 4236051420, 3658905474, 3231445663, 3722426754, 717850827, 2060349893, 3759776878, 266287798, 3406125715, 1812904515, 2720653101, 3763396454, 4110515307, 414396382, 2805833019, 2656682387, 472174023, 310676169, 3051720032, 1969065312, 480624134, 3697103638, 2466126495, 1252563594, 835516801, 906278997, 1101292155, 3763998845, 3314379834, 1573640925, 162919769, 3045739395, 2021953432, 841965529, 1972077491, 1687693038, 1402652741, 3505728787, 446511291, 579163524, 1121329744, 1957220165, 3206716895, 93134009, 1370303930, 1716799554, 1224611735, 638207199, 479101922, 429179306, 1184831795, 949304553, 4031707174, 108601389, 3073217757, 3841764130, 968275453, 3411229124, 1633124740, 197785352, 3086059367, 2050857744, 2561060596, 859377040, 3201352501, 524798571, 3495148949, 2906622078, 979843234, 1044736257, 3319340235, 2808658280, 3803225665, 2816642721, 365963814, 1760668146, 885404137, 3068301434, 3459407114, 4293234849, 2054587639, 2760220940, 3726008450, 1114754796, 2251283797, 529278110, 3000773086, 2594447377, 3340816708, 1546193406, 2359485961, 2078130748, 3948022402, 2298828497, 1441133599, 1216671935, 2877164080, 3727939781, 1273753737, 1777144264, 2874535976, 1426834887, 1056526682, 149371362, 2344334738, 1197763271, 3649415098, 1181557135, 3745699294, 2833632658, 1878255544, 269579127, 1014700361, 4192863487, 1801319954, 838265200, 3200060427, 3067589124, 1570255019, 2395578949, 4131460140, 1761411634, 2988296341, 229658933, 2376802462, 2388373747, 311634115, 3366898805, 2004385958, 3356923388, 4018339930, 3227455608, 3302648172, 1283955972, 1751306358, 2131055618, 644357639, 406366191, 3608511362, 1370556682, 690120544, 812301273, 850854228, 2540069133, 1016682896, 651082859, 220938125, 4189849501, 3826724700, 201388212, 3840573935, 1223236406, 2430024339, 976003443, 3813741516, 3225757474, 1791182136, 914974785, 34568220, 361850452, 3202584944, 589053999, 3448965196, 285714117, 3604512429, 3593847903, 1753048947, 367705218, 3198191142, 719627198, 3393542455, 424709350, 1895056249, 2918119720, 2019432147, 2168018857, 910412374, 3272287488, 459522563, 3907337316, 148784745, 965179376, 604496110, 3960510852, 1969122111, 284943039, 1311337530, 1028143121, 62841956, 520454243, 981036425, 1965355016, 2772725091, 2915945575, 3760232090, 587122716, 503087070, 4059941089, 43642890, 2491560285, 3598115410, 4246835012, 1838957928, 1505266617, 3643690, 1346165705, 739746370, 281978761, 1228703160, 2612379727, 1878093630, 2333739320, 1625607098, 3791818461, 3294936816, 3093259520, 3069491218, 2183494977, 3209888028, 929931287, 3777383434, 3770150024, 2253588691, 2934282786, 2364911164, 1719332187, 2784665018, 3908456811, 1290350850, 2086410531, 1225357453, 2841470746, 1157617978, 1367447689, 647416995, 2989699338, 260681502, 3530332034, 1395979979, 25953322, 1986011030, 860813715, 320018792, 751926269, 134394339, 2352190163, 713985512, 2208144852, 2065435022, 58689524, 1994131855, 3039422512, 2302872976, 2572071682, 3987788911, 1870885684, 2768428153, 737943634, 3582180327, 58081787, 2435162342, 399085601, 1511795582, 3929997660, 698940086, 3338526982, 1075241763, 3504431713, 3135141617, 3785021421, 1321403859, 3583062509, 372741042, 3569394066, 2766700211, 2505640812, 153246698, 2233104829, 2411218332, 606776538, 264616305, 3933531384, 4149643645, 3265314130, 1659805000, 2194570640, 1301631084, 375300472, 839438008, 264827653, 1932857193, 3561638380, 3068945551, 438245770, 1146041571, 1669322801, 717737333, 3922249931, 2873503451, 653029748, 572622525, 3178874994, 1264617274, 177169497, 1052811609, 2953503798, 3321037723, 3078988492, 2026109236, 3493976280, 2099100290, 1173659922, 3921121430, 4192100895, 1018081448, 54226365, 1517173673, 3837017351, 3114759870, 2870124069, 914868268, 3014965832, 76155294, 1499894734, 2396014347, 3688780566, 135308727, 3962615383, 167631431, 4120615976, 408610019, 2755805347, 544018872, 194174397, 4169299767, 374090762, 767809120, 3775937435, 1925514976, 535080612, 2695073169, 3517868683, 4145724017, 326237126, 3930558747, 3932651941, 3609942967, 1154587078, 3108319729, 2426650089, 3382227429, 18333802, 1859770714, 663012954, 2594124768, 1084322570, 2971988125, 485832298, 2938084390, 632333647, 1150357555, 2564664454, 1910740546, 48571683, 3902809854, 2182557193, 2010615781, 3430489420, 1316106636, 4171572745, 2539682850, 112203154, 2956180537, 2749387896], "pos": 175}}]</state>
   </prng>
   <output prefix='ipi_out'>
      <properties shape='(4)' filename='md' stride='10'> [ step, time{picosecond}, potential{electronvolt}, temperature{kelvin} ] </properties>
      <trajectory filename='pos' stride='100' cell_units='angstrom' bead='0'>positions{angstrom}</trajectory>
   </output>
   <step>600000</step>
   <total_steps>600000</total_steps>
   <smotion mode='metad'>
      <metad>
         <metaff shape='(1)'> [ plumed-bias ] </metaff>
      </metad>
   </smotion>
   <ffsocket mode='unix' name='physnet-ff'>
      <address>physnet</address>
      <slots>32</slots>
      <timeout>  5.00000000e+00</timeout>
   </ffsocket>
   <ffplumed name='plumed-bias'>
      <file units='angstrom' mode='xyz'>init_fad.xyz</file>
      <plumed_dat>plumed_fad_wtmetad.dat</plumed_dat>
      <plumed_step>600001</plumed_step>
   </ffplumed>
   <system>
      <forces>
         <force name='physnet-ff' forcefield='physnet-ff'>
         </force>
         <force name='plumed-bias' forcefield='plumed-bias'>
         </force>
      </forces>
      <ensemble>
         <temperature>  6.33363040e-04</temperature>
         <eens>  3.65049893e+01</eens>
         <hamiltonian_weights shape='(2)'> [   1.00000000e+00,   1.00000000e+00 ] </hamiltonian_weights>
         <time>  1.24024119e+07</time>
      </ensemble>
      <motion mode='dynamics'>
         <dynamics mode='nvt'>
            <thermostat mode='pile_l'>
               <ethermo>  9.77167234e+03</ethermo>
               <tau>  2.06706865e+04</tau>
            </thermostat>
            <timestep>  2.06706865e+01</timestep>
            <nmts shape='(1)'> [ 1 ] </nmts>
         </dynamics>
      </motion>
      <beads natoms='10' nbeads='32'>
         <q shape='(32, 30)'>
          [   1.16247519e+00,   1.57594856e+00,  -1.59168992e+00,   1.39570803e+00,   5.27119960e+00, 
             -6.75289276e-01,   3.17324057e+00,   5.26089105e+00,   7.00581923e-01,   1.89104848e-01, 
              3.35234372e+00,  -1.83483033e+00,  -2.12113873e-02,   6.85836733e+00,  -1.00986778e+00, 
              4.40169340e+00,   2.47794014e+00,   1.16134707e+00,   4.48644755e+00,  -1.01312669e+00, 
              7.33448946e-01,   2.49738015e+00,  -1.02124837e+00,  -6.60756659e-01,   5.51647260e+00, 
              9.81882424e-01,   1.70846494e+00,   5.60168488e+00,  -2.80648879e+00,   7.68682285e-01, 
              9.61289144e-01,   1.77031430e+00,  -1.93352401e+00,   1.35288773e+00,   5.24532596e+00, 
             -7.08353943e-01,   3.18729580e+00,   5.21955021e+00,   6.69889823e-01,   1.91226670e-01, 
              3.31313929e+00,  -1.81374866e+00,   6.53082994e-02,   6.86855769e+00,  -1.10779854e+00, 
              4.44418552e+00,   2.45626235e+00,   1.10787371e+00,   4.44750597e+00,  -1.07916296e+00, 
              7.10980133e-01,   2.57034951e+00,  -1.00816811e+00,  -7.06389449e-01,   5.51195599e+00, 
              9.62286571e-01,   1.72545035e+00,   5.78001715e+00,  -2.66035767e+00,   9.08564849e-01, 
              8.45582294e-01,   1.72891014e+00,  -1.54227510e+00,   1.36143445e+00,   5.29073131e+00, 
             -6.52697907e-01,   3.13531416e+00,   5.13901620e+00,   6.93837180e-01,   2.65928889e-01, 
              3.32151839e+00,  -1.72619304e+00,   1.01338312e-01,   6.82698044e+00,  -1.18909961e+00, 
              4.56528654e+00,   2.35505543e+00,   1.29563037e+00,   4.49285582e+00,  -1.03238152e+00, 
              7.17569459e-01,   2.51625287e+00,  -1.02065253e+00,  -6.32393138e-01,   5.49522515e+00, 
              9.50790231e-01,   1.73837269e+00,   5.94887833e+00,  -2.52995661e+00,   7.91141680e-01, 
              1.03756703e+00,   1.84852606e+00,  -1.31125580e+00,   1.35305679e+00,   5.30773563e+00, 
             -6.21933537e-01,   3.19004367e+00,   5.10689202e+00,   7.46776994e-01,   2.70458648e-01, 
              3.32052651e+00,  -1.71552157e+00,   1.35917090e-01,   6.80078180e+00,  -1.19511643e+00, 
              4.49408843e+00,   2.45078650e+00,   1.47243357e+00,   4.46003164e+00,  -1.03593333e+00, 
              7.75157070e-01,   2.55225014e+00,  -1.00308315e+00,  -6.57315664e-01,   5.42310564e+00, 
              8.74396645e-01,   1.73851519e+00,   5.96255454e+00,  -2.56815617e+00,   9.57794396e-01, 
              9.37912690e-01,   1.60750618e+00,  -1.33690497e+00,   1.40550239e+00,   5.35290691e+00, 
             -6.76269077e-01,   3.15160668e+00,   5.17521243e+00,   7.30805918e-01,   2.84247462e-01, 
              3.27203256e+00,  -1.71282629e+00,   5.14127296e-01,   6.91220728e+00,  -1.05288292e+00, 
              4.50172941e+00,   2.48568887e+00,   1.54328693e+00,   4.46983250e+00,  -1.04904605e+00, 
              7.47539705e-01,   2.50986052e+00,  -1.03840670e+00,  -6.92324473e-01,   5.44695465e+00, 
              9.06320209e-01,   1.68967406e+00,   5.76922724e+00,  -2.66863287e+00,   1.26273671e+00, 
              1.01255501e+00,   1.58680342e+00,  -1.47574188e+00,   1.46270529e+00,   5.38105200e+00, 
             -7.04221640e-01,   3.12746711e+00,   5.26481952e+00,   7.72964801e-01,   3.03914367e-01, 
              3.30775456e+00,  -1.67336149e+00,   6.03957279e-01,   7.07766511e+00,  -1.30465205e+00, 
              4.34752119e+00,   2.49347559e+00,   1.46561661e+00,   4.43338608e+00,  -1.05317910e+00, 
              7.73128862e-01,   2.48125384e+00,  -1.02453565e+00,  -6.53125107e-01,   5.40532913e+00, 
              9.16208853e-01,   1.68581227e+00,   5.51595570e+00,  -2.63776851e+00,   1.23664237e+00, 
              1.19044125e+00,   1.72250156e+00,  -1.22688082e+00,   1.41666186e+00,   5.35820365e+00, 
             -7.89592142e-01,   3.06520960e+00,   5.26569010e+00,   7.51003024e-01,   3.26100970e-01, 
              3.33421422e+00,  -1.69748443e+00,   4.75517017e-01,   6.91264297e+00,  -1.15092256e+00, 
              4.29175044e+00,   2.60251498e+00,   1.53698999e+00,   4.39752123e+00,  -9.95877186e-01, 
              6.93818643e-01,   2.49234237e+00,  -1.08695311e+00,  -6.43582190e-01,   5.40583683e+00, 
              8.91878016e-01,   1.65325336e+00,   5.51018142e+00,  -2.71691943e+00,   1.23565922e+00, 
              1.16793267e+00,   1.89893548e+00,  -1.24900904e+00,   1.43028012e+00,   5.31651124e+00, 
             -7.78293450e-01,   3.05150135e+00,   5.25951481e+00,   7.53144577e-01,   2.98682223e-01, 
              3.35162396e+00,  -1.77449053e+00,   2.96938773e-01,   7.22593070e+00,  -1.13001300e+00, 
              4.41702371e+00,   2.55585833e+00,   1.64894671e+00,   4.41143236e+00,  -1.02488264e+00, 
              6.53105845e-01,   2.51240441e+00,  -1.05777346e+00,  -7.01179054e-01,   5.44082002e+00, 
              9.39833909e-01,   1.70235612e+00,   5.69255734e+00,  -2.75324136e+00,   1.09505525e+00, 
              1.21291213e+00,   1.87529498e+00,  -1.51878419e+00,   1.44999412e+00,   5.32284446e+00, 
             -7.45643096e-01,   3.10318138e+00,   5.19879542e+00,   7.63880729e-01,   3.00254414e-01, 
              3.32836328e+00,  -1.67005803e+00,   3.39537175e-01,   7.15177073e+00,  -1.24778647e+00, 
              4.42247295e+00,   2.45789778e+00,   1.44627834e+00,   4.40791169e+00,  -9.79943090e-01, 
              5.87903661e-01,   2.56928699e+00,  -1.05173226e+00,  -7.38769865e-01,   5.44844804e+00, 
              9.43333876e-01,   1.71094732e+00,   5.17138126e+00,  -2.72547736e+00,   1.10077387e+00, 
              1.20479673e+00,   1.63066659e+00,  -1.51958755e+00,   1.48746286e+00,   5.30946089e+00, 
             -6.76994689e-01,   3.11834273e+00,   5.21896730e+00,   7.63833017e-01,   3.12996343e-01, 
              3.25819543e+00,  -1.68324352e+00,   6.27609006e-01,   6.94802829e+00,  -1.38397951e+00, 
              4.37565929e+00,   2.34687986e+00,   1.46926678e+00,   4.43224437e+00,  -9.40368699e-01, 
              6.23902386e-01,   2.57449341e+00,  -1.00166011e+00,  -7.16235601e-01,   5.46067863e+00, 
              9.66349110e-01,   1.74577781e+00,   5.07045111e+00,  -2.63536199e+00,   1.37453712e+00, 
              1.06852864e+00,   1.67316050e+00,  -1.56010986e+00,   1.55881169e+00,   5.23739936e+00, 
             -7.37914891e-01,   3.19302374e+00,   5.22103746e+00,   7.54838062e-01,   3.05151289e-01, 
              3.28027842e+00,  -1.74341324e+00,   4.57228579e-01,   6.95982605e+00,  -1.32115859e+00, 
              4.17679008e+00,   2.27030720e+00,   1.52389880e+00,   4.46644214e+00,  -9.15439669e-01, 
              6.36844649e-01,   2.57492012e+00,  -9.65386596e-01,  -6.88713643e-01,   5.37397122e+00, 
              1.01960960e+00,   1.76808797e+00,   5.43946299e+00,  -2.82035861e+00,   1.38036560e+00, 
              1.23545278e+00,   1.58822139e+00,  -1.42323189e+00,   1.45866664e+00,   5.21811583e+00, 
             -6.72564025e-01,   3.22912680e+00,   5.18110890e+00,   7.59262854e-01,   2.95314245e-01, 
              3.28814008e+00,  -1.71532857e+00,   3.16151149e-01,   7.05433900e+00,  -1.07359763e+00, 
              4.01089596e+00,   2.47339165e+00,   1.61507862e+00,   4.48222720e+00,  -9.34784265e-01, 
              7.24370019e-01,   2.54012880e+00,  -9.37774996e-01,  -6.74678836e-01,   5.35522134e+00, 
              9.96672997e-01,   1.80672344e+00,   5.52192906e+00,  -2.70762539e+00,   1.43453034e+00, 
              1.42579489e+00,   1.81533699e+00,  -1.43654971e+00,   1.40921146e+00,   5.22355584e+00, 
             -6.26294200e-01,   3.22079143e+00,   5.20099313e+00,   7.70038292e-01,   2.24848478e-01, 
              3.33038620e+00,  -1.76261398e+00,   3.81607846e-01,   6.95762469e+00,  -9.76984227e-01, 
              4.16745534e+00,   2.27487417e+00,   1.45104350e+00,   4.44873065e+00,  -9.89716358e-01, 
              7.37690486e-01,   2.48953442e+00,  -9.77563521e-01,  -6.96002821e-01,   5.33799177e+00, 
              1.00923156e+00,   1.76122095e+00,   5.48554268e+00,  -2.69600355e+00,   1.22788139e+00, 
              1.46451447e+00,   1.88899391e+00,  -1.32246687e+00,   1.46980917e+00,   5.17431945e+00, 
             -5.72530443e-01,   3.21463564e+00,   5.18988586e+00,   7.39840013e-01,   2.15970343e-01, 
              3.25384315e+00,  -1.76749971e+00,   5.55100471e-01,   6.76689716e+00,  -9.82829418e-01, 
              4.21209386e+00,   2.47654642e+00,   1.30725479e+00,   4.39860339e+00,  -9.73336776e-01, 
              7.89079524e-01,   2.53049708e+00,  -8.87839301e-01,  -6.84153207e-01,   5.37568128e+00, 
              9.83209220e-01,   1.75021280e+00,   5.49881944e+00,  -2.82883142e+00,   9.79925208e-01, 
              1.29461859e+00,   1.96200364e+00,  -1.43823142e+00,   1.41402125e+00,   5.17887861e+00, 
             -6.37969758e-01,   3.30852379e+00,   5.07048894e+00,   7.49942214e-01,   2.04110236e-01, 
              3.27864102e+00,  -1.76463732e+00,   4.58984919e-01,   6.72567888e+00,  -9.28368539e-01, 
              4.24752469e+00,   2.43300370e+00,   1.12421123e+00,   4.36276149e+00,  -9.40340428e-01, 
              6.86228759e-01,   2.48221809e+00,  -8.45248221e-01,  -6.84761678e-01,   5.40536067e+00, 
              1.01600998e+00,   1.67992659e+00,   5.57327680e+00,  -2.62937330e+00,   7.22577159e-01, 
              1.19526636e+00,   1.66341168e+00,  -1.52934047e+00,   1.39355043e+00,   5.21081943e+00, 
             -5.82564457e-01,   3.26237048e+00,   5.02294870e+00,   7.25688984e-01,   1.73234861e-01, 
              3.18207363e+00,  -1.76592513e+00,   3.72360698e-01,   7.00253301e+00,  -8.84306707e-01, 
              4.14890192e+00,   2.41200377e+00,   1.23382919e+00,   4.32498608e+00,  -9.28771128e-01, 
              6.66543640e-01,   2.50030424e+00,  -8.06167984e-01,  -7.22085815e-01,   5.39418969e+00, 
              1.03415245e+00,   1.71289037e+00,   5.40435308e+00,  -2.80286949e+00,   8.96575338e-01, 
              1.25224513e+00,   1.59903406e+00,  -1.36653453e+00,   1.39006731e+00,   5.18329580e+00, 
             -5.60552578e-01,   3.26219720e+00,   5.00304521e+00,   7.53125116e-01,   1.73571392e-01, 
              3.21741881e+00,  -1.85093394e+00,   2.65999470e-01,   7.02516264e+00,  -8.40431244e-01, 
              4.40712856e+00,   2.56279049e+00,   1.16381594e+00,   4.22184551e+00,  -9.04685335e-01, 
              5.95667591e-01,   2.49770900e+00,  -7.69306103e-01,  -7.13504767e-01,   5.39775573e+00, 
              9.83112750e-01,   1.65141129e+00,   5.31064057e+00,  -2.79727581e+00,   9.80181190e-01, 
              1.27821446e+00,   1.63430873e+00,  -1.48479223e+00,   1.36170683e+00,   5.23465476e+00, 
             -6.46678288e-01,   3.24489331e+00,   5.02291137e+00,   7.04108983e-01,   2.08533984e-01, 
              3.24523071e+00,  -1.83030800e+00,   2.56538338e-01,   7.19028711e+00,  -5.88832520e-01, 
              4.19501654e+00,   2.58361136e+00,   1.36176232e+00,   4.27232865e+00,  -9.26337511e-01, 
              6.34034853e-01,   2.54833573e+00,  -7.50631802e-01,  -7.02140582e-01,   5.40738500e+00, 
              9.04318825e-01,   1.73703892e+00,   5.31653235e+00,  -2.63032135e+00,   1.01557823e+00, 
              1.43950644e+00,   1.70260178e+00,  -1.52210043e+00,   1.39428758e+00,   5.22467681e+00, 
             -6.54768152e-01,   3.23654793e+00,   5.01203021e+00,   7.62707142e-01,   1.92039742e-01, 
              3.28208638e+00,  -1.86928242e+00,   3.56352595e-01,   7.04420896e+00,  -7.11049556e-01, 
              4.26749736e+00,   2.39414484e+00,   1.41427214e+00,   4.22749021e+00,  -9.47283346e-01, 
              6.81326188e-01,   2.54327403e+00,  -7.68984264e-01,  -7.03150839e-01,   5.41332487e+00, 
              9.26419645e-01,   1.73479280e+00,   5.07401530e+00,  -2.57597107e+00,   1.15491445e+00, 
              1.28221374e+00,   1.65505656e+00,  -1.44230867e+00,   1.42762083e+00,   5.23159193e+00, 
             -6.01407947e-01,   3.16468954e+00,   5.07762757e+00,   7.49060041e-01,   2.07373394e-01, 
              3.26050828e+00,  -1.81556363e+00,   4.20719414e-01,   7.20087829e+00,  -6.62305090e-01, 
              4.30695642e+00,   2.53916533e+00,   1.44898038e+00,   4.27704319e+00,  -1.02312645e+00, 
              6.44708238e-01,   2.51677289e+00,  -7.82679244e-01,  -7.41571591e-01,   5.44189948e+00, 
              8.74744139e-01,   1.76755494e+00,   5.04270812e+00,  -2.74452564e+00,   9.11571524e-01, 
              1.37983065e+00,   1.84526997e+00,  -1.49420561e+00,   1.38032826e+00,   5.18312999e+00, 
             -5.76284097e-01,   3.14944746e+00,   5.11890996e+00,   7.38455057e-01,   1.59077949e-01, 
              3.22995265e+00,  -1.79504758e+00,   2.83956432e-01,   6.97841142e+00,  -1.02787601e+00, 
              4.10560852e+00,   2.44010870e+00,   1.61495224e+00,   4.29383012e+00,  -1.02015893e+00, 
              6.25692166e-01,   2.53109463e+00,  -8.55829419e-01,  -7.90707162e-01,   5.35738711e+00, 
              9.34372049e-01,   1.79267883e+00,   5.18816680e+00,  -2.84443210e+00,   1.02964279e+00, 
              1.36141963e+00,   1.76450633e+00,  -1.45902893e+00,   1.38841489e+00,   5.22487058e+00, 
             -6.48881537e-01,   3.08349015e+00,   5.19547132e+00,   6.89963924e-01,   1.71038446e-01, 
              3.30093620e+00,  -1.83611303e+00,   2.65174667e-01,   6.78526757e+00,  -1.36350254e+00, 
              4.09038056e+00,   2.63100513e+00,   1.40304150e+00,   4.29475097e+00,  -1.05513083e+00, 
              6.02479060e-01,   2.52184955e+00,  -8.58566104e-01,  -7.40565998e-01,   5.31538410e+00, 
              8.78243257e-01,   1.76892757e+00,   5.05792376e+00,  -2.69792804e+00,   9.55249266e-01, 
              1.30161040e+00,   1.57143627e+00,  -1.59061001e+00,   1.41066335e+00,   5.23345477e+00, 
             -6.61690964e-01,   3.15087229e+00,   5.20789491e+00,   6.73328719e-01,   1.73062893e-01, 
              3.30012175e+00,  -1.83196291e+00,   1.44476973e-01,   6.79673794e+00,  -1.31460323e+00, 
              4.28048200e+00,   2.72583949e+00,   1.55364840e+00,   4.30965505e+00,  -9.88894889e-01, 
              6.48399275e-01,   2.49621004e+00,  -8.27751838e-01,  -6.76560728e-01,   5.30648803e+00, 
              8.89175573e-01,   1.78549266e+00,   5.09236238e+00,  -2.65685516e+00,   1.03993019e+00, 
              1.17644897e+00,   1.53359251e+00,  -1.54103021e+00,   1.34035515e+00,   5.25386438e+00, 
             -6.58971691e-01,   3.08795441e+00,   5.27215905e+00,   6.99322970e-01,   2.21408981e-01, 
              3.36375421e+00,  -1.82623317e+00,   2.76825679e-01,   7.03060463e+00,  -1.48940753e+00, 
              4.22999786e+00,   2.80932267e+00,   1.40661120e+00,   4.30504927e+00,  -9.56309841e-01, 
              6.74374431e-01,   2.43825931e+00,  -8.80354405e-01,  -6.77414139e-01,   5.34139203e+00, 
              9.14683458e-01,   1.73231381e+00,   5.18767239e+00,  -2.86311173e+00,   9.70876001e-01, 
              1.20121416e+00,   1.49483056e+00,  -1.58842586e+00,   1.29826564e+00,   5.36279895e+00, 
             -6.47808047e-01,   3.13533244e+00,   5.22937165e+00,   7.13598769e-01,   2.04336670e-01, 
              3.39081192e+00,  -1.84195241e+00,   3.14634198e-01,   6.99939797e+00,  -1.35634723e+00, 
              4.34416525e+00,   2.65999352e+00,   1.45200275e+00,   4.29140960e+00,  -9.08161659e-01, 
              6.83558751e-01,   2.39838105e+00,  -8.42517841e-01,  -7.08970499e-01,   5.39634622e+00, 
              9.25627253e-01,   1.71591129e+00,   5.20573520e+00,  -2.97465635e+00,   1.00973339e+00, 
              1.05284368e+00,   1.53507266e+00,  -1.52879912e+00,   1.28395414e+00,   5.31542731e+00, 
             -6.39793503e-01,   3.14775693e+00,   5.26817748e+00,   7.24961974e-01,   2.35031720e-01, 
              3.36438103e+00,  -1.82341985e+00,   2.32710209e-01,   6.87241693e+00,  -1.38153438e+00, 
              4.23961436e+00,   2.65889392e+00,   1.51124882e+00,   4.25430559e+00,  -9.27948319e-01, 
              6.77388623e-01,   2.42735519e+00,  -8.73140077e-01,  -7.11988208e-01,   5.39826083e+00, 
              9.73421552e-01,   1.69597310e+00,   5.34750678e+00,  -2.94601782e+00,   1.19849858e+00, 
              1.06314895e+00,   1.80633373e+00,  -1.49361026e+00,   1.24269133e+00,   5.26219338e+00, 
             -6.79211777e-01,   3.15450240e+00,   5.26154861e+00,   7.35092009e-01,   1.49522801e-01, 
              3.38219058e+00,  -1.81336884e+00,   2.69201478e-01,   6.93712242e+00,  -1.27769847e+00, 
              4.23815373e+00,   2.56788792e+00,   1.39471753e+00,   4.34826055e+00,  -1.00309718e+00, 
              6.66686453e-01,   2.43502721e+00,  -9.00707768e-01,  -7.56757728e-01,   5.40715846e+00, 
              1.00600216e+00,   1.76629455e+00,   5.19142877e+00,  -2.95736750e+00,   1.16935341e+00, 
              1.01099474e+00,   1.68431558e+00,  -1.29913177e+00,   1.24566407e+00,   5.26818892e+00, 
             -6.13622454e-01,   3.16027768e+00,   5.22114676e+00,   7.21342931e-01,   2.09789603e-01, 
              3.32945358e+00,  -1.77642331e+00,   4.26348100e-01,   6.91807333e+00,  -1.16525334e+00, 
              4.20597436e+00,   2.37901606e+00,   1.40321399e+00,   4.32801294e+00,  -9.51162217e-01, 
              7.11052316e-01,   2.49855100e+00,  -9.10934427e-01,  -6.71410974e-01,   5.44451489e+00, 
              1.00880215e+00,   1.82841106e+00,   5.20632985e+00,  -2.92735642e+00,   1.06488908e+00, 
              1.29597338e+00,   1.40977448e+00,  -1.15862808e+00,   1.18006439e+00,   5.32218399e+00, 
             -6.37151569e-01,   3.16242080e+00,   5.21320300e+00,   7.36045173e-01,   2.43871728e-01, 
              3.34093125e+00,  -1.80939641e+00,  -1.88715921e-01,   6.92282395e+00,  -1.23117035e+00, 
              4.20845323e+00,   2.29990519e+00,   1.16960771e+00,   4.34729988e+00,  -9.89376440e-01, 
              6.96307378e-01,   2.47699140e+00,  -9.57913522e-01,  -6.78102789e-01,   5.50248413e+00, 
              9.56335423e-01,   1.80226032e+00,   5.35229877e+00,  -2.76403939e+00,   9.39796036e-01, 
              1.06183009e+00,   1.84370789e+00,  -1.31499007e+00,   1.16443609e+00,   5.31003110e+00, 
             -6.06431969e-01,   3.22676902e+00,   5.16551824e+00,   6.65509297e-01,   2.13199831e-01, 
              3.33582965e+00,  -1.84045996e+00,  -2.63336572e-01,   6.53694057e+00,  -1.05514067e+00, 
              4.28861745e+00,   2.14187753e+00,   1.35607400e+00,   4.35147106e+00,  -1.02106300e+00, 
              6.94484518e-01,   2.47126882e+00,  -9.48697070e-01,  -7.15621922e-01,   5.48311968e+00, 
              9.40156546e-01,   1.76311368e+00,   5.51409372e+00,  -2.83344735e+00,   8.14491301e-01, 
              1.15265891e+00,   1.97076830e+00,  -1.39589717e+00,   1.21316767e+00,   5.32790857e+00, 
             -6.02355242e-01,   3.17477563e+00,   5.19039746e+00,   6.04489748e-01,   2.29694898e-01, 
              3.34731222e+00,  -1.81918364e+00,   1.48718527e-01,   6.75146278e+00,  -9.86963814e-01, 
              4.53576079e+00,   2.47065628e+00,   1.31489222e+00,   4.38852566e+00,  -1.05692200e+00, 
              6.76930230e-01,   2.48251807e+00,  -9.86768077e-01,  -6.98718594e-01,   5.47232861e+00, 
              9.60089708e-01,   1.78228739e+00,   5.43133345e+00,  -2.69611244e+00,   9.42587441e-01, 
              1.26769010e+00,   1.75488597e+00,  -1.52771429e+00,   1.28093249e+00,   5.27572280e+00, 
             -5.78181540e-01,   3.13647842e+00,   5.18722690e+00,   6.90750057e-01,   2.04784175e-01, 
              3.31731596e+00,  -1.80564175e+00,   1.64549955e-01,   6.86393594e+00,  -8.84753093e-01, 
              4.59733892e+00,   2.45507088e+00,   1.07258584e+00,   4.38676636e+00,  -1.02025754e+00, 
              7.00905646e-01,   2.44637532e+00,  -9.43604899e-01,  -6.86421603e-01,   5.52118184e+00, 
              1.00400712e+00,   1.73012522e+00,   5.45291738e+00,  -2.99613511e+00,   7.98512838e-01 ]
         </q>
         <p shape='(32, 30)'>
          [   5.02946448e+00,   8.03420671e+00,   1.90808774e+00,   2.63266102e+01,   1.12487212e+01, 
             -9.07434415e-01,   3.82690883e+01,  -2.16709037e+00,   2.15917274e+01,  -1.75575016e+01, 
             -6.65764167e+00,  -1.73872129e+00,  -1.00418949e+00,   1.90234296e-01,   3.74441771e+00, 
             -9.89782054e+00,   5.23241815e+00,   9.43747210e+00,  -8.22136846e-01,  -1.80733243e+01, 
              1.70436802e+01,   2.45991905e+01,  -7.38627786e+01,  -1.12889483e+01,   1.20909108e+01, 
             -1.42988228e+01,  -1.55782188e+01,   2.34693569e-01,   1.10430888e+01,   3.97413600e+00, 
             -2.69357927e+00,  -5.03185018e+00,  -5.14677812e-01,   3.14646693e+00,  -6.52241500e+00, 
              2.38982173e+01,  -2.80071278e+01,   3.80557751e+01,   1.79099993e+01,   4.29119646e+01, 
              1.33597940e+01,  -2.76211693e+01,  -1.21994613e+00,   7.16749665e-01,   1.37248115e+00, 
             -1.07876152e+01,   2.33085590e+00,  -5.59744919e+00,  -5.42717910e+00,  -9.09245094e+00, 
             -1.55533736e+01,   1.88449127e+01,   1.11544873e+01,  -1.14087888e+00,  -5.40013559e+00, 
             -1.42334808e+01,  -2.83009624e+00,   9.83650573e+00,   8.17940809e+00,   4.55848412e+00, 
             -5.12093310e+00,  -2.71973976e+00,   1.37161300e+00,   1.58241079e+01,   1.05035252e+01, 
              3.48351543e+01,   4.84303814e+01,   2.62840078e+01,  -2.86469350e+01,  -2.07130265e+01, 
              5.82540351e+00,  -4.23953388e+01,  -5.87840927e+00,  -1.03166860e+00,  -1.35701838e+01, 
              6.37260591e+00,   9.65772567e-01,   6.85189104e+00,   3.22858389e+00,   1.73653328e+01, 
              9.43993233e-01,  -4.66448579e+00,  -3.22401742e+01,   1.82478615e+01,   5.49584646e+01, 
              1.70379373e+01,  -1.46615471e+00,  -2.32090169e+00,  -5.78838074e+00,   4.24699301e+00, 
              2.61902042e+00,   5.17368353e+00,  -1.41563833e+01,   1.57938187e+00,  -3.82410831e+00, 
             -1.68097230e+01,  -1.55259205e+01,   2.32573290e+01,   1.95699585e+01,   2.87528150e+01, 
             -2.94013910e+01,   2.36440049e+01,  -6.63708798e+00,  -6.51394537e+00,  -1.15568968e+01, 
              9.10460152e-01,   7.80460593e+00,  -5.66630089e+00,  -1.13344796e+01,  -2.76357997e+01, 
              9.23394941e+00,  -1.13673325e+01,  -2.59357165e+00,  -1.92025408e+01,   2.31029965e+01, 
             -3.74713456e+00,   3.98737203e+01,  -1.03753337e+01,   4.08774970e+00,   1.62955685e+00, 
             -1.28982646e+01,   8.04528891e+00,  -4.13212463e+00,   3.35135266e+00,  -2.79553101e+01, 
             -3.31327069e+01,   2.34240365e+01,  -1.91693328e+01,  -1.98486486e+01,  -1.24668545e+01, 
              1.63335681e+01,  -4.37514845e+01,   4.13428039e+00,   3.23436271e+00,  -1.87526195e+00, 
             -4.14007034e+00,  -9.50393711e+00,   8.93855615e+00,  -9.01598952e+00,   1.47652222e+01, 
              3.30648815e+00,  -2.32662676e+01,   7.10504597e+00,   2.20600067e+01,  -2.14857120e+01, 
              2.94679941e+01,   4.33769017e+01,  -7.23855073e+00,  -1.03502464e+00,  -2.59393091e+00, 
              9.31233756e+00,   3.24059640e+00,  -5.24848237e+00,  -3.93233318e+00,   1.05928269e+01, 
              5.04198455e+00,  -1.80829107e+00,  -2.98234440e+01,   1.67296840e+00,  -2.13359047e+00, 
             -2.81625880e+00,  -3.13081343e+00,   6.58236398e+00,  -1.53878665e-01,   5.80178498e+00, 
              3.91674227e-01,  -5.69871790e+00,   8.00568555e+00,  -3.17710585e+00,   2.50278522e+00, 
              1.69091019e+01,   1.19958164e+01,  -8.46864669e+00,  -1.62714211e+01,  -3.54928948e+00, 
              9.48309660e+00,  -1.46765061e+01,  -4.52721477e+00,   7.31743687e+00,   3.00588987e+00, 
             -2.45548549e+00,  -1.03651422e+01,   3.28241169e+00,   1.27662927e+00,   3.50570380e+01, 
              2.29678491e+01,  -5.59869259e-01,  -1.87003549e+01,   3.31645310e+01,  -1.55970237e+00, 
             -6.34133969e+01,   7.53225598e+00,   3.77449055e-02,   3.80191470e+00,   4.42557181e+00, 
              8.10919676e+00,  -1.03903953e+01,  -2.66123331e+00,   4.37674487e+01,   8.28723430e+00, 
             -1.27667465e+01,   1.54473385e+01,   2.01885574e+01,  -3.71256596e+01,  -1.33386328e+01, 
             -5.79791235e+00,  -1.26867543e+01,  -8.81550390e-01,  -1.69701743e+01,   5.11504431e+00, 
              2.45885275e+00,  -6.44884302e+00,  -1.30252325e+00,  -1.21406083e+01,  -7.39562942e+00, 
             -1.26894043e+01,  -2.68590811e+01,  -3.25952297e+01,   4.70489078e+01,  -2.68012899e+01, 
              4.50443751e+01,  -2.86907954e+01,   4.14117777e+00,   1.06785372e+01,   3.17135116e+00, 
             -4.63227984e+00,   1.87498842e+00,   3.60162785e+00,   6.31160055e+00,   9.84098686e+00, 
              1.49905668e+00,  -7.74761761e+00,   4.46285679e+01,   3.67821017e+01,   1.99499852e+01, 
             -1.05918810e+01,   2.39471744e+01,  -7.63032785e+00,  -9.60037516e-01,  -5.54847992e+00, 
             -9.51043879e+00,   1.99684318e+00,   2.25564352e+00,  -1.10462837e+01,   4.83583082e+00, 
              3.31455322e+01,  -1.10373272e+01,  -1.97574879e+01,   9.00798487e+00,   7.57461907e+00, 
              4.30666114e+01,  -5.68225458e+01,   1.14025293e+01,  -2.03300888e+00,   6.45561478e+00, 
             -2.95615706e+00,  -3.62320804e+00,  -2.59626630e+00,   5.46725472e+01,  -2.25285956e+01, 
              1.21755824e+01,   3.16803177e+01,   2.39333056e+01,   1.65481314e+01,   4.39074928e+00, 
             -2.46014760e+01,  -1.67787603e+01,  -1.02240248e+01,  -3.86443848e+00,  -2.43357648e+00, 
              2.36106440e+00,  -9.50958664e-01,   9.38791891e+00,   8.26545200e+00,  -5.09019557e+00, 
             -3.10156125e+01,   6.71238703e+00,  -3.35534133e+01,   3.58809716e+01,   1.58081869e+01, 
             -4.73137854e+00,  -2.54113161e+01,   1.30505760e+00,   7.56552051e+00,   3.14862980e+00, 
             -2.96445882e+00,  -1.24364396e+00,  -5.32589933e-01,  -4.92417274e+01,   2.17794238e+01, 
              4.75045030e-01,   3.09434880e+01,   5.49834723e+01,  -1.67125011e+01,   2.18450151e+01, 
             -1.93505809e+00,   1.67672703e+01,  -2.46567965e+00,   1.11108727e+01,  -3.57489046e+00, 
              9.61404240e+00,  -2.52860144e+00,  -1.48292258e+00,   1.94201530e+01,  -5.27194038e-01, 
              1.27463990e+01,   3.73343079e+01,  -1.41880978e+01,  -8.76949555e+00,   8.01889000e+00, 
             -2.32758970e+01,  -3.09721744e+01,  -1.23709882e+01,   1.07633017e+01,  -1.37194554e+00, 
             -7.17501825e+00,  -1.78349075e+00,   1.89165787e+00,  -3.32125122e+01,   1.42891164e+01, 
              1.01508797e+01,  -2.01142195e+01,  -2.67576780e+00,  -3.60518344e+01,  -2.16782690e+01, 
              3.68315670e+01,  -4.86921543e+01,  -1.15930979e+01,  -4.58205426e+00,  -3.45556300e+00, 
             -6.93888614e+00,   4.00593328e+00,  -1.14040388e+00,   1.38065206e+01,   3.35421875e+00, 
              1.22171780e+00,  -3.45760624e+00,  -3.85124880e+01,  -6.68607666e+00,   5.46392507e+00, 
              5.24528680e+00,   1.35052871e+01,   4.69561024e+00,   7.50651277e+00,  -1.23711719e+00, 
             -1.46612567e+00,   1.89533824e+00,  -2.18577874e+00,   1.35923859e+01,  -1.44829479e+01, 
              4.71433298e+01,  -9.59282843e+00,  -1.09173344e+01,  -1.07673948e+01,   1.73673463e+01, 
             -3.91336042e+01,  -2.25638966e+01,  -9.02306466e+00,   1.31897682e+01,  -3.09841718e+00, 
              1.57807759e+00,  -2.90592704e-01,  -3.30824088e+00,  -3.79750890e-01,  -9.42120157e+00, 
              3.22478613e+01,   6.16174804e+00,  -4.66381831e+00,  -1.44048121e+01,   3.32745696e+01, 
             -8.39600361e+00,  -2.39773187e+01,  -6.52914756e+00,   8.47883566e+00,  -9.60723160e-01, 
             -5.34950790e+00,  -3.14764951e+00,   2.24559419e+00,  -1.96252430e+01,   9.52786980e+00, 
              2.96690286e+01,  -5.58384870e+00,   1.34316846e+01,  -1.48688586e+01,  -2.95809513e+01, 
              2.22056950e+01,  -1.07897749e+01,  -1.52864409e+00,  -6.58536612e+00,   5.13150712e+00, 
              1.95951485e+00,   3.45320618e+00,  -7.40719943e-01,   2.51554318e+01,  -2.28826261e+01, 
             -1.77453978e+01,  -1.73567756e+01,   2.63714451e+01,   1.11778941e-01,   5.15260011e+00, 
             -1.90655569e+01,  -2.26136037e+01,  -5.43244914e-01,  -7.24752587e+00,   7.81501714e-01, 
              6.32976310e+00,  -2.95515353e+00,  -8.29743179e+00,  -8.18741911e+00,  -4.24151124e+01, 
             -2.88523138e+01,  -4.89807325e+01,  -1.46017872e+01,   7.04356119e+00,  -8.85065473e+00, 
              1.87673676e+01,   4.66432370e+01,  -5.78535471e+00,   3.20620466e+00,  -4.49752542e-01, 
             -7.77198453e-01,   5.09354910e+00,  -2.65289551e+00,  -2.73762975e+01,  -5.10948447e+01, 
              4.69930100e+00,   4.58470520e+01,   9.35317740e+00,  -1.91000582e+01,   1.58932775e+01, 
             -1.42548715e+00,  -1.00327241e+01,   1.16235786e+00,   8.86394804e-01,  -8.30572202e+00, 
             -7.15388091e-01,   1.71909807e+00,  -2.35846364e+00,  -2.36588271e+01,  -3.18023662e+01, 
              2.10853680e+01,  -1.44161084e+01,   1.67635209e+01,   2.20352290e+01,   7.38502327e+00, 
             -4.39051114e+00,  -4.20458965e+01,  -9.27186343e-01,  -2.22091193e+00,  -5.47740486e+00, 
             -5.78999289e+00,   8.93820129e-01,  -1.02604052e+01,   6.52586269e+00,   7.28629933e+00, 
              1.69187593e+01,   8.72089945e+00,  -6.47703244e+00,   4.33624815e+01,  -6.89955555e+00, 
              1.66787652e+01,  -6.69357419e+00,  -1.01794967e-01,  -2.90894091e+00,   4.44679052e+00, 
             -8.83358395e+00,  -2.79803993e+00,   1.19993852e+01,  -8.34759991e+00,  -2.94644488e+01, 
             -1.58452432e+01,   8.77849250e+00,  -5.13747339e+01,   3.61312202e+00,   3.36035961e+00, 
              1.81909901e+00,  -1.08240547e+01,  -2.12306178e+00,   3.90410735e+00,   1.32820543e+00, 
             -3.87041731e+00,  -8.41870153e-02,   6.40792727e+00,   2.55937941e+01,  -2.18312176e+01, 
             -1.84221334e+01,  -3.76527244e-01,  -2.32455652e+01,   1.90759844e+01,  -7.53984737e+00, 
             -5.95862771e+01,  -1.35996511e+01,   4.91247800e+00,   4.10210609e+00,   2.97204217e+00, 
             -1.43271603e+00,   1.03969192e+01,  -9.85795177e+00,  -2.30596680e+01,   3.96591421e+00, 
              3.68329414e+00,   8.12876727e+00,   5.21803330e+00,  -1.50923270e+01,   1.49355749e+01, 
             -8.54378277e+00,   4.21761616e+01,   1.39017272e+00,   6.86897177e+00,  -2.43634254e-01, 
              2.19550695e+00,   1.21777623e+01,  -2.80652670e+00,   1.34713611e+01,   7.43010683e+00, 
             -1.46104724e+01,   2.64545967e+01,   3.13446481e+00,  -2.56424112e+01,   1.18802901e+01, 
              7.36804287e+00,   8.87306655e+00,  -2.17792021e+00,  -3.94102539e-01,   6.50287968e+00, 
              1.91898318e+00,   1.69622431e-01,  -9.01754755e+00,   1.05870764e+01,   1.67166086e+01, 
             -4.17433509e+00,  -5.16663130e+00,   1.40770796e+01,   3.28695798e+01,   3.30963717e+01, 
              1.08275812e+01,  -1.31603288e+01,   4.54493665e+00,   8.53129242e+00,   3.14960380e+00, 
             -2.40132404e+00,   1.33018614e+01,   1.72487262e+00,   9.75612179e+00,   4.66345448e-01, 
              4.00672768e+01,   1.87308647e+01,  -2.18934851e+01,  -1.89297624e+01,  -4.98588839e+00, 
              3.93991379e+01,   3.19077394e+01,  -1.28934861e+00,  -6.56755468e+00,   2.15565192e+00, 
             -1.15752716e+01,  -2.34867895e+00,  -7.34749599e-01,  -1.23578997e+01,   9.01869357e+00, 
              9.77553367e+00,  -3.60493356e+01,  -3.83053692e+00,   5.60380675e+00,  -2.01438547e+01, 
              2.93820993e+00,  -2.53424490e+01,   7.92163999e+00,   1.64266888e+01,  -5.05207930e+00, 
              7.19060515e-01,  -1.09604254e+00,  -1.23460325e+00,   1.10580810e+01,   2.09826419e+01, 
              7.83082138e+00,  -2.97138914e+00,  -4.79176880e+01,   2.78389089e+01,   6.48889931e+00, 
              9.69862336e+00,  -7.80090418e+00,  -4.93586080e+00,   2.17869563e+00,   3.86960196e+00, 
             -9.48905464e+00,  -4.04811923e-01,   4.78444698e+00,  -6.20505737e+00,   2.57700164e+01, 
              2.01887394e+00,  -2.31981777e+01,  -2.93340066e+01,   8.33543986e+00,  -1.83454552e+01, 
              1.74894364e+01,   5.06993154e+00,  -2.88658228e+00,   1.20047343e+01,  -5.85748079e+00, 
              6.31969603e+00,  -1.21771446e+01,   3.56746861e-01,  -1.78512203e+00,  -1.67652292e+01, 
             -4.20606631e+00,  -6.97173003e+00,  -1.23055946e+01,  -5.88513003e+01,   6.14594519e+01, 
              1.99322248e+01,  -6.60673269e+00,   1.00188855e+01,  -9.35092442e+00,  -4.29027869e+00, 
              2.88573722e+00,  -9.89452517e+00,   6.12646221e+00,   1.13707670e+01,   2.29836243e+01, 
             -6.58152934e+01,   5.63893144e+00,  -1.57162233e+00,  -2.00346072e+01,  -2.32579412e+00, 
             -2.16428587e+01,  -2.98620949e+01,   7.34552680e+00,  -1.97097592e+00,   7.83910318e+00, 
             -3.18829425e+00,  -1.54980821e+00,  -1.13446074e+01,   2.38447084e+00,   3.01160603e+01, 
              1.06992665e+01,  -2.51642342e+01,   7.12963825e+00,  -4.93497888e+00,   2.84003958e+01, 
             -1.26022172e+00,   2.49977301e+01,   4.51092104e+00,  -1.21292643e+01,  -1.32540678e+01, 
             -9.21770715e+00,  -4.23152805e+00,  -6.72582403e+00,  -4.54989625e+01,   8.34419403e-02, 
             -3.17677111e-01,   7.84574528e+00,  -1.35191288e+00,   3.00091493e+01,  -3.49052204e+00, 
              4.53190918e+01,  -1.13632482e+01,   1.28997132e+01,  -3.72745323e+00,   3.02502522e+00, 
             -4.34258495e+00,   3.00063405e+00,   9.14580314e+00,   1.30499926e+01,  -1.33587916e+01, 
             -1.77567295e+01,   2.76750794e+01,  -4.49205707e+00,  -1.55083485e+01,  -2.50447218e+01, 
              1.63508923e+00,   3.85353510e+01,   9.79987765e+00,   6.82198340e+00,   2.14776373e-01, 
             -7.53422237e+00,   4.77208227e+00,  -7.34859307e+00,   6.87447052e+01,   1.22269805e+01, 
             -2.26661523e+01,   1.53217189e+01,  -3.82640242e+01,  -1.12771406e+01,   1.40217114e+01, 
              2.08098723e+01,  -1.68673013e+01,  -4.15434725e+00,  -8.29143810e+00,   6.35784639e-01, 
             -1.33921917e+01,  -4.85368882e+00,  -6.43021903e+00,  -4.30817109e+00,  -3.97539412e+01, 
             -2.67533401e+01,   2.42208578e+01,  -3.62068398e+01,  -8.19444472e+00,  -1.35706134e+01, 
             -3.85894551e+01,   1.65629808e+01,  -1.32186282e+00,   3.13289313e+00,   1.09895825e+01, 
              8.75315490e-01,   1.79505803e+00,   5.19842427e+00,   2.47772567e+01,   7.82211582e+00, 
              5.32365555e+01,   2.17327064e+01,  -3.49838318e+00,  -1.38951537e+01,  -5.57490862e+00, 
              5.93755498e+00,  -3.38481059e+01,  -4.71478320e+00,  -9.09597491e+00,  -5.57890975e+00, 
              3.66091964e+00,   4.42854564e+00,   2.58640521e+00,   3.24292211e+01,   2.33111155e+01, 
             -1.11788186e+01,  -3.51843961e+00,   1.08845456e+01,   4.72029946e+01,  -1.16747423e+00, 
              1.97927454e+01,  -3.31887384e+01,   6.63520690e+00,   3.40877533e+00,   2.25885298e+00, 
             -6.94219655e-01,   2.83121720e+00,   3.51532847e+00,  -2.16325461e+01,  -3.90822431e+00, 
             -1.74830628e+01,  -1.32099420e+01,   5.16781250e+00,  -6.91197504e-01,  -2.62676610e+01, 
              7.69391951e+01,  -1.19825628e+01,  -2.43651768e+00,   3.00402930e+00,  -8.59271450e+00, 
              1.21356055e+00,   1.22781984e+00,   4.64027850e+00,  -1.28218535e+01,   8.34111912e+00, 
             -1.98561018e+00,  -3.24780360e+01,  -1.62787752e+01,   8.67909292e+00,  -3.21947232e+01, 
              1.97083136e+01,   1.78670887e+01,   4.29680805e+00,   4.13078858e+00,   4.90411835e+00, 
             -4.43586806e+00,  -1.01540746e+01,  -6.88212265e-01,  -2.38903234e+01,   1.14162404e+01, 
             -7.63409505e-01,  -4.60829839e-01,  -2.15140124e+00,   3.24265404e+01,  -9.06119220e-01, 
              2.88290314e+01,  -3.86493595e+01,  -1.01830745e+01,   3.18053924e+00,  -2.57814467e+00, 
              7.82006508e+00,   1.66178174e+00,  -7.39513073e+00,   3.06718484e+01,   2.60028838e+01, 
             -1.07406155e+01,  -7.94377686e-01,  -1.43321879e+01,  -3.77154963e+01,  -2.35585593e+01, 
              3.44355548e+01,   3.29432476e+01,   1.28202839e+01,   4.02189901e+00,  -9.18176220e+00, 
              4.15559118e+00,   4.85930722e+00,   7.19202286e+00,  -2.13738528e+01,   2.57608296e+01, 
              2.00528893e+01,  -1.54273790e+01,   2.37315064e+01,   8.66162700e+00,  -3.33064978e+00, 
              3.96676478e+01,   1.64969753e+00,   8.19183995e+00,   4.22972415e+00,  -8.21926740e+00, 
             -4.17970292e+00,  -3.13973968e+00,   1.04164661e+01,  -2.18774439e+01,  -2.07183516e+01, 
              5.14462317e+00,  -6.32063977e+00,  -1.78592648e+01,   3.93831542e+01,   4.99304303e+01, 
              3.48517901e+01,  -2.83371556e+01,   8.76905016e+00,   1.85676943e+00,  -4.00480566e+00, 
             -4.89432234e+00,  -4.56103429e+00,  -1.47152390e+00,   1.96792573e+01,   1.31329999e+01, 
              1.42636114e+01,  -4.05491465e+01,   1.68414010e+01,   1.22412883e+01,  -1.81244790e+01, 
              1.63103254e+01,   1.98886615e+01,   2.63445874e+00,  -4.85625963e+00,  -3.08191122e+00, 
             -2.47760780e+00,   2.61611230e+00,  -1.12675307e-01,  -5.75997635e+00,  -1.87072947e+01, 
             -3.87861288e+00,  -4.51763965e+01,  -1.87664816e+00,  -2.22347651e+01,  -3.21408095e+01, 
             -8.75235358e+00,   2.75688993e+01,  -3.95307691e+00,   2.62404367e+00,   9.71644312e-01, 
              5.28188889e+00,  -4.08169605e+00,  -5.24110967e+00,  -5.17672274e+01,   2.84433473e+01, 
              2.75345348e+01,  -6.38012849e+00,  -2.20278514e+01,  -6.34960611e+00,   6.54501281e+00, 
             -7.55050152e+00,  -2.42160706e+01,  -4.77942585e+00,  -4.69764255e+00,  -5.10802269e+00, 
              5.66624782e+00,   4.53623758e+00,  -1.05160893e+01,   3.38103337e+00,  -3.14303274e+01, 
              1.33512849e+01,  -2.59618749e+01,   3.33341720e+01,   4.37323319e+00,   3.22165698e+01, 
             -1.74585734e+01,   1.54073917e+01,  -1.08074985e+01,  -1.04673572e+00,   2.22528849e+00, 
             -1.24242339e+01,   5.31157680e+00,   2.37059411e+00,  -8.68014093e+00,  -1.01121403e+00, 
              1.10014229e+01,   2.74332144e+01,  -7.30431402e+01,  -1.14720758e+01,  -1.02324205e+01, 
             -3.84604965e+01,  -4.45568032e+00,  -6.25513378e+00,   3.98716294e-01,   6.36152916e+00, 
              1.33096649e+00,  -9.95732542e+00,   2.76302887e+00,   2.58052830e+01,  -2.43460001e+01, 
             -5.54753454e+00,  -2.29327195e+01,   3.06179380e+01,  -3.44803773e+00,  -2.11674356e+01, 
             -4.80437305e+01,  -1.32663862e+01,   5.85878341e+00,   4.00081485e+00,   4.48788343e+00, 
             -7.60882103e+00,   5.97360280e+00,   1.81906182e+01,   6.97296873e+00,   6.16455708e+00, 
             -4.19535363e+00,  -6.02195237e+00,   1.37152745e+00,   2.03887982e+01,  -2.55862699e+01, 
             -1.62262261e+01,   1.86328722e+00,   4.03572707e-01,   2.20964458e+00,  -4.33468312e+00, 
             -7.06769840e+00,   8.08567236e+00,  -7.08759038e+00,  -1.51491693e+01,   3.82557691e+01, 
              2.17222916e+01,   7.11901615e+01,  -3.47643597e+00,   2.61577260e+01,  -1.97720837e+01, 
              3.03825591e+01,   3.40312417e+01,  -9.06148368e+00,   3.72515155e+00,  -5.15637422e+00, 
             -8.41053077e+00,   4.60923295e+00,   6.61471519e+00,   1.34782455e+01,  -2.79009506e+01, 
              2.10234078e+01,  -6.57394917e+00,  -2.19566397e+00,  -4.01435085e+01,  -3.03251890e+01, 
              2.15404615e+01,   2.37939129e+01,  -4.29847669e+00,   1.16211824e+01,  -4.86460403e+00 ]
         </p>
         <m shape='(10)'>
          [   1.83736223e+03,   2.18941669e+04,   2.91651223e+04,   2.91651223e+04,   1.83736223e+03, 
              1.83736223e+03,   2.18941669e+04,   2.91651223e+04,   2.91651223e+04,   1.83736223e+03 ]
         </m>
         <names shape='(10)'>
          [ H, C, O, O, H, 
            H, C, O, O, H ]
         </names>
      </beads>
      <cell shape='(3, 3)'>
       [   5.66917830e+01,   0.00000000e+00,   0.00000000e+00,   0.00000000e+00,   5.66917830e+01, 
           0.00000000e+00,   0.00000000e+00,   0.00000000e+00,   5.66917830e+01 ]
      </cell>
   </system>
</simulation>
